   19.474748481995615        6.5300266453620583        16.419745704347452     
  -2.9344071138618258E-003   8.3340150738934624E-002   9.8240029452428768E-002
   13.383915820486344       0.44491166840621083        5.5784151599081921     
  -2.9323316440643513E-002  -7.5778158141125582E-002   2.5810229652240415E-002
   4.7685916540581710        17.427522405206254        20.667218501339793     
   4.7383413563724767E-002  -1.1662699361347133E-002 -0.13832427362482375     
   11.637659460581887        2.9868264475334243        11.929411862151035     
  -1.5324411153501822E-002   1.1292545019060852E-003  -3.3794512776263996E-002
   13.259952128217547        10.279080898751403        20.996809760219346     
   7.3540905212609115E-002   2.4215267288697603E-002   3.8086521197477109E-002
   13.638654225318584        3.6197862950877355        17.652302204895516     
  -9.1208452897995437E-002   7.3959434229884324E-002 -0.10965592996410010     
   7.8202306183671739        23.471149194067660        25.886662624510379     
  -4.6146939895123418E-002   2.8383821999894514E-002   2.1255172746933351E-002
   18.736247658786930        25.677719641412263        21.694109773593940     
   2.9906134069844032E-003  -8.1950385780137344E-002  -1.9011569912460342E-002
   6.8323614243996307        2.2935225384722120        25.048267844069514     
  -2.2423413405995723E-002  -4.9915445115417900E-002  -1.0927524612699272E-002
   6.3683942682543337        8.8715628129066566        9.4314948378750163     
  -3.0899542802963090E-003  -2.7772757423110590E-002  -4.2788943992544959E-003
   25.476424605245359        22.160847219002022        7.9133025127905343     
  -4.6620716403621885E-002   1.5355380822875409E-002  -1.6338834367944061E-002
   18.539597906924890        6.2206359433266680        4.6730152717687652     
  -6.3350273283775058E-002   6.5597354736824404E-002  0.14307901380916149     
   22.881928411911620        1.5290583095570438        18.121365187649122     
  -9.3837393553617088E-002   7.3099346296329262E-002   6.0632597421443085E-002
   20.103687857715133        1.8449246048374133        16.040664949614680     
   2.0902716333157472E-002  -2.2513189119341005E-002   7.9759391609751082E-002
   12.923563352826509        24.280667293437713        3.8719752405561483     
  -5.1776572587287330E-002  -8.3393072858806826E-003   6.5372760130133184E-002
   20.515122885123429        6.1888668689813855        9.9214584612103174     
   6.7376076950036862E-002   7.4887992737498757E-002  -3.8277276818097852E-002
   9.8582615274301890        20.653479752908286        12.664094664076933     
  -4.3604614054653310E-002  -1.7169131630579437E-002  -6.2392198308048673E-002
   13.656269268267373        24.448348220090065        23.754650495602192     
  -3.7407904549013388E-004  -5.1403694089914791E-002  0.10292618792074289     
   7.4215819037174660        8.9944953396558578        12.516545126693044     
   6.2971618379036823E-002  -3.7600805195495357E-002   4.9612687095441789E-002
   23.430727245236213        5.3146818701145442        2.1876862721614980     
  -1.7267990144013230E-003  -7.7245750993027537E-002   2.1840921126218459E-002
   5.4697995920083349        20.835774783039795        25.935846187453567     
  -4.7397565470364209E-002   2.6837017799072545E-002  -1.0017443307324511E-003
   1.9782024310202533        25.602352115447434        26.416395502768722     
   4.9813509339746327E-002   7.1516296539437793E-002  -5.0238991994200635E-002
   26.901632655540727       0.82191091755597756       0.62822421110706694     
  -2.4229367215252293E-002  0.10402721129014980       -8.0948312458244600E-003
   23.623513633000808        6.4141987642722453        8.2127380587236658     
  -9.1964466300236344E-003   4.0382973025690029E-002   3.0062248284550425E-003
   23.608311043590589        22.178640000566688        17.872255843197269     
  -1.9537043002018327E-002  -3.6756250943099579E-003   7.5175670775588926E-003
   1.9344892501042121        20.924745952405665        9.5270179592401103     
   2.8040169939381868E-002  -2.8009975889960900E-002  -3.1242655798272401E-002
   15.247917464894186        21.098650594621695        25.196222459197894     
  -7.8674366727104102E-003  -2.4848728456435366E-002  -2.2998670148570256E-002
   13.817323317314685        26.357688340614185        13.717937433473406     
  -3.8598713989389396E-003   6.9021405797666274E-002  0.10584933504036985     
   4.3450493810060973        8.0604589051673230        17.869872531155842     
   7.5630769545213333E-002  -6.4205598549998480E-003  -5.1577076312385235E-002
   6.2761654748191651        9.7137988104791511        5.4636096952406561     
   4.2304063281557960E-002  -7.3847263805941116E-002  -9.0998288834093846E-003
   13.694286281353138        17.940142004963235        7.6347071269453508     
  -5.1951854354359887E-002  -3.2668318203847573E-002   1.7499684252686571E-002
   5.9777157209096412        18.249998614451876        2.0928600563805095     
   1.4812365768279698E-002   1.6086301700767098E-002  -2.2803270006338642E-002
   13.671170399081317        17.554645993327181        11.145989737758070     
  -3.0514031916877198E-003   1.9206445069889295E-002  -5.1041758644314074E-002
   17.551974163202569        1.4771870798272406        6.0379383672761566     
  -3.9546489753262484E-003   5.0712229864991611E-002   4.4535071312891465E-002
   2.6635497965464694        2.1102249448610189        1.3554856741993642     
   7.1666965347726125E-002  -9.6802648841914807E-002   7.2819196078161674E-002
   16.105561065015213        20.787624619143823        7.0392948683745402     
   4.0751566530503732E-003   3.5411544963589753E-002  -4.0562958944194503E-002
   11.760826102214843        7.9898713755471595        25.915725876294882     
  0.10396052847354520       -3.3928197029148115E-002   8.3142315318918789E-002
   16.111952702641798        22.736302471221958        18.994332348949044     
 -0.13551648389344209        5.3443067750656569E-002  -1.0143246625554631E-002
   5.1584240273572179        16.653629343041946        23.835707289442329     
   7.2226756279438031E-002   4.0347995946291973E-002  -9.0452533740366631E-002
   25.197420375049294        21.329611829286648        3.0498058065893652     
  0.11716871887169830       -2.0179930624853990E-002   7.6617931039597700E-002
   9.3253758380878491        18.375125122097501        15.192554427676749     
   3.8385640337257172E-002  -3.3558526216927252E-002  -3.3981870502437533E-002
   17.314291956455332       0.17259333585758327        14.632355611331965     
   4.1587332769975761E-002  -4.4638971047100205E-002  -1.7946127485112279E-002
   26.190361987519594        26.044475558762688        12.251237691833349     
  -5.9838859614640492E-002   5.4229996092369309E-002  -3.2279549760157455E-002
   15.843336724552357        19.274294262995031        13.443609586703403     
  -3.7072420579882409E-003   1.8479938113053467E-002  -1.6676498347726547E-002
   15.503216612148304        2.0557226581083099        3.2626254179163965     
  0.10238618395613906       -3.9867078439433143E-002  -5.1679886255701239E-002
   26.327422328211824        16.132149045937318        9.8340582398923253     
   1.8012765469376014E-002   4.8125276120697898E-002   5.3956114427847632E-002
   3.6224478536130831        7.9289972456320417        12.752058206608005     
   5.0431693386972370E-002   8.0443156406672461E-002  -4.4121756183875989E-003
   6.2487514832851145        2.5484940067673079        1.1312302009922888     
  -1.5149208132443697E-002   5.2469658896725821E-002  -9.5564927143775208E-002
   5.5954334866860362        3.1577111200098473        14.484327639460233     
   5.9213800173226770E-002 -0.10965847076670368        1.3850282249693351E-002
   6.6957076201391450        2.1998086132015358        7.5722647372790552     
   7.1238197348624507E-002   6.4801060285985630E-003   1.9919465086976257E-002
   18.255998687879313        20.817086959158352        26.629043138492314     
   1.4067968431114342E-002  -4.4703241413592026E-002  -3.4625035532165525E-003
   13.338664083446789        23.826544761845160        16.295764041758574     
  -1.1226877945851548E-002   1.1681422571154244E-002  -2.8317126754163025E-002
   20.056908667513447        15.698949460315122        14.065288086477988     
  -9.4879143578262565E-003  -9.3663939589124483E-003  -2.9980297822869387E-002
   19.554617514283542        10.548675833098564        18.451933243525165     
  -3.4867550803955281E-002   1.5956217591921111E-002   4.0534460318435522E-002
   24.333112369081771        4.3571829528366148        10.985704105190996     
  -4.9554397989263171E-002   9.7939283654978657E-002   2.6108589172704120E-002
   26.916369270622489        26.616209534148339        15.306026228202654     
  -6.0308665730360329E-003  -3.7831046506590894E-002   1.8496582531371106E-003
   10.378494754665368        25.543689281370234        5.5299507585242269     
   5.9905019311058731E-002  -1.6793972944205763E-002   7.8213407827117151E-002
   21.716059289934751        16.523410000996705        17.446955949606913     
   6.3132263842271621E-002  -1.4556192132594063E-002   1.0562483249754871E-002
   18.949438407540487        14.150204167233067        18.080957724137093     
   3.7749201389099700E-002  -1.2912043422291240E-003   1.0476677043077922E-002
   12.323676910470951       0.42655772131670816        26.548749705330444     
   9.6808461851189090E-002   2.7308502484109015E-002  -4.2300531275803396E-003
   1.9537325523945701        16.315611935216829        14.924107732332248     
  -2.8345880335020491E-003  -5.4755306344991282E-002 -0.10055494252861459     
   4.2505759510317809        13.419425620428958        4.6516667228833910     
   6.9421607100352391E-003   2.3619427240372033E-002   4.5910574804504320E-002
   19.263812016217639        6.0040646978477366        22.924760767818508     
   2.5220844426353313E-002   6.9394872168338090E-002  -8.2475458487767730E-002
   17.156229091392138        10.317916923207632        5.0655227424053964     
   7.7818674960897696E-003  -6.5135210828839191E-002   4.4449297784917415E-002
   8.8480352066430310        12.435789957265733        10.860971960206518     
  -4.3827404690162733E-003  -1.3088075401244926E-002   1.0577458737204224E-002
   19.510089081830259        19.976200883332009        11.751286866307790     
   4.4317996889167550E-002   3.3995731639388967E-002  -5.2228130210704792E-002
   17.569529646792429        5.6773221915146115        27.019150120728206     
   3.8120237399507734E-002  -1.5299805019905627E-002   4.1388829436676149E-002
   13.739798102788974        13.951092439653708        18.524014900075692     
   5.1775238052914084E-002   3.8602116847308021E-002  -2.1228899482949386E-004
   16.455180579572303        5.4351765585306833        6.8870205876037920     
  -1.0077586260784494E-002   3.8555804462623612E-002  -3.4930218723301029E-002
  0.92492079022121299        3.2520834937424143        20.821091667836850     
  -1.5290545248659410E-002  -1.0955592856385313E-002   8.6172035892178062E-002
   16.364474543344613        19.639579425051785        19.932978329562186     
  -4.0734109953722779E-002   7.1518328278548815E-002  -2.5319927052180894E-002
   17.058741136645736        5.2680269297296780        19.783615373572943     
  -5.6740144344963925E-002  -1.0604971977734414E-002   6.2466678513497381E-002
   18.656244903840040        26.297110108741201        11.301150541664986     
  -3.0608664374290492E-002  -2.4854710120077807E-002   6.8008652803537961E-002
   26.722487697593237        18.465414530627733        12.941476498137417     
   3.0782510060674749E-002  0.12877611679862913        5.5052272615781384E-002
   11.049514221283170        19.674645030626024        20.052528818869973     
  -7.7824226764499072E-002   5.9889967190599339E-003  -4.2145519370112058E-002
   5.2395086344197903        6.0144446018521975        20.448048474767560     
  -1.9079502691310188E-002   4.8938328806359968E-002  -6.3304945553700448E-002
   15.754804345142698        11.788418905267665        24.152245233961938     
   2.1381917544096345E-002  -5.8484158201517492E-002  -1.5990191696544451E-002
   11.340103808108534        17.158708480503037        17.658719813383755     
   6.1979932661084508E-002  -6.9633340374518557E-003   3.1179568210902158E-002
   22.924660327179176        26.411512973099772        10.719966002890287     
  -6.6310621970031250E-002  -2.9966107508857490E-002  -2.0019503438203193E-002
   18.463983137810793        3.0806709241357195        22.197558924069160     
   1.0181456389746621E-002  -2.5509080989990916E-003  -2.8246628965687373E-002
   5.5712107190431661        24.236963005244085        14.021252716130689     
   1.0445862882235471E-002  -5.4905409800575379E-002   6.9228214532127495E-003
   24.910998508967779        8.1883294562447517        10.655443172011358     
   8.7314908135126698E-002  -2.0011876368610668E-002   4.4147383080573907E-002
   8.1169828077741624        20.068988936162082        18.113427036694219     
  -8.6382922448685236E-003  -3.7394782595338828E-002   3.1521802310141483E-002
   15.853764975597334        1.6759230326305794        11.700173455883048     
  -8.4899817792439512E-003  -7.2474092056884182E-002  -1.0829117647775917E-002
   8.3588767513423630        8.0008860135599384        24.172583207048000     
   7.6049034440612354E-002   5.0297002329969732E-002  -7.8378745156745880E-002
   21.474237989354929        18.009072234610166        5.2605948368618431     
  -6.8854352786571316E-002 -0.11918137086449138        6.1435998472586850E-002
   17.334079958245166        12.771805205489148        13.427357936776094     
  -1.6861909449591306E-002  -5.2595536538586219E-003  -1.4864563849529180E-002
   7.3195203818374850        12.246070254869672        17.797416771874772     
   2.8817455970252476E-003  -1.1383309697855464E-002   3.1059046448461403E-002
   23.822472734581090        14.140785967012881        10.884845960671408     
   3.3844597353202381E-002   6.0046216408237311E-002  -7.6307957432916448E-002
   8.8938400226124017        26.567482676364676        20.404996564154370     
   9.5437426297712125E-002  -1.4202566206779777E-002  -2.0108869914833565E-002
   19.791458841684452        9.4321440594315611        6.5909326198885179     
  -7.7781462724942144E-003   8.5301830672364787E-003 -0.10741513838591531     
   12.125541814248749        21.251123439454044        25.622236479135250     
  0.10527020841113828        8.3025019785234647E-002 -0.13197948962010764     
   17.846862503807870       0.63110278391273233       0.80697645963440445     
  -4.3614948366853680E-002  0.10930040356589564       -5.6797875500621785E-002
   9.6778888863021315        15.287925504317885        8.2520540025730824     
  -2.2275553704836790E-002   2.5918996410376167E-002  -1.7154922003525742E-002
   10.394262910341221        5.8374363568858270        1.7226668200353465     
   1.9992709621049334E-002   2.8739345239850184E-002   2.0454944589620282E-002
   20.618636048111725        12.089565735133105        15.628162886038728     
  -2.8567565520317112E-002  -4.3506112163885627E-002  -1.1875561465273644E-002
   4.4824358493958769        13.692248985985433        15.254725183742700     
  -6.6566456228191800E-003  -5.0317014785781732E-003   2.1263508235676118E-002
   17.011116107573844        17.819117066205820        8.8754050042889165     
  -4.4730564658213852E-002  -3.8852569883782329E-002  -1.8077648487975741E-002
   23.821774621674386        15.475359268036540        2.4676447523134892     
  -7.5180129771339602E-002   4.9234212142924547E-002   4.3625099310294043E-003
   22.518023306362281        10.602222118603722        20.669157032940547     
 -0.11389535020080810       -7.7804561607870250E-003  -4.5120362378357301E-002
   9.1053696348371957        21.609618957852618        5.5323191550038429     
   3.9196382909101983E-002  -2.4357352717545414E-002  -9.0198891991451327E-002
  0.96494765189486642        18.411696301993675        25.833031573513438     
  -4.4962003306280279E-002  -1.9673661378931300E-003  -6.9633329639453775E-002
   8.3164987479934069        1.5070136094244528        17.210641391973347     
   6.6109428898595390E-002  -2.2859473456669232E-002  -2.5628599530438681E-002
   19.119198875098853        21.646906609181446        20.801824844789845     
   1.3114140818832611E-002  -8.6224111364294989E-002  -6.0616321231667616E-002
   2.3569515330922628        8.2807020904655779        8.9441236803927797     
  -9.2554792866590633E-003  -9.0567571418443377E-002  -2.7104071407664177E-002
   21.823354203689835        7.7931352471580571        13.135883730586215     
  -3.7820435608076991E-002  -2.9333415131003990E-002  -1.5736257418554212E-002
   6.7589399469929266        13.162025307435272        8.1080928150573968     
  -2.7209327548436444E-002   3.5361383335131356E-002   3.2995307186277794E-003
   11.294531340283990        25.825176441163563        17.920973713049484     
   3.1003018482811378E-002  -8.5223583147418333E-002  -5.0088254197358247E-002
   9.5391228987844414        15.821119346770004        12.897502026544549     
  -3.5391001805194229E-002   2.0007900655556399E-002  -2.2397155848602635E-002
   9.9487169311669703        2.1947249808392724        3.7954553228797567     
   1.6870053821297328E-002   2.7718188662243973E-002  -2.4881983094239963E-002
   15.023779155497438        24.888254045487798        6.3891575807857937     
   1.4938619289934982E-002  -5.8597059695479362E-002   1.2062553007696347E-002
   11.612084396721471        18.558685746533886       0.66926839415435868     
  -1.9637434091648347E-002  -6.5047585036281108E-002  -7.6369790937171125E-002
   1.2519328277358246        10.796945823105968        11.432207658309920     
   8.6664351906285977E-002  -7.4449323142508517E-002  -2.4002804018449689E-002
   6.9224110907065102        20.777549430792362        14.243957525520287     
  -3.3314163856694194E-003  -2.0813873230105223E-002   1.7357713406912830E-002
   18.986160315911924        23.763813662778407        1.7352481592850439     
  -3.8970517622334923E-002  0.10751167263703321        4.0272204693301707E-002
   15.503982373796418        14.587108161414168        7.3609323647560494     
   9.4594393368067298E-002   4.3721146871221958E-002  -5.7500162093311623E-002
   18.919020993895451        12.378684089800474        3.0502830948730857     
  -8.1774382649363153E-002  -3.9444279043658402E-002  -1.7560377796771290E-002
   25.647672531279039        24.103238781682148        21.124087080812078     
  -5.7587866688968488E-002   9.1029193838187111E-002  -7.7420437939639736E-002
   11.223580683802535       0.92518687357632701        15.420604909748130     
   1.1910966265199762E-002   2.2760425599639505E-004   5.6870904214008637E-002
   16.250317686946389        8.6770758543311786        25.713735049559308     
  -5.8816359898696075E-002   9.8934453952077318E-003  -8.7606177668946073E-002
   21.545724656249487        15.676528351475543        23.325203626903090     
   3.2854618885678095E-002  -8.2472019123337167E-002   2.9035429021564734E-002
   3.9938440073826671       0.84332047692611178        5.0781776375328098     
   5.1307251995181075E-002  0.11828082836012822        1.7505368367189376E-003
   17.396618716639473        16.046784146550966        12.103668951245590     
   6.3666567930757048E-002   5.6652505614381350E-002  -3.1864888308701558E-002
   9.8418189598744146        23.782138403408535        22.776403132963722     
  -3.7686712593393464E-002   1.2882033294372795E-002   3.7451227819952478E-002
   10.102801899139250        4.5149097154769828        18.448491638050964     
  0.13864018019445168        2.5267290666725634E-002  -9.1127028385901490E-002
   12.268274691863281        10.130654124888979        10.356899109846948     
  -1.7733315944581787E-002  -4.6249812045931711E-002 -0.13975495886662662     
   8.7730173052802343        1.9481352969440973        10.501889724344275     
   7.9892115657680743E-003 -0.14050695885360834        2.4268449325297876E-002
   17.793300110313602        3.6121023122054847        14.010331220665863     
   1.0329443166192370E-002   1.7409467770285920E-002  -3.2800251554590105E-002
   4.2927906757262502        19.015787162006639        8.2851660992895280     
   2.9129816874273927E-002   3.9031134548387345E-003   6.1903919498326979E-002
   23.190505089104910       0.88713654488604599        14.779473429874562     
  -4.4094849977663858E-002   4.9872972392337733E-002  -6.6475188803718693E-002
   12.522861967245984        13.172292045598512        22.756177767635066     
   7.6324004254412206E-003   4.5448834757589381E-002  -8.3111249901843993E-003
   9.5364868072898830        10.397394369084013        15.808040336968448     
   7.8759210678163438E-003  -8.4359662686332909E-002  -1.1996794760238846E-002
   21.721272999690665        22.448914908835636        2.3727926222124074     
   3.2804931918877012E-002  -3.0999861448718379E-002  0.11929600055811876     
   24.877844436185129        25.009716127767618        1.4084900706653509     
   2.1760108983023243E-002   1.1690280660472717E-002   5.8791444153862898E-003
   18.982705838588661        24.682134085735854        5.0809940146141388     
   2.7845524044039019E-002   1.1158884971271814E-002   3.6529215535860112E-003
   10.736223528467963        22.087547466300656        2.4609565255816879     
   1.7055747680301887E-002   4.5124275064793773E-002   7.4820996395568579E-002
   16.409988527209109        12.323700628599545        16.845276762553656     
   5.4038972879264985E-002   7.7071767819349463E-002  -4.7581989085457743E-002
   9.6710009856599850        8.2189404655112579        9.9368195775780102     
   6.8407243625774397E-003  -1.1449389355588580E-002   1.0269586124042523E-002
   23.500515019470257        23.201025823114332        5.3682398561194198     
   2.8285512592774450E-002   3.8656477360741917E-002   4.0923009223669440E-002
   5.3243653373072064        2.8454608374214083        10.828000016831727     
   5.9067390878617676E-002  -8.1051768517373862E-002   8.1436001133313216E-002
   1.1214222526294451        17.878937406720670        7.1461961336212889     
   2.7604831528692909E-002  -6.5546818633633042E-002  -3.9101684702652136E-002
   11.392074359726035        13.347592144712197        6.3348599583309024     
  -2.0578901290497043E-002   3.9997056063081262E-003  -6.5086288505155063E-002
   4.7983778397497359        6.1927485538081690        10.309218723789332     
  -5.1309447933324676E-003   3.2252190459392448E-002  -2.0566780047133876E-002
   20.087478098423990        4.3010814872281173        25.768296917210655     
  0.13350387723383200       -7.3148305452767556E-002  0.14071853528023190     
   23.206627681705879        5.8167662817098700        23.568213621436982     
  -1.5488288927492736E-002   6.4366668370625060E-002  0.10562473782331472     
   10.570760865222541        20.485472928936371        22.954583929966699     
  -9.4484772653291513E-003  -1.6850782708151515E-002   1.0127788458347602E-002
   10.515875988942549        17.681980724514254        10.254093682563491     
  -2.5330924520320382E-002  -3.5116510504629168E-002  -4.1676717545335265E-002
   4.7408079117501725        23.343061712914345       0.70009035675123066     
  -8.3735040037659303E-002   6.8048555822220316E-002  -3.7261975447217051E-002
   6.2552669450580343        26.471725820751814        11.409296907118163     
   5.9561669477293508E-002   4.6181957011004549E-003   1.4872563220455957E-003
   4.3875902820457107        26.764790686565139        16.948492618203314     
  -5.6408485829888763E-002  -5.0748661108861393E-002   2.5568768802673603E-002
   12.207938441215850        6.3438327425628902        15.918293647911852     
   4.5095952801464396E-002   9.0561208498591728E-002   4.2276072661112229E-003
   9.3937250224288302        1.0013141331877888       0.61040742610007692     
  0.13171772976216303        1.4095742430109769E-002   8.1250286458959514E-002
   19.998807605335220        3.9237186058391886        18.934784019400087     
   3.8978829845846830E-002   6.5901650327426925E-002   1.5446422487085866E-002
   10.127685426775587        4.5741845642072745        25.921599096052013     
   7.3310678775189334E-002   5.5835289443021130E-002  -6.2606433532705244E-002
   14.093668171525184        13.835497100198213        13.882270139137978     
   4.4488900256328678E-002  -1.5776747589091290E-002   2.5129373764515704E-002
   23.269530939230069        16.053367408817550        7.4758758847725986     
  -8.7055992132615126E-002  -3.3532847083167380E-004  -4.1176854695971016E-002
   8.1238072737673104        11.551347505471059        3.4927036507842151     
  -1.8376692181976673E-002  -1.8105117352986429E-002  -3.9173469615023668E-003
   2.8320957845774499        13.424453353304058        1.6908537325799549     
   1.6545805698618594E-002   2.2689631051917861E-002   4.0675217995676263E-002
   8.9352686977016713        24.871185566902405        2.5876453801954868     
   2.2078065598748642E-002   4.4819729595514904E-002   2.9585771321904559E-002
   6.9956196548417786        16.853440061634661        9.0049285762547857     
   4.0059830636020050E-003  -9.3486566998254264E-002  -5.1867274693939642E-003
   1.7127940654260769        8.1223317095993721        20.314419023202547     
  -2.7676901379574282E-002   3.4859365355059693E-002  -6.2370352909759307E-002
   7.3411613627858934       0.17652789534091132        4.6250839268582160     
  -2.3264266600037269E-002  -8.8392684456220713E-002  -6.2636174551206026E-003
   21.604794392687758        9.5816130633773913        2.8095615571046846     
   6.5297672922156352E-002   3.4263829946626981E-002   1.3967625616390174E-002
   18.329485452491927        16.525473612144292        5.9551119943349748     
   9.7353376676595091E-002  -6.5940910089457488E-002   8.3756363644354029E-002
   3.8889375034606966        8.2370036450354736        25.795685601563981     
   2.4669559395151565E-002  -1.4511221300850250E-002  -2.1968337499216968E-003
   3.5544457215535559        5.7190086430660374        15.622303051835800     
   6.4902552251465781E-002  -5.4105962837368354E-003  -1.4693581134222748E-002
   18.407624433553515        12.156967587515446        9.8737682424849016     
   9.9139666285295771E-003  -8.5293860318500572E-003   4.0915576912348720E-002
   6.2012272544974225       0.16579959528782809        22.645435954629608     
  -8.2819168450057823E-002   2.5755360824390012E-003   4.2779731803295196E-002
   24.292750756540045       0.96568883157006680        2.8665670276094173     
   2.2677215803941310E-002  -1.2835166102567012E-002  -7.5682700866145369E-002
   3.6307258218341385        19.557783443920350        4.6576345493087681     
  -1.1428578320521066E-002  -7.6129125459106370E-002   1.4642232581193626E-002
   1.4871564959998098        4.4653981240993090        4.0942597192222339     
   5.5705223602890902E-002  -1.6809333277844733E-002   1.3719607973795863E-002
   11.363733208537962        14.645681125847975        2.7008617294579929     
  -5.7318856025929683E-002  -2.6036857515122018E-002  -7.1985007660152797E-002
   24.581668940519126        17.595627651909670        23.354053535213886     
   1.1587306401935500E-003  -2.6024124841556241E-002  -2.8924602152682031E-002
   25.913649879418983        21.083965815939059        26.463490613677202     
  -4.1884852314150178E-003  -4.3903294492046746E-002   3.6973098957028598E-002
   6.0907309883780085        5.5058542908064672        23.631960165258281     
  -3.5390057755148030E-002  -5.2239703738505554E-002   6.4646600459393230E-002
   7.0490587060122518        23.956943914689475        5.1598162347183010     
  -3.5775900063560837E-002   2.7093956272832273E-002   4.8382185825484834E-003
   13.160131509676917        7.2115361510124742        23.074944609878212     
  -8.3213593319038159E-002   4.3186978819889033E-002  -1.9200135926099073E-002
   8.7503499644751770        15.968386165721014       0.95582199593906858     
  -8.5324348631123370E-002  -2.2617715484564175E-003   1.9641489387537330E-002
  0.27404846295777324        11.893493362227604        21.060779139588952     
   1.6818549447023563E-002   5.3136743820520735E-002  -3.3507805189823874E-002
   15.693012714668523        10.113131694187867        11.504191096703137     
  -4.5709468145583035E-002  -6.9041218983309796E-002  -3.2666069531582305E-002
   10.559434685296159        21.600980584432989        16.578597357558731     
   2.5790564557974655E-002   1.5918177828543371E-002  -6.5568570843422713E-002
   16.071082554605130        4.6782744547207029        10.255654704690670     
   6.9257071032737885E-002  -7.4222587588949770E-002   3.3982275774774758E-002
   7.3246005368513227        13.079023796178495        13.831701079445878     
   5.3667420273444212E-002   4.1075147373932773E-002   1.4126071810625791E-002
   27.132933939921518        27.035239192292337        23.292780132637048     
   5.6334448171670812E-002  -5.6989601629416950E-002   6.4212880267586925E-002
   10.318530602412883        24.173448196722749        13.992158565020919     
  -1.5741799260724791E-003  -5.6864780442437479E-002  0.12162605703332273     
   10.281587318302575        15.937920771996357        21.924006888883024     
  -8.4145757690190684E-002   1.9770212990855469E-003  -9.8961840375627261E-002
   24.835191283249557        6.4547145535004029        14.743791829708366     
   1.8011696717264637E-002   6.5036382963668017E-003   2.0687222117825470E-002
   21.157555553032186        1.8700133968315551        21.388008098454087     
  -1.7772436046067312E-002   4.7360863277884017E-002  -2.5170191724918779E-002
   2.4263857637564037        24.907811111056962        13.557490329713383     
  -3.0346316854467918E-002  -8.0762233078352300E-002   4.8195888860650127E-002
   15.914224000670778        1.0933025497376831        23.729667408300458     
   9.5995351560361972E-003   6.5773312122364841E-002  -8.5953385990085993E-002
   16.215445864653557        18.540311226113232        23.271358182207262     
   9.6282735775465977E-002  -1.4474789328392527E-002   1.0235660053692166E-003
   19.876522874320933        13.918926542321969        26.287013334373821     
 -0.12570659722906907       0.11954673897797649       -4.9950430610376809E-002
   26.342839729750821        7.1258419876761554        5.9620142344606348     
  -5.3504115007141518E-003   2.6950021303045659E-002  -4.2122573374368645E-003
   11.649407315334921        16.459980886881933        5.5997054749220752     
 -0.12514778425938050       -5.4560566073754736E-002  -3.8928108684219680E-003
   2.7087112298965721        23.599582097110389        6.8837900026648180     
   7.0581270342021149E-002  -3.1324014164000227E-002   9.6321419966092281E-002
   20.091145268118275        21.974202636451171        14.292989746583915     
   1.3557400882469803E-002   4.9011465858056810E-002   5.3526666556601495E-002
   16.322640428853855        15.779462025314503        15.469632168327518     
  -6.2178429884431313E-002   6.7387447715001741E-002  -7.4423429314004419E-002
   23.803650097326646        3.8917004129243389        20.692318262121926     
   8.2833051935309779E-002  -2.2115350433976937E-002   4.3325889970014554E-002
   4.0990917826193085        4.2717724081796549        26.182047669640376     
  -8.2874286324007597E-003   7.0906635932988876E-002  -7.3053037708196615E-003
   2.8336863239553201        1.4362758977177983        14.065011397190366     
  -1.3172322145700719E-002  -1.7419731254007093E-003  -3.4774012352226241E-002
   3.4649055474193835        11.162515013182251        7.7101371940857222     
  0.15577680551628814       -8.6049157497676304E-002  -3.7418762477533341E-002
   11.341958151655769        12.325345218521258        13.291075499778083     
   1.2222180359714126E-002  0.16792559472561353       -3.2264265950011424E-002
   7.2557490454808899        8.6981687238004159        18.246979322646872     
  -1.3101043603124410E-002  -3.2822906678642523E-002  -9.0890743273658578E-002
   1.8128436879985659       0.21346483114247530        7.5068010037361317     
   1.5033200211957084E-002   7.1562129879217132E-002  -7.2169431039187298E-002
   27.076026667135569        2.5847207072325458        12.090713900583367     
  -7.1946116505748878E-002  -3.9766812598044064E-002  -8.9639449957954712E-002
   2.1339929337076220        3.2008641072733441        9.8158247191426913     
  -3.4916815675176860E-003   3.1684142956885597E-002   2.3384791499988636E-002
   13.649763673629431        20.486585358395615        17.964433953836600     
  0.10073422811639554        1.9493594462339603E-003   6.7947659957386830E-002
   19.912051096324788        19.930760228369820        7.6647001037924349     
  -3.7853402337581804E-002   6.9920988516314906E-003   3.5389361445415288E-003
   10.722319124058973        8.7877733200304764        18.580167126013475     
   2.6068460704441038E-002   3.6234022624964141E-002  -1.1004471589604480E-002
   22.042144058981240        3.1216754283814958        4.3736316943601468     
  -2.1814302970325473E-002   6.3582149369621324E-002  -8.5423828902662757E-002
   8.5977694860725679E-002   13.075686458367196        17.236374800998121     
   5.1218094841563089E-002  -1.3665365756124651E-002   2.4530755920285762E-002
   7.2862582574392585        10.338833603891134        21.325336109811662     
  -2.7601317763671075E-002   2.5740098143385608E-002  -4.7912620585739883E-002
   14.643205491781288        11.292019787557024        7.1934228123365758     
   1.4813023837887070E-002  -5.2977745832424289E-002  0.10750554028319163     
   13.747181157789905        7.6900382409451735        9.1497701965319056     
   2.4782767291455506E-002  -4.6758408133560553E-002   3.0179955505970923E-002
   25.114261588303581        8.6340813229906352        19.709987396540303     
   3.2571889934053452E-002   2.9746734514485302E-002   6.9582563229005828E-002
   23.298428669099220        9.7969572048148592        6.3432993847865111     
  -6.9355832199179318E-002   2.0880879968830871E-002  -2.7332829435157302E-002
   8.4754256136189543        5.9504055090824286        21.235179738971720     
   1.6205773839922073E-002  -6.1563283882453109E-003  -3.2866801208169330E-002
   3.8808985056456371        9.1361056420705502        22.609126222575988     
   9.8929423690333515E-002  -2.5420145956916291E-002  -4.4986500031327613E-002
   7.7721501605462606        26.603473108133514        13.965522388365315     
  -8.7104708582106422E-002   1.2685466117239790E-002  0.10923983599282520     
   15.003195124713100        14.965664929385049        24.754096930564355     
   6.9475178290605150E-002  -3.3808353997193549E-002   7.5994038567147660E-004
   23.208675635483633        20.532823851060563        24.773765057458817     
  -1.1431413072827188E-002   1.3916330060979654E-003   2.2914457250043180E-002
   13.632526189025210        6.2035556438480652        12.373915448849774     
   4.6431996128128053E-002  -1.4680573346604602E-002  -1.1118540882999698E-003
   10.515861928864735        1.7584027046124946        7.1888600840021928     
   9.3053499626793074E-002   3.9575037437073718E-002   1.8774033703288046E-004
   26.249055416154764        14.615391300985026        13.580056018124933     
  0.13051477724072344        2.3746878736789108E-002  -2.0643532556804300E-002
   11.087754474970451        24.003108791121711        26.712547109506595     
   1.5345134606210441E-002 -0.11204992536771105        1.8504290442437468E-002
   20.527648027593479       0.15936372921488171        3.5924503534961683     
   1.7065676379192897E-004  -4.1442972376106939E-002 -0.13683253259713690     
   12.311624509663790        23.034257610913230        20.065336971191918     
   6.5883681673293365E-002  -3.9122001241569247E-002  -1.4588871558290268E-002
   18.156946538526228        15.689577603611008        23.421706553721382     
   5.3489263719692898E-002  -6.7606470186993520E-002  -9.9424730428117392E-002
   17.813530039800273        15.504849091740752        2.0232411514373645     
   2.1804495134236188E-002  -6.0804668099943185E-002  -4.3917428366703481E-002
   2.1555991745939584        26.387358859654569        20.587521980516836     
 -0.11611232365512283        3.2950827782979787E-002   1.3762986446571887E-002
   6.0135315233696653        14.842906028359288        2.3734195814034993     
  -7.0533804975782613E-002  -2.4413387538515623E-002 -0.13901139495264281     
   8.1979607549868660        17.836083760204215        25.391559217141353     
   4.8450729564084409E-002   5.7306638335115491E-002   1.2062813107298821E-002
   16.736906335344642        23.111034638159211        13.303238356314042     
  -3.4879140651835894E-002  -3.8723698548318752E-002   2.0139536067969258E-003
   18.323651775933786        9.5489832530267087        15.164038070710623     
  -1.7381757683288649E-002  -5.0509468466346318E-002   4.9178577937004114E-002
   18.497205474436377        2.5204895773492488        9.9046648074689045     
  -3.1424789144646359E-002  -7.4295389869992977E-003   1.8744518394163877E-002
   19.627651179406861        9.5525190678870349        22.302604501651786     
  -2.5527860211312779E-002   2.8199616452679984E-002   1.2150046131425639E-002
   15.245391971277856        20.699103963756823        10.480564665791194     
   2.2324546226158690E-002  -3.6321471986717264E-002   2.0227458735348074E-002
   17.171254674279897        7.1006865801847709        12.851167568039889     
   2.2542640857044757E-002  -4.8810697015475045E-002  -8.0913335468490218E-003
   25.885663237544378        1.5864819086156059        9.1401764935526355     
  -5.9107029143011056E-003  -6.4809381104179616E-003   2.3096337864261335E-004
   12.671193043887397        3.1353104353471672        1.8124758996159680     
  0.15240972398560251        6.3003086554545715E-002   2.7682345936350612E-002
   25.603673906131291        16.408547275744748        5.2363044970516706     
   8.3619035857326163E-002  -2.9749111937785823E-002   6.9651278537021530E-003
   25.068185511893155        11.616817448443314        4.0936130757693361     
   6.2003235618922188E-002   7.4703129281248670E-002  -9.5424332713655250E-003
   26.519919061428208        23.095522530887003        14.869331372525197     
  -2.9203070817158804E-002   1.3267111806492357E-002   3.5372684118989486E-002
  0.86012146671623135        17.481513218681460        21.961463314156912     
  0.10512202395967565        1.3895548420187881E-003   9.1705255328623766E-002
   7.5678647946574458        2.8401732541704869        20.543350059694035     
  -6.0018097485697773E-002  -3.4546789539940288E-002   3.0624254495014443E-002
   4.9884970151166552        16.470922718614375        5.9382878966188679     
   9.3326457072068755E-002  -7.2047302142500561E-002  -6.5856286948720019E-002
   4.6764824601278399        11.454220862642892        12.380503047108856     
   8.7138200380629277E-002  -9.1748425887952095E-002   9.9136718852401287E-002
   15.081613079810538        5.3763670748719763        3.8169211915268564     
  -4.0483317529459710E-002  -5.0956222766386769E-002   1.0445027945441181E-002
   25.525518792352809       0.65137551849160358        20.261041194606122     
 -0.10189051848269308      -0.23059583241133530       -5.3746310638377141E-002
   13.196393346969726        2.7626006822103433        24.598625922610069     
   7.3165517713072378E-003  -4.8921266585444635E-002  -5.7414345247797254E-002
   21.884249971604330        9.4538864789522918        9.3511160865432874     
   8.6305579595594206E-002   2.0198842825688488E-002  -2.3013851072844396E-002
   22.235667408058656        6.6902393449267619        4.9681837833866682     
  -5.9160037618925403E-002  -4.6806327656476526E-003   4.2971991857462595E-002
   1.6136374945469221        2.2899588342775652        17.084460055432846     
   6.6281685186676792E-002   3.3473581988004354E-002  0.14328639295220996     
   24.422870732135358        19.732392460586990        6.0088539583642930     
 -0.10215792286972863        4.7416892893352498E-002   5.4056677761280446E-002
   25.108450428368492        10.172951545300757        15.387054232629007     
  -6.9001529723313568E-002  -4.1903367489800718E-002  -5.6840188311684040E-002
   26.913988404449515        5.7220716517172470        8.9652294972406796     
  -5.5507245166801139E-002  -7.7818167910034229E-003  -3.6060766351450058E-002
   10.082446647253866        12.620585040093962        19.551237541466104     
  -2.2207446251449828E-002  -8.4541751291271838E-002  -3.1394096038339460E-002
   10.443476889062330        10.395423824063155        1.0873985361868650     
   5.1167232685348805E-002  -6.3246782862997550E-002   7.7185572578631588E-003
   23.066079992330668        13.857109205738075        14.568548547828986     
   4.1115532746515649E-003  -8.2763403437881508E-002  -4.0508696456338709E-004
   2.6114012133161362       0.18279865894709982        10.949122337708085     
  -7.6083483515313632E-002  -5.5651308248440237E-002  -1.6959709619798109E-002
   25.220263419421091        3.7100237671286647        6.1970546834438229     
   8.6869724891978611E-002  -4.7013349582561079E-002  -5.8466266545409089E-002
   24.043010381768756        15.005702753508585        26.120017397882052     
   8.4353291948866566E-002   7.4630234942714424E-002   6.6173601897401846E-002
   22.674788659502727        18.114088880476398        20.414023728299778     
   1.3040373987902863E-002   4.0624169949462212E-002   2.4776215700643329E-002
   1.9834740603785321        25.746012830085633        2.5101068010485572     
   8.0780260204849436E-002  -5.3883528414677397E-002   1.4604954471200965E-002
   8.3775310836942154        12.608321421626334        27.106829509327092     
  -8.2276000783929951E-002   9.6357035604047164E-003   2.5343607826779670E-002
   10.636778445236693        26.730467952567679        12.128646819931888     
  -2.3118468914508975E-002  -2.1259874444136077E-002  -6.9675559755007027E-002
   3.4620789343975735        1.6216394993420524        23.465671063979517     
   4.0975082551823340E-002  -6.7934546080142488E-002  -8.4666323790648201E-002
   17.374186768783186        8.4268111861112480        1.6874598760494530     
   2.7933131839425609E-002  -4.0503562261035839E-002  -2.5231608587860575E-002
   1.9059266764965836        14.608172721107076        20.802707801663818     
   8.3043965003084849E-002  -1.2003036736524478E-004   5.4729374114306686E-002
   12.255261500966499        12.573703188559952        26.469612352170298     
   2.8384830880007563E-002  -4.9655310068754704E-002  -2.1042293489606682E-002
   2.0307674173533927        17.952515478404919        10.920621633615809     
  -8.2106794873487765E-002   6.3978071093403754E-002   1.0493378604157477E-002
   21.587076658391915        24.107740811485179        20.043203883814741     
  -9.8224297484682407E-002  -3.5379152027194549E-002   1.9380853770951108E-002
   12.091328299032284       0.13788773883647462        22.311135814859600     
 -0.17676865280348347       -3.9276770198599271E-002   4.8576439634820466E-002
   23.193677291371788        25.402686895622725        22.901627058584410     
  -7.9485927191710933E-003  -7.3285236763268813E-002   6.5714984550065539E-002
   20.086979684565414        23.595498581686464        24.246545467952192     
   9.9381109272598488E-003   1.6492705226266217E-002  -3.4491219088803385E-002
   5.4296399748479010        13.771053689359341        26.520442791062305     
  0.13910058985754956       -7.7242656675799354E-002  -2.1231614197282154E-004
   16.750690884226181        2.5843207888147655        17.101426410440020     
  -7.4790623976486795E-002   3.9014264294761521E-002   1.3677061279164413E-003
   11.907534692382237        24.138955262247578        8.8930204021451900     
   8.9347738467375135E-002  -2.1768167337557891E-004   9.3418635371747730E-002
   19.499817001021526        10.152020433044228        26.965419362616561     
   1.8448245918796211E-002  -3.8118704044861132E-002   2.7341651842646371E-002
   15.349023954231480        2.7579169537238308        27.104265457477549     
   3.8321788091039741E-002   9.8782608962706825E-003  0.10316003143035345     
   21.606992755962128        17.833123446504704        10.176864820261519     
  -2.3843105834868646E-002  -6.7049617189087654E-002  -1.2693574983159778E-002
   3.5975421898824571        21.886838993544036        16.031583167601962     
  -5.4875567802524179E-002  -8.5640561516085231E-003   2.9877049585430419E-002
   7.0675304602845168        24.291557170851576        17.127046788255718     
  -3.3993507962515636E-002   2.9754712981470165E-002  -4.8712088796375980E-002
   1.2212912377021841        22.836613296507512        1.5937127669666551     
   3.1854429962572026E-002   6.6564985079925381E-003   4.2048891941620543E-002
   22.835859373864157        23.298627281043895        26.798628409622751     
  -1.9202484051244653E-002  -5.6475050234095485E-002   7.7141650569905768E-002
   4.5179599800122254        14.749181614629816        18.536924008474148     
   3.8276595652011025E-002   8.3510597405300299E-002  -1.3630757619592546E-003
   5.1499376008705786        26.314163196720667        8.0330957126729103     
  -7.8480223525961346E-002   2.4352938866183917E-002   4.6873913038663867E-002
   8.8859206199053862        13.582174055676926        23.762132897175377     
   1.1054325439007674E-002  -6.0584716694800207E-002   6.2966761990486064E-002
   6.9169880783201547        15.868967119337086        15.966658505806709     
 -0.10721265124279787       -2.8208996879299369E-002  -1.8598686955384837E-002
   22.282585955331701        12.740728733477701        5.2581740168506679     
  -5.6718503068071927E-002  -6.0951019249749903E-002  -4.3545090455172943E-002
   8.7243506262379142        26.567261927970815        24.657672973174062     
   1.7012975339404459E-002   3.3439963310992589E-002  0.11603460203200648     
   19.573728092022122        20.920343577636636        4.1853904497828029     
  -2.6923397816209574E-002  -6.9454503866966680E-002  -7.1701757454288570E-002
   6.8292274323932256        18.056074818505202        12.258573146496570     
   5.2603406346569494E-002   9.1979616500850944E-002   2.6787202091800616E-003
   3.9816747057183344        11.088992004647862        19.828598584964876     
   2.9841240449322307E-002   3.1001488449899127E-003   7.5186724405573646E-003
   7.1896671032357258        4.0049642239445511        4.3562177950803385     
  -3.0941696528267622E-002   3.2871604648707586E-002   3.4106162301948753E-002
   14.706121955666195        26.946474631170226        17.171236089440395     
  -6.2971417980005634E-002   4.1353447618540901E-002  -4.6161444138139718E-002
   13.882813200364357        6.0380804036903077       0.22191786360040672     
   3.7378828255045779E-002   4.0574281904074284E-002   5.9261583437626032E-002
   15.279544692822352        13.634267158513444        10.546237023941419     
   1.9317706336474286E-002   7.8277728872315835E-002  -5.0766453826631740E-003
   3.7682494368430124        13.249442942036662        23.492988759370451     
  -3.4427189045943232E-002 -0.13468373490450972       -5.6912643532987695E-002
   13.286362531761622        23.172380561772076        12.435361360407530     
   2.2690194044902724E-002   1.2600978507512604E-002 -0.13191836867229031     
   19.719644322736645       0.89532546450617423        24.692266951444378     
  -1.4210253958910008E-002  0.10074271211674758       -5.9609589859883037E-003
   17.363145843115685        7.7552258100797014        9.5625484915108956     
  -3.4724871400706590E-002   1.1305687834072995E-002   2.7159262316190928E-002
   23.047377178352477        17.017238332893569        13.234635509701389     
   3.8260974173198049E-002   5.5021430295387377E-002   4.4673933204202564E-003
   13.049921016838685        16.752813522857174        20.895826066862671     
   3.9935506244194445E-002 -0.10167294622164133        3.2898737145670688E-002
   16.172439340253174        12.676854853683704       0.58563686949158567     
   3.9815930830341219E-002  -3.8536823342988797E-004  -4.7114659985698040E-002
   15.508775125345611        2.2882637011843352        20.445811113461360     
  -2.8469471403879724E-002  -7.7666646523008327E-003   7.8129324023619259E-002
   20.724721255414014        23.824823349309924        11.257966158738277     
  -4.2870276411141793E-002   3.2768679758956821E-003  -4.3843740046710954E-002
   2.1281490054906813        11.186969658012712        26.281254902860166     
   6.2483742385091849E-002  -5.7202835902069298E-004   2.1069067199312716E-002
   1.0195193460715652        19.681272603499146        15.674447745870950     
   3.1890686374399936E-002  -2.3986843405492037E-002  -1.1994871734829280E-002
   8.2070086689204818        6.8914078543521908        15.404229189798224     
   2.2196929147079665E-002  -2.1071079684414785E-002  0.10811758550049178     
   13.606514276187918        9.6134054621596903       0.71982854519402728     
  0.11473156610713224        2.0419183601536703E-002  -3.0245068062332663E-002
   23.033087482250959        23.953630952465641        13.487545010207244     
  -3.6608393981614876E-002   1.6419714882358639E-002  -6.7191898700895729E-004
   16.706245332713330        20.863314954207272        16.422660326322671     
  -2.3228766123602113E-002   4.3444974352725735E-002   4.9613541081562136E-002
   26.255740572268383        6.0960380203174758        21.549103676045675     
  -5.5424322545875468E-002  -1.7534814774298013E-003  -8.9195817193493912E-002
   1.0952601426279713        16.775060941653354        18.347739452711522     
   1.0183672130899084E-002   3.9883775971895748E-002  -3.4672155202223984E-002
   7.0258677916472871        21.431047204014185        22.960884110651197     
  -2.1472358937068631E-002  -1.3598310664337199E-002  -9.2575104291253471E-002
   22.420376474275237        22.752949990368961        8.4504861572000944     
   1.8448480648958352E-002   4.1928860198794729E-002   1.9750934060923708E-002
   10.459011433079072        18.850141246415028        7.2216489272835691     
  -2.6882475347023930E-002   1.7691855642719887E-002  -1.1738035081536142E-002
   1.5323672819867691        20.989847371388080        12.840900849433643     
  -7.6536582112506107E-002  0.14496834028362413       0.14266835958195892     
   16.305719482366502        16.252633309097170        20.819282916668424     
   4.8651255116595439E-002   6.7758314056507993E-002   4.4149159399916524E-002
   11.459376932214099        1.6143737227185009        19.594146040930148     
  -1.8577909944400704E-002   4.2647832327661200E-002   3.1451241136072672E-002
   5.6367781927108194        25.807219649595041        2.4699078144525646     
   1.9612920011331254E-002  -7.3867412550962325E-002   9.5308337065767006E-003
   20.466435005593194        6.9063996998862835        1.1863763393595053     
  -2.1213589574609237E-002   2.7166199081546149E-003 -0.11175022695882790     
   19.639996289476770        15.132668450567868        9.1839380655295599     
  -8.1007401428676490E-002   2.2277557419076940E-002  -4.4111558091282928E-002
   12.145397002867636        8.9632231503380702        13.422372952833388     
  -7.1491640819036154E-002   4.6716926344316401E-002   5.2433611153298497E-002
  0.39036344324554839        4.2584175192598890       0.75633399962300207     
  -8.2220351595148317E-002  -2.2454591925925020E-002  -2.1979052700675999E-002
   3.3796572895145887        16.788469040544573        9.7064035939588081E-002
   6.7105938540561938E-003  -4.1941916437228374E-002 -0.10339050030686245     
   7.0106360047299896        18.935616884987095        5.8826945401711814     
  -5.3133583802650423E-002  -3.6989629751660439E-003   3.4827386460155187E-002
   25.108426317669704        11.243102717898399        12.338912197240479     
   5.3644260095877978E-003  -5.4401081199700312E-003   1.0937447678814986E-002
  0.56187360183093116        14.602908178745981        24.234528624959754     
   2.8480044754386528E-002   8.3819237557591256E-002   1.2633046045655259E-002
   26.648499090602737        24.818834219418811        5.7040674889763245     
 -0.10112731761907652       -8.5546945626435861E-002  -3.5701833467853300E-002
   1.0448005725561920        6.5845971641113605        25.809873132168391     
   3.5063646259219448E-002   1.2935593033552906E-002   2.2695984077775479E-002
   26.007184985046724        2.7362792697276879        15.166399802537351     
  -8.7713764537962740E-003   7.4669143042440836E-002  -5.8643368115834468E-002
   7.0104756106026676        11.122045122273287        24.705264560671793     
   5.0553356279772026E-002  -1.1817769890602020E-002  -5.0408012896544577E-002
   13.260769470704266        18.202018330248020        24.513551600184286     
   4.4512276199749026E-002   5.6598033251843746E-002   3.4058177974739721E-002
   21.717851927565622        12.622181185074549        8.4119001537434581     
  -9.9393932165593377E-002  -5.0346807185428062E-002   3.8293957227005189E-002
   8.4622211533500149        23.637419659661806        10.407472734551334     
  -9.4872984558929396E-002   8.5914093751872075E-002   1.3311129059351501E-002
  0.50844446626187023        1.1232958209078070        4.6621692471135567     
  -6.8857172012391873E-002  -2.7239973890596549E-002   6.0963375984514311E-002
   25.496085710010949        15.961717444013066        20.027771286102833     
  -5.7658576414745359E-002   3.4809960592568717E-002   3.5133928834760693E-002
   15.358825911188950        24.601578839401441        10.087123852000234     
   1.1565115162489375E-002 -0.11796645462299840       -4.2967539126347626E-002
   5.3476543673149406        10.315286368502296        15.415227386656568     
  -3.8350371510587594E-002 -0.14347322471882382        7.4851973865743937E-002
   24.079219815097350        3.9270471081844938        26.559517552297969     
  -1.7364964990440507E-002   2.1893951724432622E-003   3.0609768927944748E-002
   26.384096671089740        10.020680995028131        7.7161383685501965     
   5.4167560561947603E-002  0.10816840862425828        1.4562968787332120E-002
   4.0445184758927937        24.001168097826625        10.231108728200333     
  -1.0277989252874016E-002  0.13438329692897780        1.3919476026838176E-002
   1.2178217395067326        11.146820714974565        3.9501125722590147     
   4.0243843898182662E-002  -9.6491821459540987E-003   3.8240433922935621E-002
   26.405547360881794        4.7454265898204051        17.992054502998080     
  -2.3654403370378111E-002   3.5245720087220427E-002  -3.8004041330808362E-002
  0.30570285219866800        15.623498367898064        1.1293417885829575     
  -4.2274963095958663E-002   4.1477652557669734E-002  -4.9732173222317252E-002
   22.395249863663132        2.5130017410218888        8.4848012213959869     
   1.6429784141448786E-002   2.2414679882609194E-002  -1.4180988921921978E-002
   25.047368282085134        13.118499300653747        7.3684078395603292     
   3.2417862039581358E-002  -1.1035191381768108E-002  -5.8553875605087194E-002
   23.773724917392268        2.1701590450293238        23.728341948531931     
  -3.0301492935405929E-002   1.4828214803030005E-002  -6.7291289728287962E-002
   15.639597261842310        4.8357110414172624        24.018354763724307     
  -6.6491648792699184E-002   2.2827920895479411E-002  0.10800046757501537     
   4.8478109626163040        20.992085188064141        11.585290338427333     
   7.6824171136871053E-002  -5.2571479366486908E-002   4.1834367881330957E-002
   9.5593187627299940        18.821861594685821        3.0370676429680938     
  -8.9736819853067831E-003  -3.1636060874796465E-002   8.7109486049593621E-002
   25.958916268120735        24.151230548328549        24.616090206088394     
  -9.8656290195723514E-002   8.6289975853788822E-002   4.2442422686477368E-002
   22.846165444863427        19.554737114708121        15.959595862690559     
   4.7065342046894200E-002   1.6887002425457421E-002   2.4410845107623477E-002
   3.1972594881213436        7.5192559597358324        5.1994516346250856     
   3.9506357514041100E-003   4.6559985394869323E-002  -2.3848979691316424E-002
   24.852927243577660        19.398165801573963        10.282420185402934     
  -3.0803398503219444E-002  -5.2768883761078239E-004  -3.3796825237230627E-002
   14.372244100924288        2.7108988097449616        7.7444045506611916     
  -5.2060880262318247E-002  -1.3005137000356534E-002   6.5709223906038741E-002
   19.309486041549825        9.5576435208181838        11.671594997817794     
  -2.6127577715064774E-002  -8.0642176526122725E-002   6.5286073453157206E-002
   24.510410839340473        9.7677353035259635        23.541270811773238     
  -7.3663305197422035E-002  -4.5831271462439323E-002   7.3080214474478725E-002
   5.3529974363769171        21.967828463198732        18.897562027348471     
   6.0508525727625627E-002   6.3244615629650086E-002  -3.9623948477322563E-002
   12.585427990037296        10.997177408529808        17.155054475148241     
  -4.8388564571303768E-003   1.8010303357504195E-002  -4.1622204166371898E-002
   21.065769660639631        7.1913121167258680        19.958066175215762     
  -3.1008532474392902E-002   9.5959710382112928E-002  -7.4143196220299246E-002
   10.367816969652544        10.605887577383413        22.583733814355476     
  -8.7127813458384565E-002  -2.5734567778712660E-002  -1.4085100331149377E-002
   9.8243313264396299        2.5676293927951179        23.072532138110141     
  -9.1772751550724521E-002  -4.2614295185382393E-002   5.6353503045225996E-002
   14.546074126578889        16.391818646519322        4.0979956245219800     
  -3.6253221858334225E-002  -6.8828914177610657E-003  -4.4184287340961519E-002
   16.365709900813176       0.13449446212585817        9.0007550956615798     
   2.4682403473917893E-002  -9.9373192071498220E-004 -0.10816039440771862     
   15.819245163718943        13.325713017590322        4.1709792306657150     
   3.9345790767238480E-002  -9.8827095105034398E-003   9.0332704787487225E-003
   12.985720991411755        22.265893634036441        6.5160082524144673     
   1.8998027651300303E-002  0.16046127860370307       -5.0352059046555641E-003
   9.9228993836701509        14.390424309737639        15.983483654067015     
  -1.6006521111645085E-002   5.3800715384636211E-002   8.5134890955371953E-002
   20.143022811855509        25.500414758203380        14.192044091075493     
  -8.4544236960632457E-002  -3.6984471252316693E-003   7.0554911479500756E-002
   24.650763770017303        25.519019444556704        17.626126797355084     
  -2.0543977752030063E-003  -1.4857380145567025E-002   1.3813730967231376E-002
   15.320500076639394        25.588408898391240        20.246960099234101     
   6.2847644768622729E-002  -6.8899807426371654E-002  -1.7881812624065435E-002
   1.3282449358192492        13.098614598207794        9.3142337839289588     
   2.3318108394119939E-002   8.6487731710391841E-002   7.8372614582577459E-003
   21.305685654248514        8.4818818642801439        25.412266498990974     
  -7.6257243690177764E-002   5.5270541597589040E-002   5.3562592658569419E-003
   16.481841447099523        25.395682214782362        24.857429528764953     
  -4.6117363926594657E-003 -0.10725392787737827      -0.13738724214067435     
   1.9491707250512991        24.742993732498594        17.379141417653937     
  -5.4284763263552270E-002  -4.7634441487268329E-002  -8.4849511837898878E-002
   16.448692252558594        7.9171140004036271        22.066426732563485     
   6.5819410846726586E-002  -7.2949023199161106E-002  -8.6863520846704265E-003
   9.6640498310286382        7.5975262539043156        6.4397906013441348     
  -4.9543234262045648E-002   7.2881525000884637E-003  -5.3693483482679582E-003
   13.697137123014612        20.969974581532711        22.022971123665027     
  -2.3219733627446677E-002  -4.6169207371920762E-002   2.1500755488875513E-002
   23.910172182711996        12.262275182430798        17.910569162960300     
   5.5721840008857035E-002   3.5941484565230837E-002   4.7085421154128186E-003
   11.328670587790217        15.618536235422237        25.263952462258626     
   5.7926971518337108E-003  -1.7416067882761125E-002  -2.9893069629023820E-002
   8.0614511743369697        16.758744570003138        19.122780884163706     
   5.4370008087945669E-003  0.12596185719065520       -5.0884218139006801E-002
   3.6914486263936070        14.975941904106785        8.7965193887299833     
  -9.1862880554604509E-002  -5.5981043663112240E-002   8.3706496069183067E-002
   7.9692090194851044        7.8939750609846477        3.3877619710001392     
   9.1537904854154764E-002  -9.1272912299681208E-002  -5.3958082458202647E-002
   2.2541200906870031        19.868363588630764        19.298249259365562     
  -9.6893051629825505E-002  0.10135146349124617      -0.13327541656473973     
   5.2775822156737693        26.825536463223813        26.413831081136429     
  -4.8372389122306729E-002  -2.7356473842433938E-002   3.5512616966026180E-002
   21.356204609250401        2.4924208425761405        11.588685576154214     
  -9.9370267007118970E-002   5.4209549135228602E-002  -8.3053497473488109E-004
   16.064539533124019        5.9998389014532938        15.930555979814761     
  -6.2786453848905591E-002  -1.3402276073898239E-002  -9.3493833055208017E-002
   9.4398052592576089        3.6548635349931704        14.392924233274774     
   2.3653562207912510E-002  -1.7405414460188100E-002  -2.6341058451575708E-002
   4.2133082897483325        18.031615112719201        17.170817853303003     
   4.1551715375871066E-002   2.4700836494504254E-002  -5.2253534617364920E-002
   12.438003350091341        4.2956855935190710        21.647846602376855     
   4.0431526658815164E-002  -3.0541349667672336E-002  -1.7713542399602933E-002
   5.6385429575586619        14.958597250615975        11.633777990852600     
   2.4221705436653473E-002  -4.8189999761000697E-002  -4.0784143513468908E-002
   26.435711670562924        11.929644564725578       0.99569301690442402     
   6.9393033944264798E-002   4.1794446426839507E-002   4.0164387258808693E-002
   22.270987160191389        8.5749459895382927        16.735781286680513     
  -9.0344813316606223E-002   4.7247872782984396E-002   8.7719815272943539E-003
   6.5484685444072870        14.147491935553260        21.371954529026649     
  -3.0755767618228763E-002   6.3587355744046059E-002  -4.0197303274138096E-003
   19.162607577114546       0.25549491919066430        18.965086087794205     
   3.9917965617002414E-002  -4.7912271608909582E-002   3.6170447682563256E-003
   21.956229941115470        11.802052302710454        23.960110723998863     
  -7.5815111974725499E-002   5.6264154025834345E-002   2.2400972819881061E-002
   15.300982895992787        19.359448302760384       0.60052466703350815     
   2.3351204936752291E-002  -6.2053180907075669E-003   4.9248862905927034E-003
   16.585957460642298        22.864552199666711        22.633721796758881     
   3.7858260229487350E-002   1.8254705878689617E-002  -9.5979897278505144E-002
   20.754077709851970        15.148225628911279        3.7775311629288071     
   7.0482833072908577E-002   6.5240759095566661E-002   3.9527599631045504E-002
   19.773548231359804        4.2244552005619722        7.1579630888755981     
  -5.4768802302991089E-002  -5.1210555532631388E-002   6.1516176376580859E-003
   13.870015861711780        6.6852426966163989        19.678948454246441     
  -4.2513842547727311E-002   5.6294454979963819E-002   4.8451123173054181E-002
  0.51164822900674434        7.5078325316378116        16.406399321414902     
   2.3869517209159134E-002   4.3745809964222546E-002   8.2962529038328500E-002
   23.326358187620137        19.150191112692905        1.4705538057730005     
  -6.7356640136794724E-002  -1.1629004438433026E-002  -7.6533585270011605E-003
   6.1819601416590944        24.553324623716641        20.637298636687113     
  -7.3558768874639094E-002   3.9280743116870354E-002   1.4169350957128252E-002
   4.6428887989897252        10.709927322126788        2.5885609053391114     
  -2.7198713364622023E-002  0.10269551803429884        2.2204592496469028E-002
   6.9915887601882583        5.1524852632372777        12.676335445826531     
   3.2958791849731682E-002   5.4750095718969688E-002   1.5370872874458270E-002
   4.2207822886541679        2.1926640914315993        19.307614548941181     
   4.8089067351628934E-002   3.9242007312982208E-003  -4.8921720963319166E-003
   12.864422850309545        19.831115769571255        3.7978594925479570     
   4.1494517847707642E-002   8.6272267920424583E-002   4.5212061678360531E-003
   9.8593218740354249        4.5958093190920462        6.2482270432147482     
   5.4539028105305018E-002   8.1290372243781550E-002   8.8149315420632493E-002
  0.85800764624417036        13.889198092760752        6.0889042187202298     
   6.8894157453248658E-002  -6.0049725217357956E-002  -9.0984430179487388E-002
   22.644422554403047        11.816061071626358       0.94214710699992765     
  -2.2066563012452197E-003  -7.9196663721848130E-003  -5.5932405563466646E-002
   20.538047830126061        26.623250468217101        7.7140253347786949     
  -6.4420421832284205E-002  -4.9752824507825798E-006  -3.3619192196258564E-002
   21.523784671753777        25.628158856378011        17.056390156128728     
   2.6309725856504478E-002   5.5295071421564965E-002  -4.8342613202704228E-002
   19.465434772778725        12.952786198931205        21.826844504452193     
   5.2147218964918605E-002   6.6585707438247599E-002  -7.9622766586817550E-002
   22.103163014721055        4.5042656553801619        14.484286111872599     
  -3.6016378469944418E-002  -5.7195617074080621E-002  -1.6922339431398783E-002
   2.4650710588941798        5.4476879106097424        18.588755217097880     
   1.8870434296152674E-002  0.11354365098494687        1.6074044780909052E-002
   2.5116148771338338        16.088506546742103        3.7619593090850834     
   8.5127435799821748E-003   2.2009341692044760E-002  -1.8246185050134513E-002
   16.486539313879234        12.574537181390850        20.385087167838755     
  -8.3116210149515384E-004  -2.7557827864234750E-002  -4.7718910252371370E-002
   2.7201719157163824        4.5360591117888767        12.796148616375806     
  -2.2210576578161764E-002   8.8661392452326085E-002   6.2803900861835085E-002
   2.6744621460926159        5.8117566707463686        23.166229685717543     
   7.2458256915775236E-003   4.0003468355071480E-002  -1.0906112099358534E-002
   19.305235029285249        19.035961757395668        15.500955539017154     
   3.0727180630300322E-002  -4.2346794077244183E-003  -2.5111518965807066E-002
   12.812400413202376        5.6039649011854378        6.4288236378838395     
   2.6961891766808146E-002   2.1730765029797143E-002   2.6694894096602358E-002
   1.4450574137611889        7.7900037335129833        2.0457307715664856     
  -2.4775136870418227E-002  -7.7796199598541227E-002   7.5080250492261649E-002
   14.497883516588937        23.759742529699938       0.37538783677486576     
  -1.3041523934466989E-002  -8.0863485057614069E-003   1.0319646954553337E-002
   26.198640420345747        20.869268115738631        22.798759449720603     
   3.5388847328812069E-002  -2.6497994690946842E-002  0.10939221016723891     
   7.6129368880067920        5.0591521981055187        9.4045709182186332     
  -1.7186550087176455E-002   3.9545874686008481E-002   3.9464991262877155E-002
   11.830927411975955        20.866168615748023        9.6612472142462771     
  -2.7373319529578652E-002  -6.3918899179179700E-002  -2.7619508125511501E-002
   12.882618821834045        11.708473513911015        2.8862180729042364     
  -1.5878158871251496E-003  -7.2115628630127337E-003   4.2703114228032038E-002
   21.288843787276768        26.417688748380488       0.46482990903769489     
  -5.5444071619127365E-002  -3.5950032515781653E-002  -1.6184851319965297E-002
   19.472975449695813        17.899871021778598        19.809571224549220     
   3.7238323423296839E-002  -3.8183457364277078E-002   3.5534318656122346E-002
   11.971922966593686        27.003148460552328        2.6008030471714272     
  -9.3399476461068359E-002   5.0201082637662611E-002  -8.5890821203261827E-003
   2.5350820479882499        23.432254277182015        22.019118454740688     
   7.4211428396107212E-002 -0.10361934331510787        5.9594668304317880E-002
   7.7863962376578328        18.439767790568915        21.884470455592858     
  -8.5062609687256305E-002  -2.7079074825383468E-003  -4.1108297794625534E-002
   12.757247505037283        20.065819318452412        14.164711850657266     
  -9.5429985279427532E-002   2.0382457088022023E-002   4.2368424106140196E-002
   12.599659606398889       0.80831567282996730        9.5077753065117303     
   9.1988525200248639E-003   8.6116812490541501E-003   6.9567156669592803E-002
   7.9219282436162677E-002   7.1275764233096748        12.538426509855322     
  0.10858471848055151       -8.2305064337941714E-002  -2.6584773061333168E-003
  0.79387269370295721        9.6808807427311443        23.815098129122941     
   5.0835364737552007E-002   2.7876675164803084E-002   4.9042106775735325E-002
   5.1656266476145021        24.430065036342445        23.923661349612818     
  -8.9154511279020982E-003   7.0740354707390513E-002   2.9472508009747876E-003
   12.847541892224507        16.720669170299374        14.976336835466633     
   6.1264968477138138E-002   2.9427243135389459E-002   6.2341280140939342E-002
  0.11826764105517618        22.218667105803409        18.404264579555878     
  -3.5333501813289765E-002  -1.2504172058619411E-002  -8.7614369140343817E-002
   3.2330955619918726        20.169288664885823        1.2971858453891800     
  -4.9886304666942584E-002  -7.1346490561807224E-002  0.13449877117435841     
   6.9433197091704439        21.590618241103840        2.5358483519002468     
  -6.6418169219847598E-002   3.6436400846903402E-002  -2.9626084552305726E-002
   7.8640152163329820        20.122813780586323        9.4583640352521101     
  -1.6328764887166610E-002  -5.8822921076649550E-003   4.2063477574963481E-002
   18.327894686214456        23.495322636649867        8.5426453149876593     
 -0.14147677778875017       -7.6919389651025336E-002   4.5730223478220408E-002
   20.627407309290600        20.581772776237337        18.255412210158415     
  -5.0057286455971343E-002  -8.1007516054375454E-003  -3.6450564272931363E-002
  0.27738723252331737        18.659509966815566        2.5053839192829712     
  -2.7769334949109745E-002  -4.1665949575940914E-002  -2.7000540084771901E-002
   10.406891617258063        6.1833771687066248        12.582407285311165     
  -2.7963059233150071E-002  -4.6105153838113380E-002   4.3143028669307110E-002
   22.871454734649706        5.4396132229283429        17.524679990374693     
  -7.6010090372951866E-002  -2.2933606516790481E-004  -5.5295521265307575E-002
   23.753946979994481        26.477532381144549        6.4505657460737558     
  -1.4435017253068469E-002  -1.9563323337480999E-002  -3.6520962342234224E-002
   23.173021550398214        21.252896051738848        21.415728388071642     
   4.8166502112239613E-002  -5.3140758716882404E-003   3.7215973283099392E-003
   3.6425153323755257        19.561321094078469        22.719505154775263     
  -4.4930993207344151E-002  -7.1335716021479437E-002  -9.4692064501684925E-004
   21.999221412254300        14.802248092795690        20.108703227911821     
  -2.8193336913213780E-003   3.0132560034233254E-002   3.1864590980049450E-002
   25.132431749841327        16.606013584245108        16.455548547826663     
  -7.1239696015479331E-002  -4.9466268999542186E-002  -2.1287812360575718E-002
   22.926344249186112        20.399931123290624        12.730946914431907     
   3.0749731182802557E-002  -7.8691172722520741E-002  -5.5016748479678960E-002
   3.5520381694144869        5.1063781021401073        7.4759373991607694     
  -8.2675266828704547E-002  -1.4762704239965460E-002  -2.8527675946512731E-003
   2.2182681738474201        14.080222894945610        12.514052463364548     
 -0.14170170234494048       -2.6974698351260470E-003  -1.5432555004395460E-002
   15.847987018457317        22.537054802778265        3.4746225868136360     
   8.7713021598167476E-002  -9.3074915582115666E-003  -8.4320882696840133E-004
  0.57889487967747288        21.189082613137408        5.1946928400235892     
   9.7222175349642156E-002   8.5629258525644087E-003  -2.6410735130470799E-002
   19.990474617034277        18.649435774493909        1.4564238214164209     
   1.0255188664393265E-002   4.8779909640112723E-002  -8.9229518709787875E-002
   16.940269741868423        19.287310079607849        4.2805168669887692     
 -0.11276157535431829       -1.8500043584821980E-002 -0.13811399901515345     
   15.096328554936271        8.9883775011604694        15.193133834826718     
   5.8858805939472077E-002   5.3000600186602111E-002  -4.4326978186241123E-002
   25.493822338316416        8.1554220135144959        2.5856630332478292     
  -6.7866241303258079E-002  -6.5111797543591546E-002 -0.10027502268377213     
   18.841846127633392        13.051010002885448        6.5705461234080786     
   5.7696280134755487E-002  -1.1209583897857209E-002  -3.8372889539624193E-002
   9.0176462268698749        20.630964812853268        3.1785408319634285E-002
  0.10667332286247419       -2.4103104730288715E-002   8.8763855634901745E-002
   25.820962835689190        22.496296590060016        11.538292774076655     
  -1.4857401235521215E-002  -2.3676472427485114E-002   2.4101096182235597E-002
   3.3144989957501876        22.513570964479442        3.9162387472959015     
  -9.3028246940414006E-002   1.3639894364561870E-002   7.5036687678768699E-002
   11.633828563206588        5.3459149177557581        9.7246809811015194     
   1.3669116376457638E-002  -2.8681883724169851E-002   4.3476595782501057E-002
   8.6593250177453065        26.327746860309112        8.4540733576481877     
   2.0475203531828360E-002   2.6515752625772094E-002  0.10413077190867438     
   19.953769480810855        19.151598788980422        23.116156505944410     
  -1.9640665725421596E-002   8.4962789482098441E-002   6.4247868203287706E-002
   8.4144486719178779        15.659231386036488        4.8782086952682242     
  -4.1247832830759272E-002   2.8647484629539841E-002   4.9717682353824358E-002
   9.2549737896065007        10.919445199360243        7.6881824170773756     
   1.8130091324708240E-002   2.7308325825409576E-003   1.9470348995581494E-003
   20.781293624602139        12.811488422430239        11.979593320694352     
  0.13987187545039620       -2.5899795623892698E-002   2.6244537187564098E-002
   14.410339116073576        3.1767265636269606        14.305379448137961     
   2.7733604279000904E-002  -3.2183741349186626E-002  -4.3598636759369473E-003
   6.5330722025501933        4.4768684682887780        17.535841586954682     
   4.0831026364702129E-002   2.6826175273047176E-002   3.3229822836811550E-002
   14.790999704687605        17.299062222953481        18.189737659113984     
  -1.7952384021552709E-002  -2.0867884730365837E-002   1.7301807684352789E-002
   1.6535355034648178        10.949677466346220        15.245749042234332     
   1.5731098761272919E-002  -8.6979957909046109E-003   6.4135098595554052E-002
   8.9791482723759888        22.746747923602712        19.565536086140138     
 -0.13909110064837715        6.3768821423387020E-004  -7.5424064011765709E-003
   11.978604934603208        14.410692339797411        10.549476697652906     
  -7.3009151523798568E-002  -7.7241756279265994E-002   1.2682506326959131E-002
   13.140240420514676        8.1396661482389963        4.1184717436348954     
   3.2908986718987038E-002   4.6351500649454258E-002 -0.11311975265514597     
   7.2475953174791625        6.0131197581183358        6.1327637786776197E-002
  -2.0067209938786901E-002   4.1174419606831901E-002   5.2330379879940173E-002
   16.251294251586984        26.008274815150632        2.8659262643102807     
   1.9976003078481099E-002   6.6747490409686680E-002  -1.1068090034731698E-002
   7.0667431454343683        9.1372304759424647       0.29935859822926381     
  -2.1310341223277414E-002  0.10232729023426927       0.10168095692792525     
   17.501864689644279        17.417793507518514        26.465070028599573     
  -2.3363879702245616E-002  -2.3090893504454545E-002   2.9599184265166223E-002
   26.131799024232826        19.267898823558721        18.713141433682559     
  -9.8887314695792101E-003   4.5410322820963175E-002  0.10465419622759738     
   19.080085326650195        3.6702951579681899        2.3386141219576331     
  -5.4216846649792544E-003  -7.4189660090406201E-002  -1.3562286631963934E-002
   6.6215092339413504        6.6481819170116374        6.4255022389685266     
 -0.12635579749670386       0.10561182108996760        2.3560308323848353E-002
   4.5233722696999443        5.1700274433207625        2.4302135102313827     
  -2.7151715571893054E-002   5.9608674637582446E-002   9.5333077464893785E-003
   6.0159407031317942        22.055646783610957        7.8247176495155708     
   5.1219714822786311E-002  -2.5907261673117538E-002  -8.3018338141263373E-003
   21.641796850320638        17.183643019377477        26.055143881856271     
   6.1393836599608578E-002  -6.7083805540341698E-002  -5.8928080730307440E-002
   24.795516726833569        8.2812111292666390        26.457924513626185     
   6.8316467524072499E-002   5.0368625719937221E-002   1.2915046475044977E-003
   24.197925470138209        7.6186848486864411E-002   25.919407044010359     
  -1.7546952308062681E-002 -0.10058638568414698        7.5765990293570298E-002
   7.9590468501298819E-002   3.3796007063831830        24.403150692759244     
   4.6368700857765788E-002   2.2594960982930009E-002   7.0453205983919218E-003
   16.640848189358110        8.1554129348566100        18.558551504023480     
  -2.1471633609291630E-003  -1.1276221324223951E-002  -1.2775592504517413E-002
   18.949066644345329        23.793353574197976        16.801296371573095     
   8.2039446583681452E-002  -1.4222337726697174E-002  -4.1103032660499292E-002
   24.704203966431773        13.248448203317922        23.030143188742557     
  -2.0914574212463287E-003 -0.12479354626019708        1.4412351265437393E-002
   14.181801330586154        15.681868764517635       0.87466518634936752     
  -5.8161773885160523E-003   6.1267650825920859E-002  -2.1736923834034853E-002
  0.49217834361520268        24.824798522531019        8.9975887882602503     
  -5.2825778881246406E-002  -9.1749962635632055E-003  -5.5921729408393239E-002
   1.9274333204210157        22.205143753107098        24.886693756400529     
  -8.8406494848926633E-003   5.2878010908799740E-002   2.4239149602405405E-002
   27.155716273803801     
