   9.9514996552411787        16.248487374528011        4.3822413174350636     
  -4.6336007492344487E-003  0.13159898061895953       0.15512676203831707     
   23.850750933101079        24.790310775909234        34.137696583068461     
  -4.6303234608298639E-002 -0.11965815127684416        4.0755864750185368E-002
   20.631144141070067        13.766787960794456        36.712323619265604     
   7.4821186042319271E-002  -1.8416085567525255E-002 -0.21842213197942598     
   31.636406672359154        26.663109943578768        31.916595598094187     
  -2.4198143013971149E-002   1.7831590175032535E-003  -5.3363515573689235E-002
   31.931164926567401        25.595815050585312        39.308241360439588     
  0.11612539783004722        3.8237325734995158E-002   6.0140848324249790E-002
   12.494427736114222        21.701234119457734        7.8824100250708726     
 -0.14402349070387610       0.11678627966844712      -0.17315313776313990     
   16.759711474978062        25.703581013159599        29.822119411442010     
  -7.2868721679015647E-002   4.4819717844727588E-002   3.3563163032167997E-002
   20.013872837730943       0.70520886639506897        2.6147984439506873     
   4.7223537790012414E-003 -0.12940446032764658       -3.0020382711847322E-002
   6.1920666073636550        29.327148012375169        28.791930304564509     
  -3.5407883475880919E-002  -7.8819412205140341E-002  -1.7255201568143912E-002
   27.701022026091291        22.396285045176498        10.090100317426723     
  -4.8792188379881878E-003  -4.3854811077891707E-002  -6.7566249415841320E-003
   19.836951546155927        32.296052989861550        15.679722526568135     
  -7.3616842542810534E-002   2.4247045936314510E-002  -2.5799976701013430E-002
   36.085775222201697        28.810654556503927        5.3254375575772395     
 -0.10003379298164054       0.10358206624449311       0.22593014529376390     
   33.188204143724434        19.389740721937706        12.094133737365381     
 -0.14817474201935904       0.11542815043187934        9.5742423576082730E-002
   11.572017597093597        34.665374018388050        6.3252835851001050     
   3.3006613705651708E-002  -3.5549644586891964E-002  0.12594475217007287     
   17.572507272009751        45.503024987449066        45.270860995507277     
  -8.1758241520042629E-002  -1.3168254774675597E-002  0.10322741820233074     
   44.005043786960577        6.6113941854344924        27.177124450824870     
  0.10639077282814587       0.11825252795290138       -6.0442062624901385E-002
   32.573374152888313        12.154887503865172        34.793002665584396     
  -6.8854240231110087E-002  -2.7111064722869876E-002  -9.8520936464772918E-002
   4.1218937611955155        26.415052189039628        31.269415635850343     
  -5.9069272878596569E-004  -8.1169444527070173E-002  0.16252648080509555     
   16.678195151107548        20.961730735072756        22.242963696687458     
   9.9435874703018554E-002  -5.9373874300752458E-002   7.8341339554085510E-002
   14.340992559790859        31.600686857100278        29.840433740628843     
  -2.7267168107349541E-003 -0.12197556637102806        3.4488094039967526E-002
   42.353111409227161        43.291689027392877        30.961592081888970     
  -7.4843532732012691E-002   4.2377223389888578E-002  -1.5818129868539479E-003
   41.802364004301651        40.534001633811805        36.757879211995665     
   7.8658449643301390E-002  0.11292842212050873       -7.9330311682195898E-002
   6.7104244735861087        11.543329654058139        7.0743654748298690     
  -3.8259590345089418E-002  0.16426506121042128       -1.2782212784447610E-002
   45.007480683516846        1.6418471698159098        6.4072686262181406     
  -1.4521728015814325E-002   6.3767080301919826E-002   4.7470051281208831E-003
   26.110041155311940        22.834258245035119        6.3345758011382971     
  -3.0850135505853488E-002  -5.8040273656798152E-003   1.1870678842907594E-002
   29.231272567990661        7.2896430653639133        7.9335698456957582     
   4.4277071107829601E-002  -4.4229392934832232E-002  -4.9333983901241885E-002
   5.7008824076806528        4.3946604773508682       0.27021764302188445     
  -1.2423143431263538E-002  -3.9237598031083530E-002  -3.6316247574646882E-002
   43.574258863779647        23.032327036322030        31.272911322249414     
  -6.0949630750228127E-003  0.10898884347250148       0.16714230136375027     
   16.006973365761265        36.695319553206502        32.874668960581417     
  0.11942541604892658       -1.0138440168746397E-002  -8.1443225214197015E-002
   35.380038608767954        15.484758445613425        37.714832955711444     
   6.6800594365761412E-002 -0.11660915599737574       -1.4369162933421260E-002
   17.538317938698125        41.717230402391202        25.816846876986265     
  -8.2035021699383745E-002  -5.1585188364120502E-002   2.7633026679076186E-002
   7.1717727310540589        36.142129136106377        14.977491603342470     
   2.3389593351792613E-002   2.5401212824552741E-002  -3.6007699302265765E-002
   20.362083184441715        18.796269805376348        36.825150816430174     
  -4.8183444105044443E-003   3.0328102002468046E-002  -8.0597927253959811E-002
   20.587297085002103        20.776598842013687        40.775410584003680     
  -6.2446224208185302E-003   8.0077582005493794E-002   7.0323486754040224E-002
   38.076604815410761        18.417759951838541        8.1879528036700258     
  0.11316633699594408      -0.15285705384331227       0.11498577682439064     
   36.440132382694472        28.407017219517158        30.355949641871987     
   6.4349111040599453E-003   5.5916904133624976E-002  -6.4051288611971402E-002
   21.160115219980035        35.596960568333422        45.142884509231095     
  0.16415976513629421       -5.3574610841076814E-002  0.13128658690028289     
   27.947662015392257        31.005770884467811        25.407288122193698     
 -0.21398846749518854        8.4389735017010387E-002  -1.6016780678392548E-002
   42.821906903619549        2.9652891107850774        24.848166597209325     
  0.11405027967327128        6.3711849444367974E-002 -0.14282985006737292     
   37.356625833782722        10.702767801383215        32.069325139103462     
  0.18501627159574360       -3.1865292726803829E-002  0.12098420188283053     
   5.1908953714241610        8.5500425680498076        9.2056788082318093     
   6.0613174970286038E-002  -5.2990878970885689E-002  -5.3659364399938167E-002
   28.412133494129353        29.893170165826884        31.062098702544510     
   6.5668834897288822E-002  -7.0487550521470668E-002  -2.8337986698593033E-002
   22.474508073887701        20.591110776807579        28.025490722485472     
  -9.4489065076874379E-002   8.5632340971899590E-002  -5.0971300214977318E-002
   39.729167658867361        21.657828301421134        1.4364438399872597     
  -5.8539524036529582E-003   2.9180904954172915E-002  -2.6333167907618197E-002
   1.4124797793313297        10.163166377287483        9.7846857193814802     
  0.16167378290807988       -6.2952452525796440E-002  -8.1605568137960882E-002
   34.383569674653245        18.707407945950635        44.124352250257218     
   2.8443211979827292E-002   7.5992630482861048E-002   8.5199865777869990E-002
   25.901377228614258        26.194439923327764        25.726649392218874     
   7.9634598471069754E-002  0.12702445684375238       -6.9670837950665549E-003
   11.111860570148290        25.712038943291510        40.390603940655538     
  -2.3921487179200267E-002   8.2852665408100837E-002 -0.15090261876825015     
   9.5460477619467117       0.80583084814397921        13.466327611492424     
   9.3502059598878848E-002 -0.17315714983930752        2.1870407110902889E-002
   2.9582694722080589        19.790021011735902        22.403988264515483     
  0.11248928720537486        1.0232467065456696E-002   3.1454002382748029E-002
   14.199285622735808        7.4650988276483501        11.374844219503517     
   2.2214146344823577E-002  -7.0589037195532792E-002  -5.4674959662623776E-003
   20.146684727023199        5.0835590571492570        12.954788746348969     
  -1.7727898019235439E-002   1.8445650612736765E-002  -4.4714402144280997E-002
  0.74781285472163417        41.999821729332837        21.578630388750003     
  -1.4981972634069257E-002  -1.4790084804737610E-002  -4.7340646701029214E-002
   34.466410028891936        44.851024961355535        44.672287338339352     
  -5.5057905484884602E-002   2.5195802395520963E-002   6.4006287612265136E-002
   28.843483591390878        9.7236400874859701        13.867344560438715     
  -7.8249297640478652E-002  0.15465186680451976        4.1226991912817701E-002
   7.8227722425710056        19.320954534563288        29.695970443986401     
  -9.5230916457860661E-003  -5.9737438819989525E-002   2.9207187465833569E-003
   13.656036526339175        27.856761244913564        15.110157756530638     
   9.4593535113579430E-002  -2.6518667177876494E-002  0.12350355320361814     
   36.273459648989416        10.049405303330998        10.162012485815103     
   9.9689543301111017E-002  -2.2985080172745382E-002   1.6678779869583243E-002
   23.932039732238788        32.135852478750877        38.605714010261430     
   5.9608200584457406E-002  -2.0388873034368482E-003   1.6543286842160738E-002
   21.317457239496381        37.918348784584147        41.554538006720783     
  0.15286623292551985        4.3121725330167199E-002  -6.6795017121747341E-003
   13.723783988892050        41.524297095853882        18.174611450704912     
  -4.4759805733024689E-003  -8.6461836636843772E-002 -0.15878214540811500     
   28.874616067060092        24.738301394840519        40.128403207108967     
   1.0962078477580980E-002   3.7296459390545836E-002   7.2495487353140473E-002
   12.002003065364830        16.073371542766264        20.849273657092912     
   3.9825190948531423E-002  0.10957856875185490      -0.13023358089513212     
   34.833903936676897        2.9204289479839352        5.1930892853965007     
   1.2288024688186690E-002 -0.10285231393842122        7.0188045328204121E-002
   16.064216711925265        12.555181163858510        45.480870563855085     
  -6.9206039697088167E-003  -2.0666837842222143E-002   1.6702427041626170E-002
   11.490783886374071        36.564467079817618        19.449131718976112     
   6.9980713521363910E-002   5.3681251947259062E-002  -8.2471277462569381E-002
   33.343949353198745       0.19669671951345016        21.779601378400582     
   6.0194088182568169E-002  -2.4159288487437158E-002   6.5355386504406435E-002
   17.361623801236465        18.307514980541296        45.604940855875562     
   8.1756134212081680E-002   6.0955004062242940E-002  -3.3521676009080491E-004
   42.879093388263506        15.984040757570385        7.4474119259495124     
  -1.5913099115613921E-002   6.0881874093548824E-002  -5.5156861801021410E-002
   6.6572082128446057        31.339291488435464        9.5184810179934303     
  -2.4144666766142405E-002  -1.7299522969342458E-002  0.13607069318598153     
   19.548651994864109        2.1578043358127070        6.7528179701428286     
  -6.4321546083143749E-002  0.11293163035559738       -3.9981648219610817E-002
   42.087009914142428        4.0782737293836213        17.230043143008320     
  -8.9596012123379629E-002  -1.6745872060325968E-002   9.8638545072706030E-002
   19.283408539382982        37.376198433385525        9.4747307082122987     
  -4.8332874299478190E-002  -3.9247043428419282E-002  0.10738964716118715     
   43.968220828576769        30.728993042777528        16.470381270725323     
   4.8607386823277636E-002  0.20334503295841175        8.6930763776615960E-002
   6.5281566540057430        33.907483058557098        43.286769819355094     
 -0.12288901350501383        9.4569766933523987E-003  -6.6550244241066051E-002
   29.909766120720722        12.958157683070366        6.0239454080800563     
  -3.0127652549590444E-002   7.7276488307378391E-002  -9.9962217840262699E-002
   36.223867950921907        36.459870703329742        12.629744804520593     
   3.3763300492413967E-002  -9.2349912178429194E-002  -2.5249449497142834E-002
   10.717275489967133        43.343277513347303        37.388055767773288     
   9.7869944855042704E-002  -1.0995512402041550E-002   4.9234364904707548E-002
   5.3183038649401198        14.681201621595987        26.636592072246955     
 -0.10470835699350990       -4.7318239363844550E-002  -3.1611968800225550E-002
   23.906652273169950        33.031466572882657        30.095536761965722     
   1.6077116134625501E-002  -4.0280333369267403E-003  -4.4603082006063964E-002
   2.3294726470866327        7.4071551265919231        32.913017733280114     
   1.6494629476898729E-002  -8.6698858787237140E-002   1.0931540658040188E-002
   25.771295843893387        17.280126955709925        7.0825396254592379     
  0.13787535541440585       -3.1599925210496149E-002   6.9711304321940032E-002
   37.768425855188475        25.861591551787669        38.126151126670244     
  -1.3640369541379753E-002  -5.9048552544975971E-002   4.9774772597681670E-002
   9.7553903416822738       0.46072360079411723        9.2485720140507688     
  -1.3406178627177353E-002 -0.11444083735637976       -1.7099811205216850E-002
   26.832938741883201        24.700023499495849        12.041485192730546     
  0.12008588082341003        7.9421913400993957E-002 -0.12376463053362632     
   24.206648949068004        45.793113873330668        26.304498211172429     
 -0.10872505698094247      -0.18819436700646561        9.7011040904240842E-002
   25.165277904254957        19.672881518437908        38.528779274236570     
  -2.6625942900037804E-002  -8.3051433579320478E-003  -2.3472017180184955E-002
   27.674935679112210        18.821367054171986       0.67009713593223452     
   4.5504451288990487E-003  -1.7974912920428025E-002   4.9044053980873407E-002
   17.073292940753241        39.996468866903584        35.763806545231091     
   5.3442602054951667E-002   9.4816493602258717E-002 -0.12049473539763282     
   8.9862781761478470        37.246238026520658        31.478061324381290     
  0.15070128746249672       -2.2426684118202905E-002  -3.1753083702488027E-002
   25.959477886768958        45.637294463320728        22.665376794714973     
  -1.2282148658116089E-002   1.3469658816167631E-002 -0.16961479658119979     
   13.890278148261494        45.042447482519037        43.496241626285880     
  0.16622782648722997       0.13110137038066866      -0.20840334631771440     
   25.660896928064240        22.714477643682478        15.294882358802401     
  -6.8870558715524957E-002  0.17259174075135147       -8.9687173000425904E-002
   43.956543210313356        26.730992380246082        39.439609898503399     
  -3.5174404345178448E-002   4.0927613833538150E-002  -2.7088626889260725E-002
   32.607772227586743        24.683018962165004        26.651657662408915     
   3.1569659793185427E-002   4.5381109869456170E-002   3.2299555889257106E-002
   7.6832371431075694        34.592096286118689        4.0969970426552871E-002
  -4.5109859628352372E-002  -6.8698699974713465E-002  -1.8752207300456666E-002
   1.1268030082633171        44.339217289710227        31.660720958774302     
  -1.0511233427556211E-002  -7.9453514241179524E-003   3.3576325257239380E-002
   19.944778558596163        16.782356564890954        33.906025214606053     
  -7.0632182199562105E-002  -6.1350484079985987E-002  -2.8545666067460899E-002
   39.547481753220936        35.070994003724856        5.3314026916771295     
 -0.11871382944460290        7.7743705430563220E-002   6.8886587649924867E-003
   2.1069214295686427        32.918949583739291        44.084655332548010     
 -0.17984743068941275       -1.2285796107058553E-002  -7.1247695636526734E-002
   44.550272516792880        35.253884054835773       0.46602346689671204     
   6.1893384989744601E-002  -3.8461686951424351E-002 -0.14242933488587026     
   7.6683421607432480        27.406848103497062        37.184522159844711     
  -7.0997637384023912E-002  -3.1065863926982495E-003 -0.10995510706911928     
   35.148969063632215        10.606803395005052        3.9614230112052842     
  0.10439066134652822       -3.6096447843097464E-002  -4.0469060146799421E-002
  0.55870320788954764        21.195002587632430        24.802317562573535     
   2.0707996663672946E-002 -0.13615292340737034       -9.5716722518863373E-002
   32.707201093986129        25.792966390787640        16.833414326158959     
  -1.4614944039154469E-002 -0.14301150130070336       -4.2798916683573184E-002
   17.220995724332624        31.727698826653224        44.376568062589847     
  -5.9720683589581366E-002  -4.6319181032024086E-002  -2.4848472395092608E-002
   20.958682451378429        35.355709572782800        17.887875191576814     
  -4.2965122296434462E-002   5.5837695983498269E-002   5.2101523124496035E-003
   44.485822262183270        5.5530318689592795        22.291300647822620     
   4.8955582540633341E-002 -0.13457303073554247       -7.9092287869791889E-002
   31.622968162068055        27.401242936908041        20.068256270572036     
  -5.5884465282968060E-002   3.1593647326660611E-002  -3.5366421254420598E-002
   26.380465741417844        27.023673699010651        22.312009117028328     
   2.6638803340111303E-002   4.3768643807494248E-002  -3.9290109052447605E-002
   6.1508825952877304        21.579689046190321        37.815406860526593     
   2.3588955059229835E-002  -9.2528190251890824E-002   1.9047477901109642E-002
   35.019893824541469        8.7173881007532419        21.971145245041551     
  -3.1008658917935163E-002 -0.10271394767828936      -0.12059237412345541     
   31.410689612501557        39.847568986108115        14.190202003484483     
  0.13684808901529724      -0.11755984296232483       -3.7901833783808493E-002
   35.124773438614206        43.846365784509636        26.445694707828917     
  -5.2605016487758576E-003  -3.2866325240931679E-002   2.7408846396033963E-002
   24.344399635195426        16.670537904495191        32.405202129148563     
  -6.1536730469297855E-002  0.16976722981931242        6.3592170615557150E-002
   8.7975474721973921        44.027282633680343        43.866332734318902     
  0.14937008907629507        6.9038252375714065E-002  -9.0796124674749776E-002
   37.337069236615186        30.213584316053897        12.588795589159583     
 -0.12912654107275845       -6.2284827509559534E-002  -2.7728865341004227E-002
   16.396138533158705        36.713616236538769        27.814762099234475     
  -9.0934615369591396E-002  0.14374043014628982      -0.12225140729401389     
   3.2909458103675302        41.283549990246719        40.300240091239218     
   1.8808113553780956E-002   3.5940045473986849E-004   8.9802489617355596E-002
  0.84409762485530482        7.4744905416576888        40.837159886203651     
  -9.2874478120786738E-002   1.5622329900711676E-002 -0.13833528707274975     
   12.477839194189327        16.503465972583331        30.456789747787521     
   5.1879368055423369E-002 -0.13022814993719617        4.5848643507276174E-002
   14.479254234026753        23.509094469853082        27.222864916474364     
   8.1017156809287283E-002  0.18677235763250283        2.7642002228888112E-003
   5.6250870144262901        38.033297019555576        36.839380798801130     
  0.10053324075980034        8.9457625433349119E-002  -5.0316525489592999E-002
   25.388744647782310        23.276746945115725        37.556500076840571     
  -5.9509527115041601E-002   2.0341485284198896E-002   5.9137682861565309E-002
   27.478756938376481        36.676063485044679        19.598151986989247     
  0.21892096696070765        3.9898532283198868E-002 -0.14389491662890802     
   36.493368404353021        39.875879054077238        6.3738586145169487     
  -2.8001944808226261E-002  -7.3031162832054339E-002 -0.22068126779497818     
   2.8757757886174442        23.116373694738268        40.908710976335129     
   1.2615433121758238E-002 -0.22186871983141943        3.8321303286532826E-002
   3.3310939841170053        43.513996779557822        17.681804396442359     
   1.6310795924650744E-002   2.7490569567903630E-002  -5.1793518854447419E-002
   25.894529019555993        22.120616217093652        25.780980960299651     
   4.5997687456551632E-002   6.1632448146864121E-003   9.7749915617708460E-002
   2.6009987696674348        16.905632231433732        36.300864129137707     
  -6.9628351474717937E-002   7.8752345287071382E-002 -0.10496821766528619     
   9.8839010833834120        31.683264004995102        44.168140484604905     
   1.2052007426890067E-002   7.1766372767359324E-002  -1.3123753278670981E-002
   30.144961593149638        35.282028715693961        41.469544364746497     
   1.2436540788206253E-002 -0.13320884971347011       -1.8943641775833069E-002
  0.10129241725840511        22.622837079823931        14.492254454169595     
   5.1800909423862292E-002  -4.8950597398841125E-002  0.18837537400844812     
   31.206180031239924        39.564851940848918        1.7811564312651618     
   3.4360486931367049E-002   1.8459638054734492E-002   9.2835134699970536E-003
   11.433294047433813        21.846713617037327        44.631642622022227     
   4.3969713835474482E-002   1.7620533128908170E-002   5.7681771447572298E-003
   40.689652683500796        46.089283982118758        34.519877709815319     
   2.6932024822620384E-002   7.1253873997640271E-002  0.11814673680391691     
   40.274032471227827        36.986702707882927        12.779688963397964     
   8.5330704127039136E-002  0.12170083674673679       -7.5134748424967202E-002
   18.735545873370654        45.968539986858289        30.864850115949686     
   1.0801904542151309E-002  -1.8079256571360076E-002   1.6216278148285530E-002
   45.011203716775626        17.348568972063443        9.9591988756470702     
   4.4664481531287492E-002   6.1040842497743664E-002   6.4619829097324014E-002
   36.499820079289044        41.483400558000206        30.630929291135370     
   9.3270870745092715E-002 -0.12798549102296272       0.12859221683434949     
   12.064872066855301        35.058530704804063        40.807476737757717     
   4.3589646252426978E-002 -0.10350226677682391       -6.1743850973730127E-002
   4.9745424654170307        10.191872991829634        18.744309526223425     
  -3.2495290782122495E-002   6.3157694808462202E-003 -0.10277506272313952     
   27.679951751568272        5.2050666089658542       0.17667403512658736     
  -8.1020624324268219E-003   5.0928098276185524E-002  -3.2476150628711641E-002
   15.781339299265715        23.116060557819079        6.1880215192511567     
  0.21081044366821844      -0.11550545980823775       0.22220281140456621     
   5.6821404703086023        8.3685142122784786        23.270704051499983     
  -2.4456915620117082E-002  0.10163874037073965       0.16678764919967035     
   32.832457279977774        19.586880934216520        21.004797068689463     
  -1.4919699154537740E-002  -2.6608373123428279E-002   1.5992371326733767E-002
   24.842561614996264        8.4074633791130111        16.120519541670411     
  -3.9999013866105507E-002  -5.5451027437909556E-002  -6.5809978694316651E-002
   22.270135987800753        13.195693770765731        4.3024656717985543     
 -0.13222253395680136       0.10745265636546213       -5.8838842277394561E-002
   38.162894930941739        14.627559610944585        30.066720293640490     
   9.4051365610422002E-002   7.2924015756519875E-003   2.3484648655532942E-003
   23.584550625948605        6.4505562645848453        12.319230682551192     
  -8.9072303897386504E-002  -8.0135109073940822E-002   4.0374583922389420E-002
   34.527201404735258        30.314110672242087        27.648472983574511     
   7.1209151484542793E-002  0.14300145387747681        6.6756395536206993E-003
   23.746587635709201        32.433498492735374        20.867679346260967     
  0.20799001216644344        2.2258003116416899E-002  0.12829896248318459     
   24.511931778953223        42.410896014166582        45.927588225730112     
   6.1549855957206683E-002  0.10406256680964782        2.4390806057909213E-002
   12.365148548053311        26.325027166529285        10.199119441738894     
  0.11576185679721555        8.8167193220990606E-002  -9.8859226435783362E-002
   36.865678238539260        44.466791859229843       0.80851409066285518     
   7.0250579950730058E-002  -2.4912408746545329E-002   3.9680753414550005E-002
   24.941473368558214        37.174705989548656        41.524536427984934     
 -0.13746651187747497       -5.2950330114229997E-004  -6.5020665969989025E-002
   17.416418518531547        16.925176258131398        4.4474515701335049     
  -2.9017873580191804E-002  -2.8589041014615603E-002  -6.1857203555986768E-003
   17.034897303283547        18.960329679298258        19.127318609334786     
   2.6126796557860574E-002   3.5828256735534331E-002   6.4228552231118535E-002
   5.4167828114859322        12.292124168112922        33.782655434994595     
   3.4862559055541510E-002   7.0772978859416122E-002   4.6717666242105216E-002
   43.378256067756752        41.953967446753396        10.418063727215513     
   6.3256819536870873E-003 -0.14762076633476456       -8.1901465460359549E-003
   16.193161511396756        23.727211068833544        19.073882624061810     
  -4.3703448769284177E-002   5.5044980181522207E-002  -9.8486441301030042E-002
   17.692345960658265        25.111763712001594        14.276626547857129     
  -3.6735639931862081E-002 -0.13957722736848385       -9.8906189246416292E-003
   15.073203949416035        29.604059553952222        3.5033789646264859     
  0.10310885110184360        5.4104594881311481E-002   2.2055699161646496E-002
   17.183011035933834        18.473579822374322        13.952109929230863     
  0.15372668535945200      -0.10412456027398349       0.13225620518104639     
   3.7217315332743439        36.402938114456305        43.448928993798638     
   3.8954679586440152E-002  -2.2914068594741262E-002  -3.4689291957803012E-003
   6.8362715507446516        15.698704368051210        8.1582830909312154     
  0.10248493241411238       -8.5436485195587060E-003  -2.3202025455448649E-002
  0.46943091987016333        6.9615982668488743E-002   2.0100305403203054     
   1.5654734130392738E-002  -1.3468400250597010E-002   6.4608093042315975E-002
   20.506158677545436        39.409738907129700        12.462708200855854     
 -0.13077631906232895        4.0669223656440660E-003   6.7551702829306629E-002
   40.737519634188324        43.967112756601182        9.2430882479718992     
   3.5808652331614260E-002  -2.0267479242555963E-002 -0.11950741864714913     
   43.727643486159863        24.857802169278337        26.045186451840959     
  -1.8046394727744153E-002 -0.12021234923385921        2.3120943081887089E-002
   24.340245793034608        29.978535099281167        6.3837092136485847     
   8.7961811639331311E-002  -2.6542922044599588E-002   2.1664064773521008E-002
   40.713197170592828        13.913977865806171        32.350428043426390     
  -9.0509831772277866E-002  -4.1113723422993589E-002 -0.11366854444023052     
   12.199947463592647        11.403566710654195        13.334786847914067     
   1.8297035667609700E-003  -4.1093617785471305E-002  -4.5673641388359422E-002
   29.214911649108416        13.822490783964867        12.334963037909972     
  -6.6138635688149146E-003  -6.9325874140375846E-002   5.8382689375143772E-002
   27.932922912814472        5.2918029097725929        28.959741623514429     
  -5.5882974572636593E-002  -8.2489552741018504E-002  0.10208076953912723     
   27.105069474015469        26.144505071281674        43.845405406658273     
  -5.6492242182745067E-002   4.2782944293063938E-002   7.6398305958142905E-003
   40.250428680599555        30.907414963872682        4.4645867260056527     
 -0.13139913903839517        6.8194769727658464E-002  -3.0318139494793055E-002
   35.820417950682980        31.172748902339585        33.557320819336404     
 -0.13473214533780301       -3.5714697841406273E-003   3.1015062467729188E-002
   8.3643925571557141        40.244654598269030        44.468391289617124     
   2.6557474915675439E-002   8.3906031584899399E-002  -5.2910787497525390E-002
   39.958622922666585       0.24221695787281858        16.351920750072502     
  -7.2177928156581903E-002 -0.10902012965341648       -5.1581637578871957E-002
   33.030555816395641        37.057743126203412        15.726352238987412     
   4.0724812414231995E-002   2.5135735380533455E-002 -0.10353661479046619     
   39.417254489821445        7.5528913511398779        16.103156210885171     
  0.10936097268546513      -0.11720181423962818        5.3660004348702113E-002
   35.656223531488287        24.184837339795866        1.0395760215466927     
   8.4744000794506169E-002   6.4860064149821400E-002   2.2305894985141926E-002
   45.359893048242526        4.7624389835633112        44.359880391183815     
   8.8955394097458021E-002  -8.9989919790343528E-002  0.10139589994614601     
   43.268796631124289        13.798912041883645        10.648486720769197     
  -2.4857223288556720E-003  -8.9792819823274805E-002  0.19205466969249349     
   13.652694982196568        19.274720945656171        24.063142738492001     
 -0.13287108119263075        3.1218324578825328E-003 -0.15626654377437499     
   39.065417308083362        41.979393519093080        13.746908390947491     
   2.8441524357629054E-002   1.0269625894934383E-002   3.2666335714605005E-002
   8.2961755578327665        41.137322326178264        13.396532839223354     
  -2.8063717740379125E-002   7.4785577819835913E-002  -3.9745207365405176E-002
   26.451013428501422        4.7323741923689244        11.886383093872428     
  -4.7918612195672873E-002 -0.12752829760189899        7.6104132136194200E-002
   34.203132173832621        23.325742726839831        18.953452218093386     
   1.5158228413907201E-002  0.10385991326497708      -0.13572543218066024     
   11.512084924423705        17.891874762958459        27.280959017243333     
  0.15203608065153740       -2.2856540375811193E-002   1.6162706895594861E-003
   4.7468804080950644        31.207850598487376        37.031330776591808     
 -0.19849808172587291       0.18877130466327322       -7.8874656351355793E-002
   37.271295301853748        6.0904077644356516        3.0285197036424032     
  -8.4486132211541130E-003   4.2555662543134365E-002  -6.6514011169463141E-003
   38.561329146698114        2.5719523806617826E-002   37.663476544033664     
 -0.19761568330787588       -8.6154330339423352E-002  -6.1469764271425463E-003
   24.800387941818393        42.568043041699482        34.675268456056699     
  0.11145196097493790       -4.9462453527222595E-002  0.15209716525490508     
   41.380229383829302        42.028349171109127        3.9995445130588267     
   2.1407930273182222E-002   7.7391975996846704E-002   8.4521742429353286E-002
   2.4713151129445325        18.436196774147373        2.3075041683583728     
  -9.8183383599951615E-002  0.10640872793219798      -0.11751895509008981     
   11.665075391636112        25.620590222965710        20.811086841775218     
  0.13079824189892567       -3.4921433994752497E-002   6.8414118572015500E-002
   35.433546586837380        35.308757134823828        29.269575074045200     
  -1.3086335341445529E-002  0.11196573230508543       -1.1535502645816289E-002
   33.263029414488678        38.885089600528673        10.886594796011460     
  -2.0799868387434115E-002  -2.7506776210000266E-003  -5.4910202789520177E-002
   32.817989629754713        25.272919702186929        3.9276282693765556     
  0.24598070231764371      -0.13587666100205639       -5.9086418183856876E-002
   4.9110709034124431        16.384625967177083        22.277511892874031     
   1.9299538841942923E-002  0.26516435223339707       -5.0947166183332809E-002
   21.141885326473673        9.2525272275536423        24.001829227554751     
  -2.0687315392750542E-002  -5.1829292622609095E-002 -0.14352180859357450     
   34.958943561021734        41.254430713785780        21.030290233240152     
   2.3738303876261607E-002  0.11300079564923221      -0.11395975976043399     
   40.940525877124664        34.534664483496108        33.639212390377182     
 -0.11360713302893272       -6.2794126888025062E-002 -0.14154594313926572     
   3.8170557032115360        5.7951190576973559        2.8078466585095625     
  -5.5135697602796564E-003   5.0031117989850091E-002   3.6925955810009299E-002
   38.354726596973592        38.753041040294512        35.906949092522623     
  0.15906524785492426        3.0781527716205810E-003  0.10729333588376119     
   13.437103884555782        9.3757447910688168        38.168377574311421     
  -5.9772739986872568E-002   1.1040933728859063E-002   5.5881875058774282E-003
   16.664436976866330        14.857850328545029        18.606197541436913     
   4.1163626710446467E-002   5.7215644546967773E-002  -1.7376705352726163E-002
   3.4621798085442226        28.940501367362419        40.217288065673870     
  -3.4446062412349689E-002  0.10039993890598464      -0.13488923051475799     
   35.554965442873169        26.865494077498340        27.264290389658676     
   8.0876372440324848E-002  -2.1578413133960098E-002   3.8735500767626531E-002
   25.611552033224875        41.958012735163145        20.196432338524570     
  -4.3584097811598541E-002   4.0645122988948665E-002  -7.5656834934433037E-002
  0.24050749316707079        2.8851406795330172        22.278336082430364     
   2.3390632482256604E-002  -8.3654964446570085E-002  0.16975754647332383     
   3.4554673465984620        23.963004797693035        45.047953926309908     
   3.9133441487150943E-002  -7.3834265851251038E-002   4.7655917879878072E-002
   17.712963327470664        27.786060901433100        9.4056593797782941     
   5.1432922476727198E-002   4.6971836553449567E-002  0.10987494393279905     
   8.9583067345736840        5.5168231973826485        26.864443976544365     
 -0.10951692235334064        3.2972132807065305E-002  -4.3160139011101745E-002
   35.326150199836363        22.413147940291683        13.841727134256057     
   2.5589866331724959E-002  -9.7212032023617830E-003  -5.1898604656355860E-002
   13.338253988919924       0.71210508143940199        6.7558394678877569     
  0.15621535592911820       -4.0139899741656181E-002  -7.1036319148049393E-002
   1.2742587564307886        26.181223489065939        45.960690045857227     
 -0.13754343800534474        2.0031094195336076E-002  0.17249610100503515     
   17.497139898216961        15.095803927809936        29.592599022239064     
  0.10970537682376386       -5.3385371672444761E-002   1.1999903911719722E-003
   15.674862936328385        32.546900407622836        40.948867712590157     
  -1.8050870967713548E-002   2.1974700474429653E-003   3.6183270474139266E-002
   18.113809580273148        6.0758892607644013        30.323102067047522     
   7.3318842171357937E-002  -2.3181485396719714E-002  -1.7556827449910261E-003
   45.910903427494567        24.699656903437276        28.808085626010410     
  0.14693692758335467        6.2491302673430213E-002   2.9645299121164992E-004
   42.914883911967621        41.785182630910548        33.727031213770317     
  0.20609047965839264        3.7497712770316993E-002  -3.2597347338137024E-002
   24.432573446514851        11.326993773375801        10.757943756657818     
   2.4230866559911243E-002 -0.17693339676109360        2.9219358708986370E-002
   9.6593481398277419        27.671158811856380        16.911596465574164     
   2.6947702819856345E-004  -6.5440881377809360E-002 -0.21606658550092225     
  0.30492178623214450        28.930529403542106        19.479452818835462     
  0.10403419325205157       -6.1775931978953806E-002  -2.3036682900490678E-002
  0.15473440041194644        29.822794680502632        27.390243148125570     
   8.4462681158575803E-002 -0.10675457724721844      -0.15699747428633412     
   41.212019486106932        45.796716224892229        27.232892251498132     
   3.4430575264558574E-002  -9.6014133258441728E-002  -6.9348192356512128E-002
   10.974747563018180        4.1371935253574721        34.359497991618468     
 -0.18334816165834308        5.2031287540798880E-002   2.1732561923424352E-002
   14.098806277176369        8.1897645289322902        20.736385827609265     
 -0.11137701038082073       -3.8550169216616609E-002 -0.21950713681204012     
   12.133914003171094        16.662214603061059        43.369492949678467     
   7.6506540537124801E-002   9.0490539322691341E-002   1.9047888613620254E-002
   3.2622072425858248        42.117091819685918        7.0655974235589403     
  -5.5076206533695937E-002  -6.1146988691177108E-002   3.1801507354909820E-003
   33.385169336813576        5.7884411355419987        7.3958004368112054     
  -2.7446813717099772E-002  -7.9757409877965729E-002   7.7655855760005166E-002
   40.823716141683811        5.7419533960740710        1.8382962878481703     
  -4.9621583125709523E-002  -1.1731677330662138E-002   2.9598692718861241E-002
  0.98964487833317161        22.501626563090980        10.985575853352856     
  -4.0309986859942221E-002   4.4528846493729839E-002   1.9185634669388250E-002
   20.211649824937375        19.918028983022818        7.4183797074678459     
   3.5251766406642807E-002  -5.7353732212522157E-002   3.1940342397776461E-002
   29.119321547281945        32.216346136685502        35.066819593847065     
   3.5596150606198453E-002  -7.7074950232079692E-002  -1.2776689712847686E-002
   6.1139146626970859        6.9261691986240823        34.991855872611424     
  -9.3333461886834397E-003  -1.0233780971398234E-002   3.6470470619726211E-004
   38.261766650501549        26.214099809251017        42.536005668856419     
  0.24066388331539360        9.9485564795755266E-002   4.3712046043411168E-002
   38.957584814565251        3.2794035924948934        4.1583223436561534     
  0.13203935655978416       -4.6975590644125834E-002   1.0998344942994065E-002
   33.375630148222484        5.9403602677464402        36.678052978200355     
   9.7906741590705559E-002  0.11796061772499195       -1.5068061192616455E-002
   18.719936633821352        44.758506984702045        26.701267573560237     
  -4.6113359724054080E-002   2.0949546815212251E-002   5.5855540583282869E-002
   40.756775085071965        13.280321807902389        41.812412727341609     
  0.16599383455677202        2.1941885046097231E-003  0.14480797084772071     
   17.503138924444499        11.162005820911617        21.669457422073510     
  -9.4772092176181405E-002  -5.4551404656746530E-002   4.8357492013470879E-002
   15.622660361039443        28.352911372934635       0.50376824064146652     
  0.14736794338104814      -0.11376691107746918      -0.10399093537699104     
   45.092228967110167        10.548945727010203        30.466932879014855     
  0.13759632351737736      -0.14487613969010923       0.15654268713470740     
   11.475590894131688        5.2849274727275848        5.0354600156674323     
  -6.3925530152198734E-002  -8.0462861091470592E-002   1.6493311062784576E-002
   33.514192925477715        24.792673999754264        34.961236899679122     
 -0.16089109808623650      -0.36412432916485127       -8.4868573302640374E-002
   25.047716032463367        43.482390302967886        8.9391723168158403     
   1.1553263897566401E-002  -7.7249546060938409E-002  -9.0660614847979687E-002
   42.531374521527674        46.079044442842843        19.099932071976450     
  0.13628156651752490        3.1895156199919894E-002  -3.6340219143471957E-002
   15.533445932624991        5.6229776730865089        44.574415766896287     
  -9.3417165375880698E-002  -7.3909933585369295E-003   6.7855292718667790E-002
   2.6390769466685704        16.151655500702237        29.171931585384357     
  0.10466266411729028        5.2856747056837038E-002  0.22625760911024179     
   22.319931062624445        17.032626552803404        39.172116289454117     
 -0.16131334527963492        7.4874051865235977E-002   8.5358661173007444E-002
   40.755201231099953        28.583097179170466        15.439894614922316     
 -0.10895745798663026       -6.6167872235239455E-002  -8.9753987408049893E-002
   41.009883767977804        4.3381416075665626        7.6186002779509261     
  -8.7649192089895148E-002  -1.2287944621884716E-002  -5.6942062740621920E-002
   20.051619045955956        39.190544201817374        45.959517670483940     
  -3.5066858686107663E-002 -0.13349637828859059       -4.9573116912651302E-002
   5.4176134702520118        35.613336045174307        34.095464458733126     
   8.0796058115830183E-002  -9.9870375544098236E-002   1.2188054112905822E-002
   44.244161364454413        9.4018392568745437        43.960470584057603     
   6.4923835019164702E-003 -0.13068826284102938       -6.3965604964601468E-004
   45.736102192161020        42.998102907068130        3.3857725801487186     
 -0.12014027793061177       -8.7876676135945395E-002  -2.6780375098557494E-002
   18.190528145971051        29.039293440297499        13.543218339969917     
  0.13717238499177664       -7.4236833335333069E-002  -9.2321660205225711E-002
   21.626677724752373        17.340885529881529        26.071163752254311     
  0.13319878994577197       0.11784551329382706       0.10449199427131073     
   1.7332876435019282        45.846268899660295        26.298904204153356     
   2.0591514515899353E-002   6.4147944375423593E-002   3.9123096141424174E-002
   37.736689255687317        30.707654004234740        18.070473306348283     
  0.12755676349078302       -8.5085248210518563E-002   2.3062078762217175E-002
   28.619601906129770        10.781080613033458        31.890470938620645     
 -0.12991862549525679        1.5215340443382904E-002   4.0019041550074401E-002
   22.160229442599572        20.158465860110770        2.4204316868133460     
  -3.6505416844646532E-002  -3.3570587287506767E-002 -0.11002179089568971     
   12.966824270916307        30.338702249413345        6.3089667255931436     
   6.4702055933269581E-002 -0.10727262830329709      -0.13369308556336429     
   24.523115173615697       0.97071500219035456        37.799605916481944     
   4.4108051677018173E-002  -6.3957497769424054E-002  -3.9842188190185215E-002
   18.586163367523355        44.309230094801379        12.360423661842404     
  0.13113128598958687       -1.8953498222083209E-004   8.6420888125315884E-002
   36.645838181651236        16.097873813930715        4.9635728791504601     
   4.4821310925532785E-002  -7.8408643726074589E-002  -3.3227014213012773E-002
   29.622007189464657        36.658916505665367        16.648354575556002     
 -0.12965143944949781       0.10102512250347875        1.6569659585590250E-002
  0.97765729573468951        38.660673851523718        19.792888384636196     
 -0.15510192033956569       -5.5865753789270341E-002   3.0603503559428379E-002
   37.606715278677918        5.7507146894387686        45.355571552086353     
 -0.27912805902158588       -6.2020321229465387E-002   7.6705044103721712E-002
   44.380571166953352        41.074956256793413        27.825673701734001     
  -1.2551293583268258E-002 -0.11572168236983632       0.10376781061111208     
   8.2452981743499922        30.966651300459016        19.967180964062084     
   1.5692859392616183E-002   2.6042947801048891E-002  -5.4463655658726830E-002
   29.871293509548085        18.293688140292932        14.713197433182460     
  0.21964798079249923      -0.12197068026283976       -3.3525962702057356E-004
   11.567912919456660        34.669888946517808        10.060715614167089     
 -0.11809877697477507        6.1605809028020958E-002   2.1596881050038861E-003
   34.817706065304804        32.293211769257972        17.473093555659013     
  0.14108531360530480       -3.4373211545287509E-004  0.14751349831663904     
   4.0591934649009032        17.546495477217761        41.590430459830436     
   2.9130861122708081E-002  -6.0191666925747400E-002   4.3174070109400380E-002
   45.912603973687666        43.762033277867793        17.949011836566690     
   6.0512348532633348E-002   1.5598352687284441E-002  0.16289573340682781     
   22.748262870935228        10.478269303829688        43.783356968840465     
  -3.7649660995787045E-002 -0.10587527373949407       -2.0043898569693269E-002
   29.775997219953233        20.489600954743619        20.164391783058161     
  -8.6651736523978076E-002  -1.3523146400894286E-002   4.7177611685167105E-002
   9.5484170551409751        22.860057497333944        3.4598353396024937     
  -5.3677740631198775E-002   4.6984435020248586E-002  -7.6919242077018418E-002
   20.978842675320909        9.6683808767851467        28.030489396970985     
   5.0300011148337265E-002   1.0511001124626012E-002   6.6397663870421550E-002
   25.690121925832329        36.741538193951939        15.640285708596387     
  -3.0321847321966206E-002  -8.9177412991399932E-002  0.12181118570404631     
   42.550002004455528        43.667250660958558        41.354440519908884     
   6.0440987023743190E-002  0.13186812589101318       -2.1523764858808621E-003
   2.1735948491565180        13.889491789079207        41.149463001933228     
 -0.12392487082387325        3.8454717221532736E-002   7.4016654863429593E-002
   19.431415012124273        32.267112833314712        23.043297741004299     
   1.7455427501693030E-002  -9.5666817103552626E-002   9.9428206180978418E-002
   1.7034371691793935        9.5161919544998348        28.562833045243543     
 -0.16929505751921786       -4.4543658736927588E-002  -2.9368416333285276E-002
   15.413143293593430        21.843198101971304        31.014374528727320     
  -8.9561839279281949E-002  -9.6245230298178414E-002  -6.8760248980255192E-002
  0.66510491125279947        29.548168021954194        23.032616055177620     
   2.6864484790464452E-002   5.2803661196237084E-002  0.18322543466200966     
   4.2222683375746612        45.885216343593463        7.6513314245946207     
  -4.2513622497645051E-002 -0.10967273069759798      -0.11322127577055162     
   8.6932136946845091       0.41212473766719354        19.968419018981265     
   8.3063860467190054E-002  0.14524120321250994        4.2298561469581589E-003
   10.361360956377894        41.608819000423971        1.8146812051643360     
   4.7121066961322837E-002   4.8953166529025725E-003   1.1872424275841459E-002
   30.108815682051102        25.732644791796265        23.718605829571157     
  -4.8858751581774142E-002   5.1906189570382205E-002   5.3855628433179613E-002
   37.043374475748166        1.9950110919574666        26.335738671588850     
  -9.9435558261207632E-002   6.5299516540676353E-002  -7.2891624728490242E-002
   22.832335013329441        6.7267238671936145        8.7231552456781767     
   5.9023359706945354E-002   6.4069168228993417E-002   9.3577512172816305E-002
   21.565336229688555        12.073726443580000        22.275198387340239     
   3.0503790060806522E-002  0.12360511990232749       -8.0163204817712067E-003
   14.160272610400991        16.810524082351915        40.081594909412843     
  -5.4362548469758812E-002 -0.21267350805387125       -8.9868398447381356E-002
   37.015091717703619        5.8860257755596690        22.983349736309709     
   3.5829145734441181E-002   1.9897683309749139E-002 -0.20830683276025252     
   28.686738986181563        25.235222436136322        16.425311328874528     
  -2.2438823529214520E-002  0.15907864458852744       -9.4127034702015163E-003
   8.9939122920438237        8.8799539337395039        37.088937498060652     
  -5.4832606348077573E-002   1.7852343449927362E-002   4.2886066361575402E-002
   21.817480679333116        2.3300760007093353        7.2372702962553603E-002
   6.0416319793490776E-002   8.6882061945772263E-002   7.0542757815843377E-003
   41.322372386628842        40.010045565322358        15.348420532015229     
   6.3060504038455562E-002 -0.16054753873925301        5.1949033372683175E-002
   21.824858671156839        23.517299085975008        38.918008835619624     
   6.2871687454484307E-002  -6.0851901793609355E-004  -7.4396808397301506E-002
   43.642409880556777        20.709889004218539        38.717445580972829     
  -4.4954963271513333E-002  -1.2264018507163564E-002  0.12337077995172481     
   19.016219352805027        26.922038882068886        17.274509061123382     
  -6.7694678069782036E-002   5.1743665139463565E-003  -6.9231834182108085E-002
   38.792553468595116        33.412420256161035        8.2415354319674279     
   9.8665489925665067E-002  -9.0326629199497075E-004   3.3269291469214764E-002
   31.463214620646095        18.164913976208620        45.976168930927912     
   5.0357262146747385E-002  -3.7876631040872973E-002  -1.8940605206048164E-002
   45.638200326431821        28.436188425690194        31.977559696028962     
   3.5050251562147541E-002  -3.3272469301095252E-002  0.17072400172898705     
   29.281439406522420        25.903660019956455        8.4572914227863336     
  0.18116786459640596        3.2243087193964390E-002  -4.7758734421085698E-002
   36.244351462904099        29.402818976207332        22.494505913327231     
  -5.7806798852201795E-002   2.5927691771774911E-002  -1.0609994458240532E-003
   41.167081652832721        20.270212202331074        12.062093241878610     
  -3.6679582599724675E-002   6.8602159789045700E-002   7.8342688048201520E-002
   14.491910984504427        18.142549088545213        36.638518856552096     
  -8.7518252413312916E-002  -2.7688499830872608E-003 -0.14084542101332076     
   19.013650793792955        20.073123315029473        31.214675168828592     
   1.6080614919717611E-002   6.2978818907803769E-002  -5.4749364382219487E-002
   45.103924337724280       0.50720791950833122        34.405894144254532     
  -3.3906112750555842E-002  -2.1472529215509049E-002 -0.14618151332106122     
   15.862519259918336        32.127310812532563        20.893174560878304     
   2.9131231775386103E-002   6.6208126716267898E-002   3.1187882018979336E-002
   31.563493528958965        33.374691176987270        25.030345279491858     
  -4.2449003521299405E-002   2.7936476562575113E-002  -1.8535045083354844E-002
   15.020748645467465        25.230910923750194        8.3485126523869084     
 -0.12085574716100943       0.22891350248583989       0.22528169821024455     
   21.863552967198522        22.483764670271995        6.1642007146572064     
   7.6823182132616630E-002  0.10699434761317252        6.9714109234250241E-002
   22.782426926471029        42.854596530100743        37.418351015337826     
  -2.9335608215690361E-002   6.7343425829760717E-002   4.9663352369899494E-002
   37.887841933405738        9.2901536525282378        19.165143484286258     
   3.0969949748921945E-002 -0.11664097204620733        1.5049744800237772E-002
   18.309551808249878        3.7584233247525263        40.734570224986733     
  -3.3497500766858465E-002   4.2897019920471640E-003 -0.17646015541520629     
   12.420612531779511        7.4295365033705618        41.185047582384797     
 -0.12791543279060008        3.5177568327354115E-002  -6.9654734564991230E-002
   22.920034638930922       0.38751422635122568        9.2052080926969477     
 -0.11288948929350381        7.3768763675764445E-002   8.2795743909320388E-002
   42.524074635356527        25.180470098159443       0.52277317175228843     
 -0.12983075216588311       -3.5457116185487560E-002  -3.4706211888672255E-002
   20.178328137738450        20.189949635033454        11.132688770557262     
   1.0596420845313906E-002  -6.6228743281673066E-002 -0.16325965726518502     
   33.819868732628500        18.362999601119327        8.7330364228170456     
  -8.3901041731548012E-002  -5.8408792468347742E-003   5.4994483632938601E-002
   26.084649865429416        34.181528550674741        5.6914762423717375     
   8.4707429517256894E-003  -8.5902494379641470E-003   1.7270870670897675E-002
   32.632715195496367        2.6081266709617972        39.508391378548019     
   4.4971659211418463E-002  0.13235548677360628        1.9948319831199070E-002
   34.990495071116491        6.0534958370443510        39.602795575664338     
 -0.15968595920936945      -0.13508363903456544       -5.6375286688825202E-002
   36.059382610854243        4.0256560258783400        17.049189777019144     
   5.5367551697280026E-002   2.0426059250238379E-002   3.5838288535564637E-002
   24.287648612478073        31.321873587949902        25.992191986838520     
  -1.3850517304205801E-002  0.11790695146278185       -9.2601313960676723E-002
   26.644003405639662        17.957348650238327        14.292887514436337     
   7.9826711306595369E-002  -1.8660951018247936E-002  -7.9597205589328798E-002
   6.9124195482246389        1.0019319187835418        2.8355037408945374     
   7.0287491934903940E-002   8.9371610381560801E-002   5.3779858369285963E-002
   25.256063337337569        15.003763366841374        10.178832046424210     
 -0.15694884202544832       -7.9500558185651507E-002   6.0468401967811738E-002
   18.409316695259410        22.754983313161780        37.825847668505830     
 -0.14981000088833052       0.13566338743452838        2.1019052636290687E-002
   40.236972817880272        26.209435115473443        3.6009287873833014     
 -0.10872950870368150       -4.3013514666165147E-002   9.6264742306308437E-002
   25.097345000516867        20.637922461391341        19.351299333665796     
  -9.1046270169223731E-002   5.4966967167100131E-002   5.5478532001665075E-002
   9.9193030298923386        11.680698488197843        39.713832708102160     
   1.8261994400418698E-002 -0.18627594308353884       -6.7848261595367623E-002
   5.7748167566784865        22.590873869280305        42.292443655153704     
  -6.0557483426700018E-002 -0.22655262741553189       0.11819565204418329     
   16.491448108136368        1.8928331148566191        10.762772418695658     
  -2.7420297071268581E-002   3.4571832461421296E-003   4.8334618454410117E-002
   13.643593742435838        37.782914984759522        24.858089239141300     
   8.5533751611488670E-002  0.17080425441895991        2.2995780907596804E-002
   18.089933976540898        38.993577930258297        17.687624733048679     
  -1.6229547181019804E-002  0.21219909888891694        2.1979668138831173E-002
   2.1303497096406181        14.771916302432606        11.149548996982812     
   6.3547387258506352E-002  -1.5236623919627630E-002   6.0383885534946405E-002
   19.020883038221882        31.407818576875535        4.8715761274472165     
  -3.7351688748952144E-002   5.5655056938749746E-002  -6.0010607782578627E-002
   3.8372759735624995        19.693801100554122        17.181128147839260     
  -6.6754643467824046E-002   6.5495643416285165E-002  -7.8530015148687862E-002
   27.318696775340715        8.8510306260725375        45.104698284944767     
   2.5943591721800226E-002   3.5394092730787606E-002  -2.2392612321276283E-002
   7.4167064016098294        39.422760863862166        33.882374111472181     
   5.1189703407410796E-002  -1.7425213704315587E-002  -9.2460000043159782E-002
   12.260293656084297        41.946972931984710        29.602719846804430     
  -4.7847832601400450E-002   2.3414619906201768E-002 -0.10625688883762345     
   9.3701838833649518        24.312544771845367        35.854117443053134     
 -0.10499420895221843        3.6046624500426713E-002  0.17053906566313831     
   2.9675177590823902        31.189515877631241        6.9020423169345184     
  0.12130986707929686       -8.3013445895151763E-002   6.6058917811024742E-002
   15.952806301608028        45.865245374597428        24.384441948712208     
  -1.4169969590820420E-002  -4.9955193565273656E-002  0.13755098190640180     
   13.744062196934223        23.668887730566258        14.413593825774436     
 -0.15578406213921175       0.13625692729504663        6.7019071972113209E-002
   29.992477514949663        5.4113991738846829        20.580936573622523     
   7.4318932482568101E-002   2.6665566179038355E-002   3.8546154569285951E-002
   42.963682673280346        29.229976130888108        24.114520723675813     
   6.2382853051249978E-003   7.3520944721977038E-002  -3.7658936159246384E-002
   41.862098166592887        14.611659005707057        3.3241602631341740     
  -4.8640370897835065E-002  -8.3325158999430864E-004  -5.3367167085034375E-002
   34.539118308496143        34.567543073390468        32.534666719751378     
  -8.2207179995489085E-002  -2.0535873248154281E-002  0.10375871421669818     
   40.624513748219648        26.501071535784035        25.727974291857741     
  -4.1256975933676145E-002 -0.12733872127224330       0.10309053486072245     
   24.279390601464275        25.637989967673093        2.8781947670206804     
 -0.11631867457704535       -7.2370262729919879E-002  0.11539794016431214     
   34.176364666444080        24.930232630708140        10.751493281078467     
   9.5546507102626965E-002   9.9866953355672111E-002  -6.2568536071506531E-002
   33.858785280698669        2.2331150989908264        32.928039273040007     
  -7.6408378371498973E-003   2.8439324160935336E-002  -6.5723898875189063E-002
   15.138646435281542        30.185367570380880        12.748149265278240     
  -4.8964289456385666E-002  0.15152600463052726      -0.11707645061727187     
   21.879387857553976        28.381469225379487        21.652030854895120     
 -0.13757992195862023       -4.0636390219125740E-002  -2.2241198618675819E-002
   8.7810925207687820        35.273756472641487        36.526043568745521     
 -0.14491455133678072       -6.7290468717280935E-002   8.8985482859158735E-002
   13.168064275856922        41.626306418410117        25.695834196903860     
  -5.7245961261273744E-002  -1.0868488792703621E-002  -6.9769578311181066E-002
   3.9246475660043312        41.979077012694944        11.847462598438076     
   3.8974961139300948E-002  -1.5691609220178395E-003 -0.17079159950151945     
   32.831829858496185        37.579203505565808        33.795867109265927     
   6.2129308751015640E-002  -1.5605377309786405E-002   1.4264063313042539E-002
   24.170134518607881        10.848194601110471       0.82315930588386876     
   2.9998998688082836E-002  0.25337775976924193       -7.9508851182059775E-003
   6.9855400455579604        12.001031168157612        42.978895794592617     
  -2.5275234600268922E-002   8.4954481584363487E-002  0.13443298056814204     
   21.262482782854288        26.038331327174021        8.1518561287598867     
 -0.13350030330613752       -5.8400646895665903E-003  0.11141033878674646     
   22.865879520250253        2.6178459961816700        18.073976217765107     
  -3.2440144468837578E-003  -2.3460673690761116E-002   2.1812690494486160E-002
   42.494117162904494        9.8209475483735691        22.921467294091670     
   9.9240113109003034E-002 -0.10879683252021241       -2.8236429765021748E-002
   37.807134385899666        27.893353989397479        9.4452356370258741     
   3.6820659279117297E-002  0.13656919537843309        1.2375494999784593E-002
   29.213528748126425        26.616510026607617        27.886462069735682     
 -0.12041465542671113        8.7275423286491377E-002   8.4578471849142810E-003
   22.651357727616180        30.002602650749907        45.412130682763554     
  -7.2822019491958221E-003 -0.16936023574347112      -0.21694250436862156     
   22.326031847261106        20.783463239791626        32.950927221705768     
  -8.5718821543810719E-002  -7.5217573840425253E-002 -0.13398235022230742     
   27.115571790862340       0.66296146590753779        2.0555465744941621     
  0.10393270585150413      -0.11519078145455670       -1.3716258844081557E-002
   35.869424066119436        33.145657931349533        39.941621647081639     
  -7.8231669461159212E-002   1.1508419784499948E-002  -8.4785156128839301E-003
   21.593961120060722        8.8968575483667731        34.182371459642205     
  -3.6665319759113510E-002  -7.2903883329450692E-002   3.3950952569511597E-002
   45.700388185757895        40.203056079850583        24.068824741922700     
   8.7988049917847796E-002   5.6753709811887369E-002   7.4350638569253844E-003
   23.848061361431441        4.1967005500254313        37.126722874264324     
   9.1470081762106917E-003  -2.7500991532179025E-002  -4.7202908272558304E-002
   34.671531498087965        7.3168711098924506        17.564712340612925     
   8.5853428115718108E-003  0.19890115215998810       -8.0349161566343322E-002
   30.481406988185963        20.499285470981352        10.213013324593764     
 -0.14505687031424408       -8.8397347673734375E-002  0.13217746135828806     
   8.2616963326197137        28.347617415253787        44.423653708230013     
  0.14454371464406673      -0.14412527587558438       -8.5202973413100444E-002
   45.922590991319709        14.778284739019112        37.464955561370310     
 -0.15299980514180017       0.16003989867343252      -0.21044969088702598     
   36.399660237774242        28.908781588235229        38.631260567147649     
  -7.6382836389870784E-002  -4.3197474915433048E-002   5.6076502746920213E-002
   8.1386833027105823        39.837475657186509        38.430616214749591     
 -0.15691147335376002        8.5600054028660125E-002  -1.3114633831882707E-003
   14.706586881133797        30.747874786910941        26.031264383795037     
  -9.9143489061811946E-002  -2.1162979112238474E-002 -0.14763223986438689     
   19.990055633249320        45.353999850562417        23.097892396024339     
   3.7350360504138251E-002  -2.7484169153790188E-002  -4.1594074523701841E-002
   17.370249847617533        7.8348648125306397        8.1170059938723202     
   6.5612592945301418E-002   3.9004067958731750E-002  -8.2511392509039314E-002
   6.9597925464651080        37.897588171741809        41.318100504239780     
   6.3843749333208605E-002  -4.8226580433999557E-002  -2.7970721222243179E-002
   14.879267406668360        22.475450549191009        43.213514073978509     
   3.8247491947805599E-002  -7.6094832902826412E-002  -6.4400552005270700E-002
   6.9467041733035311        12.931624705181314        3.7145353547500308     
  0.10957566608834818        6.5995879495527113E-002   6.3421920569853754E-002
   27.509760676807161        26.507643203944919        2.8321008982050526     
 -0.14265975320729982        7.4607159208679316E-002   1.3851472750708367E-002
   21.147652667959861        45.750404559412111        44.567924624628162     
  -4.8565158939911104E-002  0.10040816007622419       -6.3473896886490815E-003
   37.925495824200816        16.668485175319013        40.171901374313329     
   6.3032806360476562E-002  -7.5656283879572683E-002   5.7115255988287655E-003
   25.398374325616182        32.246334754474887        33.380531938532236     
 -0.11971650354509175        8.8844395522898953E-002   3.5372448475691966E-002
   27.764081131164389        36.975244232098767        2.4813093714633618     
   3.6872920658942168E-002  -9.7985608126816212E-003   7.7766839843680102E-003
   8.7553919163089553       0.75018029496434080        34.062920735833423     
   5.9780410882797987E-002   2.8825250060559120E-002 -0.15155788092260883     
   21.318740399396077        2.4738949784082545        20.863740576740074     
  0.11129652275992065       0.10301898083528040        6.2416395598499798E-002
  0.99669819446500407        24.284922687074808        38.050581854376510     
  -8.6483147545205502E-002  -8.0864467429820480E-002   9.7137646511984803E-003
   39.497198167631666        34.956960877737323        19.406543107276843     
  -6.7131848117261805E-002   8.8892242504694227E-002   7.6507162068748219E-002
   8.4412754288500480        27.386183383526166        40.906050252307068     
   3.7691366103139945E-002   6.9077196844484642E-002  0.13100269383019389     
   43.124686080458524        33.106477986587812        37.039360057975919     
 -0.10636008096130298       -1.8362879310178524E-002  -1.2085101497113627E-002
   17.065570876223383        45.460074696130903        7.7505522074349225     
 -0.11615360559896080        6.2026594700174541E-002   2.2374235293040143E-002
   6.1277781875443331        3.7497268023330950        41.617768442081740     
  -4.2948361878344318E-002  0.16216223954027451        3.5062352439801651E-002
   38.235842962985529        25.170327577174259        29.187683162475999     
   5.2043863268786392E-002   8.6453608753083666E-002   2.4271508793387901E-002
   2.1235898023922020        7.1155241084634104        45.743560035003505     
   7.5935454715158529E-002   6.1965428596442561E-003  -7.7250263550222679E-003
   24.436070318432115        42.030983201470526        27.834758061576370     
   6.5522274697332211E-002  0.13622896543081983        7.1392494203566760E-003
   43.493039193781414        32.069700542923648        9.9621471317350370     
   8.6120320625408503E-002  0.12836226028590175       0.13919293340316627     
   12.915660942676668        36.672332591180073        36.881301261728829     
  0.10878791088163943       -9.4822034217428811E-002 -0.14366974570665986     
   27.435182408842799        13.665684192626584        21.716574981125049     
  -3.4844395797883915E-003  -1.2505617186685424E-002  -8.8320545264861203E-002
   28.829812335647617        15.126073756979730        17.407420790954262     
 -0.10172362023592303       -7.8562624738391015E-006  -5.3086674106453187E-002
   5.3598823665909663        35.637690798882559        8.3326420613330345     
   4.1544598520419376E-002   8.7314157315664248E-002  -7.6335818468353508E-002
   42.786834656648352        24.198274251130638        12.760516028657173     
   8.2343513865171691E-002  0.10514273306409994      -0.12572901325448801     
   13.467768540071612        4.1381049200932880        19.878993327863277     
  -5.6871971675196864E-002  -9.0315230247177566E-002  -2.6721365381688910E-002
   29.784823535590874        26.209426520107201        36.436998066781008     
   2.9797521305065144E-002  0.17929207702276520        2.5381858430007672E-002
   37.836856774229155        25.044706133566191        23.813579034858073     
   1.3442120844075728E-002   3.4754039980567503E-002  -2.8811795173065657E-002
   16.818155469084985        14.461006585770100        8.7942446251872148     
  -1.3124536530838614E-003  -4.3515424712470489E-002  -7.5350954969246625E-002
   40.216280162222013        22.144467515391444        25.616614732776508     
  -3.5071801655380486E-002  0.14000153303697732        9.9171038917385879E-002
   11.384365343044607        44.212587351293799        32.379217671586503     
   1.1441583274084430E-002   6.3167820193188076E-002  -1.7221389955096103E-002
   9.9631861348481952        13.794558299542850        36.802028588384978     
   4.8520018411162436E-002  -6.6868068795594869E-003  -3.9652559641340096E-002
   36.982301789685941        15.601310749191647        10.760667125802531     
   4.2574406700863460E-002   3.4314151110065479E-002   4.2152801737167331E-002
   21.403414659362380        7.0454039165225115        45.306661921995115     
  -3.9121392605293924E-002 -0.12284475696795469       0.11855611421136811     
  0.47111560598824492        42.166947179208286        13.859303989274697     
  -2.0593330348895381E-002  -1.2768818040914565E-002   1.6295327132547614E-002
   12.902962298487800        24.682810244251293        4.7386176241901579     
   5.5881063238537546E-002  -4.1841886040003384E-002  0.17273670875349378     
   28.681236412453803        44.974137906248018        17.930297939731396     
  -2.7138569486321814E-002   6.2445252980956628E-002   6.2317533317160993E-002
   38.195919273091690        44.709969941888936        30.808697105494439     
  -4.3224075242363269E-002 -0.10093168658424757       -4.3612821458652994E-002
   17.010581049141230        10.096472103702352        31.612961077458532     
  -2.5072543102401612E-003  -1.1387480260443707E-002   6.7430719189215643E-002
   30.233152673514176        30.489637109924971        28.075488076464655     
  -8.7549437357005433E-002  -5.6767207526601034E-002  -2.5556828446937394E-002
   5.3992292752237248        2.6449005892974116        32.766659092529054     
   5.8801494345936824E-002  -6.0293916210771209E-002   5.6110770987006689E-002
   23.587210744066308        22.004756357651647        45.889934991430927     
 -0.14748324527422407        7.9270450587248367E-002  -1.3562663871681719E-002
   28.541454117785452        21.151101377207933        16.455930524070947     
  0.11718419322035248      -0.16362101378230018        9.4103472691577067E-002
   6.0645157059844479        14.858851668241206        37.199319906461298     
 -0.13431884421108573       -4.2759445615691343E-003  -6.4912410606260185E-002
   29.171645653358802        44.081524707730644        38.804210792080006     
 -0.15068953765868265        3.2185093877449278E-002   6.6902223878447922E-002
   33.356656324118511        12.310909730914739        20.305708285480755     
   1.4525527057078781E-002   1.3598349219945528E-002  0.10985061607287053     
   18.915953698149508        7.6803500376555291        38.702042693217017     
  0.17146163207215656      -0.12996451854977134       -4.1978914170878595E-003
   1.9570624341794638        19.535749718093985        13.690255100193669     
   8.0272019183299667E-002   4.4018903280193998E-002   7.7440359801003167E-002
   17.022528643322822        21.519554045918284       0.89779469259787759     
  -1.4078019655440180E-002  0.11170316450804170        4.6538816836516339E-003
   25.622429346983392        28.376774849682739        33.747627450272233     
   9.6740974521389897E-002   4.6467340947996857E-002   9.8440533695793503E-002
   14.385638364380245        15.228156490684368        2.3496206052428272     
  -5.5793669427031470E-002  -1.9744820255402227E-002 -0.13834822188599588     
   19.571075886758354        26.194602860088064        26.701342082703860     
  -7.8773397729762870E-002 -0.11266028853350347       0.21238143948759711     
   31.848507756233861        16.149020400542209        20.857498357169550     
 -0.10487818040177968        5.7535211616028065E-002  -4.6781323194717041E-002
   21.088551819395363        6.5410170706088184        19.468102678149624     
  -2.5784076400930868E-002  -9.2884838605171299E-003   6.6420695439990282E-002
   3.2518817358365024        43.507194241255554        2.8458856260902916     
 -0.22340012074824070      -0.12146022269165961        7.2210702042797226E-002
   42.994075049541181        30.196421745779627       0.89737155457063911     
  -7.9043387991852440E-002  -1.2791561379129426E-002  -5.7557576495510833E-002
   35.498419839816066        35.407520580921812        44.099495675811021     
  -4.3849406790933826E-002  -6.5792975439786058E-002  -4.2635434659195337E-002
   35.932377945889030        36.610114267179490        8.0548403932370594     
  -4.4155308785048343E-002  -7.2802739046900752E-002   6.8125369865007043E-002
   37.537053561089948        13.449862345889246        1.8679092953634675     
 -0.12002438585898009       -3.6213508288220498E-004  -8.7314867645288591E-002
   14.370388638111580        5.3721310542492198        23.408476657530912     
  -2.2793737938770466E-002  -3.0891633695220164E-002  -5.7668739171311843E-002
   42.061738005764269        43.449892991384537        22.193826103814576     
   7.6057728738789229E-002  -8.3912371341472933E-003   5.8766202165150072E-003
   2.5991206146382795        20.853545804825870        37.442637457634916     
  -7.0948670621032675E-002 -0.11264327490308401       -1.4952431751848064E-003
   27.044863529926339        45.557766770216588        28.219488132078556     
  -4.4518930733016887E-003   4.7581077653272651E-002   5.0316055990231888E-002
   32.038862164703104        8.7463698310533609        38.001263896583751     
 -0.11249165368814018       -7.8110136802546040E-002  -3.3614702894347842E-002
   36.687335792555032        32.847730954820584        5.2311761216850083     
   4.8555627054719906E-002 -0.12425797196400158       -8.6874669084477787E-002
   21.956270186477063        12.952625032750877        15.763127895007013     
 -0.13054908997152939       -2.3311174889092613E-002  -4.5046871654327398E-003
   5.9050414985983437        44.137963057632639        33.071588213621311     
 -0.22375528979999271       -4.2594629048005794E-003  -2.4368908490294713E-002
   1.0116669561994733        10.152575160261101        1.1986078446137751     
  0.13850399989659509       -1.4697074463149348E-002  -1.3314761383807975E-003
   32.145378107591505        34.457853735157649        37.458295736404438     
  0.15351951077757553        1.3521361592483442E-002  -4.1704098081785289E-002
   41.449999177087761        30.803477607437376        21.273784233385975     
   1.6193543716003542E-002   7.7026335162660081E-002 -0.14089863768200056     
   43.550004271686028        3.8896349891579267        41.175893427967438     
 -0.17805713378298088       -2.9212652672003275E-002 -0.21809009605151719     
   34.612656294433805        30.895426664227077        8.0822715614853937     
   9.2941502905934184E-002   8.3691052810771965E-002  -6.9994895515625252E-002
   8.8063699383600049        18.643755346348854        1.7837790427323432     
 -0.10716477105886335      -0.10281534298931432      -0.15834013557360341     
   11.807760064558829        9.4521719003038225        9.4350165382107090     
   9.1105806552046184E-002  -1.7700589704255788E-002  -6.0593040713799805E-002
   37.865720884953738        12.271895551098369        14.000096195208817     
  0.16844342640936058       -3.8060214484063278E-002  0.14016332840521670     
   26.545815747323637        1.2460211708356852        13.523913899684704     
  -2.3460706993034364E-002  -3.7386537083071443E-002   3.8057042869013735E-002
   24.612770659365243        17.727368880253671        2.1610851122256931     
 -0.14689705211209730        2.1538192314404483E-002  0.11848732597667287     
   38.769832532628435        42.529419779250162        36.694265842667626     
   2.1584335583201355E-002  -4.5290374769731669E-002   6.8652091879247715E-002
   34.257351624038286        22.265868375226450        43.249804610366652     
   3.2331545945902825E-002   4.1869926859466521E-002  0.16442858949431885     
   41.541619328330668        2.3581951037416293        21.338803016814115     
  -3.1013761856993019E-002  0.13416122225903168       0.10145114794643588     
   9.3926615667162281        14.966332882139596        25.149975818081611     
  -6.5132744603175446E-002   4.5236056583990630E-002   7.8507133218369288E-002
   43.882627202945741        17.327068990801926        25.251483379734726     
   2.8628476379100272E-002   4.3121446375730989E-003   3.0744821762325766E-003
   17.868221691873689        27.696301380901357        34.949393344464980     
  0.22086588593047599       -4.0897294666775150E-002   4.1441661792990914E-002
   14.759025641854985        12.451109451175851        26.843061956712621     
   4.3792985969499446E-002  -5.0820013120981306E-002  -6.8844801731668499E-003
   39.062587013708942        3.0421000594118972        13.991645821978093     
   6.4474582774066994E-002   4.2360102406069584E-002   5.2471837076124350E-002
   30.048344792631504        37.963325782784629        5.3620215170038996     
  -2.8347866136180625E-002  -3.2951612564184343E-002   2.7320567984794770E-002
   35.029444852149311        6.0712870465237518        11.934562642547274     
   2.4840326573018115E-002  -1.3734644938388552E-002  0.10127307812905535     
   24.348040353583961        10.056025482203738        26.149687733752632     
 -0.21963299677527709        1.0069470501533049E-003  -1.1909901590147284E-002
   39.149008852078659        28.027399735627437        20.346113898536334     
 -0.11528572760186334      -0.12196925848396256        2.0026420513079356E-002
   21.607453551438333        10.205831466459943        8.3417058219311180     
   5.1965218049435630E-002   7.3191735094589025E-002 -0.17862271672531832     
  0.21396158287606820        2.3277912003256791        27.722199161315295     
  -3.1687300159600938E-002   6.5016820821575172E-002   8.2632735680735495E-002
   17.944208193409295        2.2929274164981979        22.696951833008750     
   3.1543279183693443E-002  0.10539819785428951       -1.7477162604759833E-002
   31.782419605580142        29.578878324973260        33.014120690124635     
  -3.3650277288439528E-002  0.16158078627087435       0.16056018811379405     
   41.141254056673930        40.465887125353206        40.368649273332409     
  -3.6892934856225433E-002  -3.6461873656625662E-002   4.6738846065331900E-002
   25.352102574771205        20.144019331607375        42.570489480782726     
  -1.5614886335972151E-002   7.1705560163149537E-002  0.16525510715946223     
   9.3783922538287534        43.882818842947621        17.267326082243638     
  -8.5611577231691945E-003 -0.11714981979032318       -2.1415645157872094E-002
   43.316290312586645       0.58096946380134340        30.050815266303797     
 -0.19952320698279644       0.16676725292096992        3.7203107157788490E-002
   43.404753604211400        24.077490818581008        16.082803123061456     
  -4.2874149610192230E-002   9.4125589512382923E-002   1.5053651454205064E-002
   29.987551849551018        2.2292290290271000        16.802507927065424     
   8.0878930485585254E-002  -4.0909083995910367E-002  -1.3109081967338435E-002
   37.840830127368498        39.763433569569933        39.239616160284100     
   9.6944464836694402E-002 -0.10592925914909776       -9.3050891859226145E-002
   12.345571046879540       0.85681330333546368        27.195805322511067     
  0.10787570463867778        7.9535010929911595E-002   2.0393615030604782E-003
   39.179334858098827        41.457098390850746        19.287224963979842     
  -2.7707665707781833E-002 -0.15883179599284294       0.11963893753268359     
   21.621614040840406        43.584476773545759        19.481552521121078     
   7.3218895231211792E-002   3.5678767150220829E-002   1.1124973985066100E-002
   6.3318288812605843        41.900950604487683        4.3646107752365388     
  -3.3904967415501592E-003  -1.7805814104538010E-002  -2.0173409041031019E-002
   35.250478939397595        27.351930372637351        18.745989073669204     
  0.12954509255419755       -2.2457904506495308E-002  -6.4904096651009421E-002
   6.6265539844978409        1.1901599926981048        10.068502861992998     
  -3.3025337991786446E-003 -0.19705632075362434        2.2757947016381626E-002
   29.611784760730025        22.409452046385947        44.416629216068493     
  -9.1840848455554298E-003   9.6745210107267082E-002  -3.4323876222779194E-002
   35.958820816585337        17.346820711716340        25.286489130292939     
  -8.3414999727458569E-002  -1.4487856630472846E-002  -8.8303686990522448E-002
   22.314466302651667        25.685947306730906        45.653167857664606     
  -1.3959903478766814E-002   8.3497477159053479E-002   3.8275037307519355E-002
   46.111844405739831     
