   3.0998942841787520        3.6073356378584633        52.566207541759276     
  -2.9344071138618258E-003   8.3340150738934624E-002   9.8240029452428768E-002
   7.0738504261646042        23.273294714037380        7.7055141758578989     
  -2.9323316440643513E-002  -7.5778158141125582E-002   2.5810229652240415E-002
   35.120521353851416        56.510994518676910        29.754657038827759     
   4.7383413563724767E-002  -1.1662699361347133E-002 -0.13832427362482375     
   10.406035721489383        12.435360707945893        4.3050529591083597     
  -1.5324411153501820E-002   1.1292545019060852E-003  -3.3794512776263996E-002
   31.152071321662575        31.162484178211702        54.822795379397398     
   7.3540905212609115E-002   2.4215267288697603E-002   3.8086521197477109E-002
   34.647830018767166        52.711954509056788        40.718015202440981     
  -9.1208452897995437E-002   7.3959434229884324E-002 -0.10965592996410010     
   26.617395103714209        51.667963633199001       0.26881955836500787     
  -4.6146939895123418E-002   2.8383821999894514E-002   2.1255172746933351E-002
   48.032123034508921        36.080723648668737        17.498752950019234     
   2.9906134069844032E-003  -8.1950385780137344E-002  -1.9011569912460342E-002
   25.019677412317371        15.297426404923018        51.503130951709544     
  -2.2423413405995723E-002  -4.9915445115417907E-002  -1.0927524612699272E-002
   5.3982203438371474        46.589267226997386        29.949949983839495     
  -3.0899542802963090E-003  -2.7772757423110590E-002  -4.2788943992544959E-003
   38.508099514566780        52.644437155782306        26.047816611372181     
  -4.6620716403621885E-002   1.5355380822875407E-002  -1.6338834367944061E-002
   30.238565344397262        29.802333482415378        17.115871677806243     
  -6.3350273283775058E-002   6.5597354736824404E-002  0.14307901380916149     
   5.4402095964853459        17.462178975762324        32.611130544860146     
  -9.3837393553617088E-002   7.3099346296329262E-002   6.0632597421443078E-002
   30.416266622094479        48.396423879605862        53.604404643999800     
   2.0902716333157472E-002  -2.2513189119341005E-002   7.9759391609751082E-002
  0.77613539944291532        41.007916745252061        11.071628921200949     
  -5.1776572587287330E-002  -8.3393072858806826E-003   6.5372760130133184E-002
   16.863158604468513        28.295373714327035        54.195146710165133     
   6.7376076950036862E-002   7.4887992737498757E-002  -3.8277276818097852E-002
   42.805036543684018        39.609213634838426       0.30629455168077757     
  -4.3604614054653310E-002  -1.7169131630579437E-002  -6.2392198308048666E-002
   1.7631434006770108        32.672357596791691        46.183922005368608     
  -3.7407904549013388E-004  -5.1403694089914784E-002  0.10292618792074287     
   31.606170992174533        41.427761360761984        29.229588130739039     
   6.2971618379036823E-002  -3.7600805195495357E-002   4.9612687095441789E-002
   42.740128014483929        42.757813055473001        34.729778665664924     
  -1.7267990144013232E-003  -7.7245750993027537E-002   2.1840921126218459E-002
   38.919863043187043        26.330765488902646        34.859622743512361     
  -4.7397565470364209E-002   2.6837017799072549E-002  -1.0017443307324511E-003
   7.1924654893564135        40.299298437575956        28.831091366923737     
   4.9813509339746327E-002   7.1516296539437793E-002  -5.0238991994200635E-002
   10.653732088883839        46.856154310628447        41.862162452687613     
  -2.4229367215252293E-002  0.10402721129014982       -8.0948312458244600E-003
   9.4775617148167033        20.896992660392701        42.386603420962963     
  -9.1964466300236344E-003   4.0382973025690029E-002   3.0062248284550425E-003
   37.186262292224548        17.216896172107738        3.9669931225657340     
  -1.9537043002018327E-002  -3.6756250943099579E-003   7.5175670775588926E-003
   8.2806395738822776        32.828595593585959        8.7260965830744084     
   2.8040169939381868E-002  -2.8009975889960900E-002  -3.1242655798272397E-002
   6.5768381862082226        34.616410028216606        23.816781742695195     
  -7.8674366727104102E-003  -2.4848728456435366E-002  -2.2998670148570256E-002
   56.089806114389681        24.270810543966270        9.5625260041013131     
  -3.8598713989389396E-003   6.9021405797666274E-002  0.10584933504036985     
   24.173116725244284        40.002189467498212        39.722689885359109     
   7.5630769545213333E-002  -6.4205598549998480E-003  -5.1577076312385228E-002
   20.373254651683769        50.514921427031474        45.464101946662929     
   4.2304063281557960E-002  -7.3847263805941116E-002  -9.0998288834093846E-003
   12.541562549958103        52.842383260472133        25.724378888069882     
  -5.1951854354359880E-002  -3.2668318203847573E-002   1.7499684252686571E-002
   6.1856108747082956        30.650520905121112        10.146587983148606     
   1.4812365768279698E-002   1.6086301700767098E-002  -2.2803270006338642E-002
   29.037725776132241        10.750592883071107        26.060666614339571     
  -3.0514031916877198E-003   1.9206445069889295E-002  -5.1041758644314074E-002
   5.7347168403509743        36.682763217322268        14.405485539225467     
  -3.9546489753262484E-003   5.0712229864991611E-002   4.4535071312891465E-002
   42.750949572595594        42.874682998768954        50.271307419048789     
   7.1666965347726125E-002  -9.6802648841914807E-002   7.2819196078161674E-002
   24.313967551115564        16.651867498685494        35.737560988436933     
   4.0751566530503732E-003   3.5411544963589753E-002  -4.0562958944194503E-002
   22.210887364636502        19.084405627124102        14.359838186129336     
  0.10396052847354520       -3.3928197029148115E-002   8.3142315318918789E-002
   46.335261240790182        40.417438603035038        29.384248547052767     
 -0.13551648389344209        5.3443067750656575E-002  -1.0143246625554631E-002
   50.850119288224100        47.918240507226812        27.770209589321880     
   7.2226756279438031E-002   4.0347995946291973E-002  -9.0452533740366631E-002
   44.899087644572937        22.207488359287652        4.2168875442501381     
  0.11716871887169829       -2.0179930624853990E-002   7.6617931039597700E-002
   57.931707693668450        25.529821164677394        38.879736420861569     
   3.8385640337257172E-002  -3.3558526216927252E-002  -3.3981870502437533E-002
   30.899731777745529        44.838329142263454        29.421966194660190     
   4.1587332769975761E-002  -4.4638971047100205E-002  -1.7946127485112279E-002
   41.364045316447026       0.57814646092234379        51.769812123827300     
  -5.9838859614640492E-002   5.4229996092369309E-002  -3.2279549760157455E-002
   42.633749810033059        12.708045136393343        20.098999905164586     
  -3.7072420579882413E-003   1.8479938113053467E-002  -1.6676498347726547E-002
   25.265147655758799        33.854808449393900        28.586841202258842     
  0.10238618395613906       -3.9867078439433143E-002  -5.1679886255701239E-002
   48.899388342938380        50.828760938600297        35.647676585680806     
   1.8012765469376014E-002   4.8125276120697898E-002   5.3956114427847625E-002
   13.635613593301171        25.488695556895618        32.263351150625496     
   5.0431693386972370E-002   8.0443156406672461E-002  -4.4121756183875989E-003
   5.3290018995877588        20.356999088534184        42.953877103967521     
  -1.5149208132443697E-002   5.2469658896725814E-002  -9.5564927143775208E-002
   35.787563744900432        13.975104102778845        6.2639747036949904     
   5.9213800173226770E-002 -0.10965847076670368        1.3850282249693351E-002
   24.524712014066406        4.4661976177185760        23.497605064545745     
   7.1238197348624507E-002   6.4801060285985630E-003   1.9919465086976257E-002
   8.7974021041166282        6.5272826209091468        21.155415458033858     
   1.4067968431114341E-002  -4.4703241413592026E-002  -3.4625035532165525E-003
   47.333088120808789        49.013249903084436        2.5917185712567736     
  -1.1226877945851548E-002   1.1681422571154244E-002  -2.8317126754163022E-002
  0.10031628674125229        48.473633192715148        46.912702995378872     
  -9.4879143578262565E-003  -9.3663939589124483E-003  -2.9980297822869387E-002
   39.553989634808303        6.7409659890020333        47.914696586908100     
  -3.4867550803955281E-002   1.5956217591921111E-002   4.0534460318435522E-002
   7.6516267363927497        19.722029769362440        18.715151929489551     
  -4.9554397989263178E-002   9.7939283654978657E-002   2.6108589172704120E-002
   19.818766570704838        38.469318721102930        8.8633233106659155     
  -6.0308665730360329E-003  -3.7831046506590894E-002   1.8496582531371106E-003
  0.15598596494419564        47.946007727280289        32.569958512979312     
   5.9905019311058738E-002  -1.6793972944205763E-002   7.8213407827117151E-002
   5.5518708362013776        13.429510126305351        13.953069158420851     
   6.3132263842271621E-002  -1.4556192132594065E-002   1.0562483249754871E-002
   30.177157795664236        3.7081625888753682        26.911897693797471     
   3.7749201389099700E-002  -1.2912043422291240E-003   1.0476677043077922E-002
   44.515279405856518        2.0352991187037164        26.630323397669844     
   9.6808461851189090E-002   2.7308502484109012E-002  -4.2300531275803396E-003
   57.256062768168668        13.421334182452467        2.9084732221969172     
  -2.8345880335020491E-003  -5.4755306344991289E-002 -0.10055494252861459     
   22.030941652978555        9.3372854156041392        22.970789260488008     
   6.9421607100352400E-003   2.3619427240372033E-002   4.5910574804504320E-002
   50.219368143711506        11.127291687440557        33.400585904118657     
   2.5220844426353316E-002   6.9394872168338090E-002  -8.2475458487767730E-002
   2.0982405127606021        47.645810668198834        8.8939740430530563     
   7.7818674960897704E-003  -6.5135210828839191E-002   4.4449297784917415E-002
   48.551362244855696        34.050198026557560        45.356189285722117     
  -4.3827404690162733E-003  -1.3088075401244926E-002   1.0577458737204224E-002
   39.865917920898731        45.430926814623476        49.709400421179588     
   4.4317996889167550E-002   3.3995731639388967E-002  -5.2228130210704792E-002
   10.993470889160553        44.856931750902383        48.115544277034275     
   3.8120237399507734E-002  -1.5299805019905629E-002   4.1388829436676149E-002
   18.856575259509679        53.948552489590107        22.230199004030698     
   5.1775238052914091E-002   3.8602116847308021E-002  -2.1228899482949389E-004
   31.207790558503689        8.4848168903401149        13.140482402210401     
  -1.0077586260784494E-002   3.8555804462623612E-002  -3.4930218723301029E-002
   43.865115048880561        6.3729096781023076        31.071171762772266     
  -1.5290545248659408E-002  -1.0955592856385313E-002   8.6172035892178062E-002
   50.349881434944535        22.983141445345748        51.750523106010405     
  -4.0734109953722779E-002   7.1518328278548815E-002  -2.5319927052180894E-002
   47.643768076143942        17.866849191086388        25.673556187213343     
  -5.6740144344963918E-002  -1.0604971977734414E-002   6.2466678513497381E-002
   26.244106723796303        31.662537618047789       0.37952171627458547     
  -3.0608664374290492E-002  -2.4854710120077807E-002   6.8008652803537961E-002
   28.523106925156270        39.749999670406929        52.996804946075969     
   3.0782510060674749E-002  0.12877611679862913        5.5052272615781390E-002
   23.834900276074080        25.804914547376807        46.392637036665832     
  -7.7824226764499072E-002   5.9889967190599339E-003  -4.2145519370112058E-002
   14.954297262268796        29.888260304744833        48.455837293741041     
  -1.9079502691310188E-002   4.8938328806359968E-002  -6.3304945553700448E-002
   1.7088791472029288        34.320238316955503        29.183518232316715     
   2.1381917544096345E-002  -5.8484158201517492E-002  -1.5990191696544451E-002
   39.454837368998575        49.892714081729558        32.432824153157178     
   6.1979932661084515E-002  -6.9633340374518557E-003   3.1179568210902158E-002
   5.4426553673058384        57.812644079904580        57.787141926596618     
  -6.6310621970031250E-002  -2.9966107508857493E-002  -2.0019503438203193E-002
   22.676028281173600        52.527254544414461        58.082381076229090     
   1.0181456389746621E-002  -2.5509080989990916E-003  -2.8246628965687373E-002
   41.505994652635493        24.831170544637558        8.9974805312131600     
   1.0445862882235471E-002  -5.4905409800575379E-002   6.9228214532127495E-003
   27.590183452445878        48.091605602931239        6.2097654151723241     
   8.7314908135126698E-002  -2.0011876368610668E-002   4.4147383080573907E-002
   55.795965107346881        28.704997503881064        6.3249220980972920     
  -8.6382922448685236E-003  -3.7394782595338828E-002   3.1521802310141483E-002
   6.9511848770632740        55.521406640474432        29.648750561973920     
  -8.4899817792439512E-003  -7.2474092056884182E-002  -1.0829117647775917E-002
   39.665528776283431        40.815462141309403        16.514415733643251     
   7.6049034440612354E-002   5.0297002329969726E-002  -7.8378745156745880E-002
   34.592082613703944        18.403186794316692        44.219649704233639     
  -6.8854352786571316E-002 -0.11918137086449138        6.1435998472586850E-002
   50.505271939788159        42.844288296084073        31.027460182904271     
  -1.6861909449591306E-002  -5.2595536538586219E-003  -1.4864563849529182E-002
   36.808413108090463        13.861757530692639        49.394965250118609     
   2.8817455970252476E-003  -1.1383309697855464E-002   3.1059046448461407E-002
   46.188989043361154        5.7805039206687896        21.574042209119781     
   3.3844597353202381E-002   6.0046216408237311E-002  -7.6307957432916448E-002
   3.1858976348225787        14.381765943600588        20.394464704761415     
   9.5437426297712125E-002  -1.4202566206779775E-002  -2.0108869914833565E-002
   22.938809529855661        38.918652778537250        49.225658624185101     
  -7.7781462724942152E-003   8.5301830672364787E-003 -0.10741513838591531     
   55.194566545030064        16.983755199488368        47.358257734691385     
  0.10527020841113827        8.3025019785234647E-002 -0.13197948962010764     
   18.595049374153426        54.684760522332503        49.656853462874601     
  -4.3614948366853680E-002  0.10930040356589565       -5.6797875500621785E-002
   18.838825718561420        36.421454696755568        55.399872080963540     
  -2.2275553704836790E-002   2.5918996410376170E-002  -1.7154922003525742E-002
   11.534583273898468        11.809387742391467        1.2895004704924511     
   1.9992709621049334E-002   2.8739345239850184E-002   2.0454944589620282E-002
   54.163501375959932        22.627854234791197        37.533874622160866     
  -2.8567565520317112E-002  -4.3506112163885627E-002  -1.1875561465273644E-002
   13.119792106802320        57.616353211483670        34.819936996314006     
  -6.6566456228191800E-003  -5.0317014785781732E-003   2.1263508235676118E-002
   16.491378322495454        37.891804632759211        31.956578157305199     
  -4.4730564658213852E-002  -3.8852569883782329E-002  -1.8077648487975741E-002
   16.436210184122743        57.282738320298350        23.443479644115001     
  -7.5180129771339602E-002   4.9234212142924547E-002   4.3625099310294043E-003
   37.546605143302799        3.8059421932076840        56.919710146880831     
 -0.11389535020080811       -7.7804561607870250E-003  -4.5120362378357301E-002
   26.083829654699084        27.624418562743980       0.18419673916165619     
   3.9196382909101983E-002  -2.4357352717545414E-002  -9.0198891991451327E-002
   35.897449387529718        39.269187822246749        37.356099033891482     
  -4.4962003306280279E-002  -1.9673661378931300E-003  -6.9633329639453775E-002
   16.024806344661151        52.682807135845223        46.589671636534383     
   6.6109428898595390E-002  -2.2859473456669232E-002  -2.5628599530438684E-002
   50.188631212543690        40.083124537527382        17.556765053764899     
   1.3114140818832609E-002  -8.6224111364294989E-002  -6.0616321231667616E-002
   15.651066209416047        23.602055709580451        15.020028007286406     
  -9.2554792866590633E-003  -9.0567571418443377E-002  -2.7104071407664177E-002
   23.495403592310851        37.364729274168205        35.934522024610359     
  -3.7820435608076991E-002  -2.9333415131003994E-002  -1.5736257418554212E-002
   44.101211570758601        57.351695812132412        5.0909193295631212     
  -2.7209327548436444E-002   3.5361383335131356E-002   3.2995307186277794E-003
   34.037464679503017        7.1935656070927649        41.428345616626487     
   3.1003018482811378E-002  -8.5223583147418333E-002  -5.0088254197358247E-002
   20.247131870684754        33.858379605171308        22.719459352904437     
  -3.5391001805194229E-002   2.0007900655556399E-002  -2.2397155848602635E-002
   10.394536832291825        22.803060490926804        15.213335915707569     
   1.6870053821297328E-002   2.7718188662243973E-002  -2.4881983094239959E-002
   16.152349005772990        45.963321398720886        1.0098407674379797     
   1.4938619289934984E-002  -5.8597059695479362E-002   1.2062553007696347E-002
   50.590010730782957        22.741089785824748        4.2289786605664981     
  -1.9637434091648347E-002  -6.5047585036281108E-002  -7.6369790937171125E-002
   52.850860005700760        50.503697020912064        53.429618542128722     
   8.6664351906285977E-002  -7.4449323142508517E-002  -2.4002804018449689E-002
   27.320013932050959        17.581121626096991        41.743011500497730     
  -3.3314163856694194E-003  -2.0813873230105223E-002   1.7357713406912830E-002
   47.859559159337010        51.310409858033502        25.887924687713646     
  -3.8970517622334923E-002  0.10751167263703321        4.0272204693301707E-002
   37.236898995684832        49.030897332669589        28.281064164939288     
   9.4594393368067298E-002   4.3721146871221958E-002  -5.7500162093311623E-002
   11.631968421115227        10.059088962733430        7.0286229432838798     
  -8.1774382649363153E-002  -3.9444279043658402E-002  -1.7560377796771290E-002
   10.822155001595087        7.4692775746056554        51.250784824544802     
  -5.7587866688968481E-002   9.1029193838187111E-002  -7.7420437939639736E-002
   8.0893972319963030        1.3625043810430171        46.117886373224216     
   1.1910966265199762E-002   2.2760425599639502E-004   5.6870904214008644E-002
   1.8716465029361335        2.4650650055072245        16.875028547867107     
  -5.8816359898696068E-002   9.8934453952077318E-003  -8.7606177668946073E-002
   35.042898392866576        37.037622940959587        13.959623046534199     
   3.2854618885678095E-002  -8.2472019123337167E-002   2.9035429021564734E-002
   27.296349876762832        25.469946585915967        44.330864746283289     
   5.1307251995181068E-002  0.11828082836012822        1.7505368367189379E-003
   6.5548148864612505        26.013500718133084        21.131430790535092     
   6.3666567930757048E-002   5.6652505614381350E-002  -3.1864888308701558E-002
   45.336989213797224       0.97035502188958711        36.787611300751124     
  -3.7686712593393464E-002   1.2882033294372793E-002   3.7451227819952478E-002
   19.492741980604592        24.466168440050424        56.235934638603609     
  0.13864018019445168        2.5267290666725631E-002  -9.1127028385901490E-002
   51.925165212764675        32.486447400610416        32.674779415052896     
  -1.7733315944581787E-002  -4.6249812045931711E-002 -0.13975495886662662     
   6.7375954237855433        11.117307023057629        27.798583231501507     
   7.9892115657680743E-003 -0.14050695885360834        2.4268449325297876E-002
   3.9945114560964088        57.999085760547771        54.086435163822962     
   1.0329443166192370E-002   1.7409467770285920E-002  -3.2800251554590105E-002
   15.774478679012168        47.568514101112171        28.522799665482488     
   2.9129816874273930E-002   3.9031134548387345E-003   6.1903919498326979E-002
   46.884258530175302        47.084238820368626        37.455860281038753     
  -4.4094849977663858E-002   4.9872972392337733E-002  -6.6475188803718693E-002
   13.852891457167749        53.166642348610530        37.502993621418156     
   7.6324004254412214E-003   4.5448834757589381E-002  -8.3111249901843993E-003
   54.501164488618159        46.549514785656449        52.422816227134653     
   7.8759210678163438E-003  -8.4359662686332909E-002  -1.1996794760238846E-002
   5.7879090260158117        44.210636068640333        57.316222516272575     
   3.2804931918877012E-002  -3.0999861448718379E-002  0.11929600055811874     
   26.166995357434963        52.802552908363957        43.451508675155658     
   2.1760108983023243E-002   1.1690280660472717E-002   5.8791444153862898E-003
   10.336521288522684        25.123011940050365        24.037990474321880     
   2.7845524044039019E-002   1.1158884971271814E-002   3.6529215535860116E-003
   56.900964084339186        25.759308343768030        29.706449553850295     
   1.7055747680301887E-002   4.5124275064793773E-002   7.4820996395568579E-002
   20.873933330811777        4.1674234112384871        34.993454200540420     
   5.4038972879264985E-002   7.7071767819349463E-002  -4.7581989085457743E-002
   52.689620332779150        5.0790162119145945        1.7062738389396994     
   6.8407243625774397E-003  -1.1449389355588580E-002   1.0269586124042523E-002
   15.658547441898538        33.992502601189955        58.076690537678900     
   2.8285512592774453E-002   3.8656477360741917E-002   4.0923009223669440E-002
   17.212975538740313        26.457747555813491        13.775898152628972     
   5.9067390878617676E-002  -8.1051768517373862E-002   8.1436001133313216E-002
   5.1641142133975446        9.3486013836460398        23.270896506250160     
   2.7604831528692909E-002  -6.5546818633633042E-002  -3.9101684702652136E-002
   53.373047841696952        33.375500380244063       0.50363171880348823     
  -2.0578901290497043E-002   3.9997056063081262E-003  -6.5086288505155063E-002
   47.893582632138376        33.544324024747986        19.914931687441957     
  -5.1309447933324676E-003   3.2252190459392448E-002  -2.0566780047133876E-002
   10.601840248221498        55.953053071422374        26.108175230308280     
  0.13350387723383200       -7.3148305452767556E-002  0.14071853528023190     
   14.960374960248446        18.446325977593975        42.858889943164932     
  -1.5488288927492738E-002   6.4366668370625060E-002  0.10562473782331472     
   41.185016219897562        32.005179353099990        13.831890375555638     
  -9.4484772653291513E-003  -1.6850782708151515E-002   1.0127788458347602E-002
   13.130942817410675        19.866801452250172        28.798770230101240     
  -2.5330924520320385E-002  -3.5116510504629168E-002  -4.1676717545335265E-002
   6.8847866967552358        34.533236888428597        42.240523926789578     
  -8.3735040037659303E-002   6.8048555822220316E-002  -3.7261975447217051E-002
   30.701657223405888        25.327041262299051        43.874515776703035     
   5.9561669477293508E-002   4.6181957011004549E-003   1.4872563220455957E-003
   9.1276555975163944        34.455223792323075        21.314394793606304     
  -5.6408485829888770E-002  -5.0748661108861393E-002   2.5568768802673603E-002
   41.178983476393498        49.224679900592648        38.461039346942115     
   4.5095952801464396E-002   9.0561208498591728E-002   4.2276072661112229E-003
   8.1628546798280137        28.334718344106363        23.837893310351909     
  0.13171772976216303        1.4095742430109769E-002   8.1250286458959514E-002
   13.121732665416820        26.514762056586356        14.306546536764047     
   3.8978829845846830E-002   6.5901650327426925E-002   1.5446422487085866E-002
   21.149152897151712        7.7232016234401577        50.462299647533072     
   7.3310678775189334E-002   5.5835289443021123E-002  -6.2606433532705244E-002
   38.407205477640346        29.676171839610060        36.804482686919997     
   4.4488900256328678E-002  -1.5776747589091290E-002   2.5129373764515704E-002
   25.267434309549483        26.824990584062068        5.2888118302914711     
  -8.7055992132615126E-002  -3.3532847083167380E-004  -4.1176854695971016E-002
   5.2156868813083950        46.380150966141493        41.927784471767623     
  -1.8376692181976673E-002  -1.8105117352986429E-002  -3.9173469615023668E-003
   20.770181948798520        29.707874255212573        52.371482050241298     
   1.6545805698618594E-002   2.2689631051917861E-002   4.0675217995676263E-002
   22.683317392313352        31.034930652674305        29.195314644800096     
   2.2078065598748642E-002   4.4819729595514904E-002   2.9585771321904555E-002
   13.343293784341039        27.155499470936572        55.214945218306482     
   4.0059830636020050E-003  -9.3486566998254264E-002  -5.1867274693939642E-003
   9.9318863051158850        35.743369551546927        48.909218247591809     
  -2.7676901379574282E-002   3.4859365355059693E-002  -6.2370352909759300E-002
   20.452433471594158        22.482250110818246       0.90952046944463449     
  -2.3264266600037269E-002  -8.8392684456220713E-002  -6.2636174551206035E-003
   35.938425359735419        43.962052546293862        55.975931912254424     
   6.5297672922156352E-002   3.4263829946626981E-002   1.3967625616390172E-002
   50.647684728364297        41.283564551086165        41.360732698147288     
   9.7353376676595091E-002  -6.5940910089457488E-002   8.3756363644354029E-002
   2.3992008600100578        44.019934687581639        28.273654366755217     
   2.4669559395151565E-002  -1.4511221300850250E-002  -2.1968337499216968E-003
   10.671906273384716        23.990368604084445        57.474282824387551     
   6.4902552251465781E-002  -5.4105962837368354E-003  -1.4693581134222746E-002
   13.695631709125514        26.757061768487407        9.8682434363902285     
   9.9139666285295771E-003  -8.5293860318500572E-003   4.0915576912348720E-002
   35.282742172496420        23.485228923849913        42.723344555195496     
  -8.2819168450057823E-002   2.5755360824390012E-003   4.2779731803295196E-002
   5.4115815270858558        1.6853726079467843        51.260599969544081     
   2.2677215803941310E-002  -1.2835166102567012E-002  -7.5682700866145369E-002
   55.047224544842116        47.601454413921893        9.8390929847360837     
  -1.1428578320521066E-002  -7.6129125459106370E-002   1.4642232581193626E-002
   10.637089074239274        40.437265836532887        37.973263557896949     
   5.5705223602890895E-002  -1.6809333277844733E-002   1.3719607973795863E-002
   52.655076751723747        2.1433191816396171        26.545840200895011     
  -5.7318856025929683E-002  -2.6036857515122018E-002  -7.1985007660152797E-002
   43.255895844498347        55.196020530452905        1.3925686935539054     
   1.1587306401935500E-003  -2.6024124841556244E-002  -2.8924602152682031E-002
   51.868327273254387        55.934762093663551        30.571562882053740     
  -4.1884852314150178E-003  -4.3903294492046746E-002   3.6973098957028598E-002
   23.289132528227618        44.837390320093029        20.280158857834312     
  -3.5390057755148030E-002  -5.2239703738505554E-002   6.4646600459393230E-002
   9.4298912216806556        40.516161556949520        41.422222214200346     
  -3.5775900063560837E-002   2.7093956272832273E-002   4.8382185825484834E-003
   39.630600501134680        5.2912632622364120        4.5750144426536812     
  -8.3213593319038159E-002   4.3186978819889033E-002  -1.9200135926099073E-002
   38.756631770668243        29.844851065597027        53.688628606531879     
  -8.5324348631123370E-002  -2.2617715484564175E-003   1.9641489387537330E-002
   40.080002806864577        12.678943571912090        40.442516147261095     
   1.6818549447023563E-002   5.3136743820520735E-002  -3.3507805189823874E-002
   17.422515486371360        15.815573825236781        37.692032883493653     
  -4.5709468145583035E-002  -6.9041218983309796E-002  -3.2666069531582305E-002
   36.101716791280431        13.111200564096221        43.600514443292788     
   2.5790564557974651E-002   1.5918177828543371E-002  -6.5568570843422713E-002
   44.786880510940740        26.797489351869974        26.170212785043425     
   6.9257071032737885E-002  -7.4222587588949770E-002   3.3982275774774758E-002
   36.984072812832267        47.562196703449878        39.481289480203358     
   5.3667420273444205E-002   4.1075147373932773E-002   1.4126071810625791E-002
   22.817851106001683        51.919994685594475        50.969647808872807     
   5.6334448171670812E-002  -5.6989601629416950E-002   6.4212880267586925E-002
   48.603877393417982        56.924598552761232        56.423258410840134     
  -1.5741799260724791E-003  -5.6864780442437486E-002  0.12162605703332274     
   54.934524761045026        56.746193208378891        10.638920823399966     
  -8.4145757690190684E-002   1.9770212990855469E-003  -9.8961840375627261E-002
   34.556802422450836        6.1521403014579397        57.254859467059184     
   1.8011696717264637E-002   6.5036382963668026E-003   2.0687222117825470E-002
   32.041050802963376        27.409949818675027        41.622318216441982     
  -1.7772436046067312E-002   4.7360863277884017E-002  -2.5170191724918779E-002
   11.699137626265426        29.675749141179065        51.896291377731664     
  -3.0346316854467918E-002  -8.0762233078352300E-002   4.8195888860650127E-002
   35.073916554203024        20.837658690870647        18.979987062704598     
   9.5995351560361972E-003   6.5773312122364841E-002  -8.5953385990085993E-002
   57.368582370354297        48.823789009013439        17.977314149336163     
   9.6282735775465977E-002  -1.4474789328392527E-002   1.0235660053692166E-003
   10.062607025227598        9.2579564849730183        33.484224341524090     
 -0.12570659722906907       0.11954673897797649       -4.9950430610376802E-002
   55.085896726522385        44.796509146895957        38.922671745552798     
  -5.3504115007141518E-003   2.6950021303045659E-002  -4.2122573374368645E-003
   5.4132562579490093        11.419082924400502        19.913909520015995     
 -0.12514778425938050       -5.4560566073754743E-002  -3.8928108684219680E-003
   6.7848762593405327        23.274106638961317        26.363985982513213     
   7.0581270342021149E-002  -3.1324014164000227E-002   9.6321419966092281E-002
   2.2448302081910190        8.3570207978402422        5.8095425513358695E-002
   1.3557400882469803E-002   4.9011465858056810E-002   5.3526666556601495E-002
   28.460919990996398        26.424477686136616        6.6070671645784014     
  -6.2178429884431306E-002   6.7387447715001741E-002  -7.4423429314004419E-002
   15.987164698390057        9.7105977612384518        22.866600431729378     
   8.2833051935309779E-002  -2.2115350433976937E-002   4.3325889970014554E-002
   33.047105132837643        33.730481501619153        6.3982778552456221     
  -8.2874286324007597E-003   7.0906635932988876E-002  -7.3053037708196624E-003
   29.484342445357616        51.646831520408206        12.508742432254703     
  -1.3172322145700719E-002  -1.7419731254007093E-003  -3.4774012352226241E-002
   52.467411668269605        12.303068922596196        3.1092047765305950     
  0.15577680551628814       -8.6049157497676304E-002  -3.7418762477533341E-002
   26.978087805360527        2.2848354325430735        14.295884024872883     
   1.2222180359714126E-002  0.16792559472561353       -3.2264265950011424E-002
   44.701885490761384        11.033251003758766        31.668199345704512     
  -1.3101043603124408E-002  -3.2822906678642523E-002  -9.0890743273658578E-002
   7.3514536599947045        52.337998746323969        12.879159504731101     
   1.5033200211957084E-002   7.1562129879217132E-002  -7.2169431039187298E-002
   55.143282735034333        18.010949208281744        18.946597136460174     
  -7.1946116505748878E-002  -3.9766812598044064E-002  -8.9639449957954712E-002
   22.607141715653828        14.082773208382449        3.3508643909966573     
  -3.4916815675176860E-003   3.1684142956885597E-002   2.3384791499988636E-002
   39.959911138058196        20.634646460269202        57.788325570963593     
  0.10073422811639554        1.9493594462339603E-003   6.7947659957386830E-002
   27.992791782832303        35.067250581783071        25.013012115604472     
  -3.7853402337581804E-002   6.9920988516314914E-003   3.5389361445415288E-003
   57.122965737854180        3.8329871237098154        56.967695559445325     
   2.6068460704441038E-002   3.6234022624964141E-002  -1.1004471589604480E-002
   21.412938495399736        41.174012650150026        53.011931648684531     
  -2.1814302970325473E-002   6.3582149369621324E-002  -8.5423828902662757E-002
   31.338841931920726        31.705175541588307        42.852865959492384     
   5.1218094841563082E-002  -1.3665365756124651E-002   2.4530755920285762E-002
   35.909425087436432        34.723219502612473        34.500810999647996     
  -2.7601317763671075E-002   2.5740098143385608E-002  -4.7912620585739883E-002
   11.205945445948609        53.750711189867772        19.826990932181889     
   1.4813023837887070E-002  -5.2977745832424289E-002  0.10750554028319163     
   52.029652883401667        9.5158094197393126        8.0936080308346749     
   2.4782767291455506E-002  -4.6758408133560553E-002   3.0179955505970923E-002
   56.910024299698087        29.533107660270407        32.028288856550127     
   3.2571889934053452E-002   2.9746734514485305E-002   6.9582563229005828E-002
   14.220406993819440        49.309709769425254        38.900849747510748     
  -6.9355832199179318E-002   2.0880879968830871E-002  -2.7332829435157302E-002
   23.495050486578229        35.802716665480538        4.6895377722946305     
   1.6205773839922073E-002  -6.1563283882453109E-003  -3.2866801208169330E-002
   36.328294426236923        23.304633064890922        2.5768164011701176     
   9.8929423690333515E-002  -2.5420145956916287E-002  -4.4986500031327613E-002
   30.795006316230332        16.224970867851997        7.8533140009456366     
  -8.7104708582106422E-002   1.2685466117239790E-002  0.10923983599282520     
   32.716414485403526        28.184415684629194        47.147455353175268     
   6.9475178290605150E-002  -3.3808353997193549E-002   7.5994038567147660E-004
   11.061713464845852        33.804951120025635        35.361064094572356     
  -1.1431413072827188E-002   1.3916330060979654E-003   2.2914457250043180E-002
   30.354578227082346        48.038140506241056        19.716579803130543     
   4.6431996128128053E-002  -1.4680573346604602E-002  -1.1118540882999698E-003
   14.403459868650925        58.055069841609615        57.622413958115054     
   9.3053499626793074E-002   3.9575037437073718E-002   1.8774033703288046E-004
   36.745114882948762        2.0905608278634555        16.150544232783844     
  0.13051477724072344        2.3746878736789108E-002  -2.0643532556804300E-002
   30.976371228280364        45.187369412903607        22.103973564767550     
   1.5345134606210443E-002 -0.11204992536771105        1.8504290442437468E-002
   38.604078200129003        43.229381947239794        19.409107573831044     
   1.7065676379192897E-004  -4.1442972376106939E-002 -0.13683253259713690     
   47.423002165065178        57.822205394868639        8.2001965647498896     
   6.5883681673293365E-002  -3.9122001241569247E-002  -1.4588871558290268E-002
   55.434088717307830        35.726049619879483        5.1806969855435954     
   5.3489263719692898E-002  -6.7606470186993520E-002  -9.9424730428117405E-002
  0.75251126914419786        20.636706150014671        58.045741179530410     
   2.1804495134236188E-002  -6.0804668099943185E-002  -4.3917428366703481E-002
   34.560406603199851        54.038002432217425        19.081597815669774     
 -0.11611232365512283        3.2950827782979787E-002   1.3762986446571887E-002
   36.488659581275407        47.301993627731555        31.794001367750084     
  -7.0533804975782613E-002  -2.4413387538515623E-002 -0.13901139495264281     
   9.9210930591338755        12.345722162167446        43.224637519892710     
   4.8450729564084409E-002   5.7306638335115498E-002   1.2062813107298821E-002
   42.615210960597210        23.081234484076806        38.476613889963623     
  -3.4879140651835894E-002  -3.8723698548318752E-002   2.0139536067969258E-003
   38.712787778491872        12.906550738345290        52.089335156821662     
  -1.7381757683288649E-002  -5.0509468466346324E-002   4.9178577937004114E-002
   18.221924492485080        40.720743387609701        3.2183933772950208     
  -3.1424789144646359E-002  -7.4295389869992977E-003   1.8744518394163877E-002
   23.323794132690516        26.583089918342051        17.844115592399319     
  -2.5527860211312779E-002   2.8199616452679984E-002   1.2150046131425639E-002
   18.658875253986555        13.106409571179498        6.1886678665102366     
   2.2324546226158690E-002  -3.6321471986717264E-002   2.0227458735348074E-002
   57.849449189380543        41.286229976487526        15.098526888499343     
   2.2542640857044757E-002  -4.8810697015475045E-002  -8.0913335468490218E-003
   38.434655503690685       0.14376057160495301        11.460764082577144     
  -5.9107029143011056E-003  -6.4809381104179624E-003   2.3096337864261338E-004
   39.769511958999132        18.992536875582179        38.793563450951190     
  0.15240972398560251        6.3003086554545715E-002   2.7682345936350616E-002
   32.454144043239012        4.0786506541415335        20.622902302239808     
   8.3619035857326163E-002  -2.9749111937785823E-002   6.9651278537021521E-003
   7.0024846752112353        18.422676505316346        24.792203891539398     
   6.2003235618922181E-002   7.4703129281248670E-002  -9.5424332713655250E-003
   14.595898748505640        37.521907085114151        3.7794256500257930     
  -2.9203070817158804E-002   1.3267111806492357E-002   3.5372684118989486E-002
   47.498757899405781        6.6426822296504380        12.157675336014711     
  0.10512202395967565        1.3895548420187881E-003   9.1705255328623766E-002
   20.321592023261157        48.103025863421827        4.5151007299342956     
  -6.0018097485697773E-002  -3.4546789539940288E-002   3.0624254495014446E-002
   10.454746360504060        39.670058413070421        47.257309610936495     
   9.3326457072068755E-002  -7.2047302142500561E-002  -6.5856286948720019E-002
   17.122388209537579        47.203195057699752        47.396693904548506     
   8.7138200380629277E-002  -9.1748425887952095E-002   9.9136718852401287E-002
   40.527645262203031        25.009955294134393        52.660134049714422     
  -4.0483317529459710E-002  -5.0956222766386769E-002   1.0445027945441181E-002
   55.925818402641589        26.683250945209696        26.340109314123637     
 -0.10189051848269309      -0.23059583241133530       -5.3746310638377141E-002
   7.4552174484512852        5.1499715498542127        43.617893516340281     
   7.3165517713072378E-003  -4.8921266585444635E-002  -5.7414345247797254E-002
   16.226975127046558        41.479106838864411        32.089033094159404     
   8.6305579595594206E-002   2.0198842825688488E-002  -2.3013851072844396E-002
   20.947419408949145        33.445119055545184        35.073527909918937     
  -5.9160037618925410E-002  -4.6806327656476526E-003   4.2971991857462595E-002
   13.639885358720999        9.9008824832920510        49.676517211333866     
   6.6281685186676792E-002   3.3473581988004354E-002  0.14328639295220996     
   22.289764940028977       0.11154560829834145        19.637654654124006     
 -0.10215792286972865        4.7416892893352498E-002   5.4056677761280453E-002
   37.404556941147149        38.365312988525254        41.124452701204845     
  -6.9001529723313568E-002  -4.1903367489800718E-002  -5.6840188311684040E-002
   29.354215802896526        4.2347440566496521        6.6944706534501863     
  -5.5507245166801139E-002  -7.7818167910034229E-003  -3.6060766351450058E-002
   18.451101590441258        40.523325377202148        15.830509383333181     
  -2.2207446251449828E-002  -8.4541751291271838E-002  -3.1394096038339460E-002
   3.0856362089646230        12.178753636999657        3.9358080998891265     
   5.1167232685348805E-002  -6.3246782862997550E-002   7.7185572578631597E-003
   37.895116086643682        13.010337149689308        1.6518011680721825     
   4.1115532746515649E-003  -8.2763403437881508E-002  -4.0508696456338704E-004
   52.663825815378608        27.842562542055258        55.882167830022098     
  -7.6083483515313632E-002  -5.5651308248440230E-002  -1.6959709619798109E-002
   1.3062572723923764        26.847530274344923        18.454487239804713     
   8.6869724891978611E-002  -4.7013349582561079E-002  -5.8466266545409089E-002
   5.9374254242320941        25.229563811950204        17.996253552223404     
   8.4353291948866566E-002   7.4630234942714424E-002   6.6173601897401846E-002
   54.957542241012142        10.538811097078948        28.732276352051731     
   1.3040373987902861E-002   4.0624169949462212E-002   2.4776215700643329E-002
   21.055571759263689        47.843753204991280        14.698956517813810     
   8.0780260204849436E-002  -5.3883528414677390E-002   1.4604954471200965E-002
   6.6258554438049835        50.778332343608618       0.77726760957497953     
  -8.2276000783929951E-002   9.6357035604047164E-003   2.5343607826779666E-002
   28.438809320089149        1.9363900454818248        10.892000211439761     
  -2.3118468914508975E-002  -2.1259874444136077E-002  -6.9675559755007027E-002
   10.390452388713054        32.984329882791421        54.167907799094287     
   4.0975082551823340E-002  -6.7934546080142488E-002  -8.4666323790648201E-002
   33.073601384660080        19.488071081826867        10.269960701236389     
   2.7933131839425612E-002  -4.0503562261035839E-002  -2.5231608587860575E-002
   13.433642736166759        36.709060399118741        32.309806966108511     
   8.3043965003084849E-002  -1.2003036736524478E-004   5.4729374114306686E-002
   20.675683591542747        34.050555132304915        38.369234213035803     
   2.8384830880007567E-002  -4.9655310068754711E-002  -2.1042293489606682E-002
   12.502347161860495        3.1361183384433682        35.308304540803306     
  -8.2106794873487765E-002   6.3978071093403754E-002   1.0493378604157477E-002
   19.193178554322824        26.237404911524173        52.247615908780240     
  -9.8224297484682407E-002  -3.5379152027194549E-002   1.9380853770951108E-002
   40.043468157434830        52.233590275155649        19.789310069307142     
 -0.17676865280348347       -3.9276770198599271E-002   4.8576439634820466E-002
   33.997136416797076        6.9467255321110972        37.052950601775933     
  -7.9485927191710933E-003  -7.3285236763268813E-002   6.5714984550065539E-002
   22.096932130829355        8.3378546479103726        6.7509753577446379     
   9.9381109272598488E-003   1.6492705226266217E-002  -3.4491219088803385E-002
   33.824588079056255        5.4054600186144990        11.009710990913712     
  0.13910058985754956       -7.7242656675799354E-002  -2.1231614197282154E-004
   38.878048518926228        50.406335651926526        22.301517373781472     
  -7.4790623976486795E-002   3.9014264294761521E-002   1.3677061279164413E-003
   51.766749457096672        19.778742832722450        9.6000237037126741     
   8.9347738467375135E-002  -2.1768167337557893E-004   9.3418635371747730E-002
   8.7800212086883818        26.342388166494302        53.225782690718987     
   1.8448245918796211E-002  -3.8118704044861132E-002   2.7341651842646374E-002
   19.514002385853768        33.689187977187281        10.205755495034452     
   3.8321788091039741E-002   9.8782608962706825E-003  0.10316003143035345     
   3.5719845125478185        16.629713565235676        16.803139854062039     
  -2.3843105834868646E-002  -6.7049617189087654E-002  -1.2693574983159778E-002
   47.939927722181508        43.868085507210843        25.408131169534155     
  -5.4875567802524186E-002  -8.5640561516085231E-003   2.9877049585430415E-002
   41.366295814175423        2.7576317508161101        55.305018474007426     
  -3.3993507962515636E-002   2.9754712981470168E-002  -4.8712088796375980E-002
   27.263676379759076        40.074562379396525        28.887295145468702     
   3.1854429962572026E-002   6.6564985079925389E-003   4.2048891941620543E-002
   55.906747983266996        46.015659991306393        45.600448722406711     
  -1.9202484051244653E-002  -5.6475050234095485E-002   7.7141650569905768E-002
   12.266620963110991        38.425549442027183        24.101960603146431     
   3.8276595652011025E-002   8.3510597405300299E-002  -1.3630757619592546E-003
   21.097888786518556        17.843926470738282        27.449054195899549     
  -7.8480223525961346E-002   2.4352938866183917E-002   4.6873913038663867E-002
   9.9234888380433226       0.54108692689728799        32.293898034841256     
   1.1054325439007674E-002  -6.0584716694800200E-002   6.2966761990486064E-002
   20.426386130117994        6.6590530393625960        54.091430655550639     
 -0.10721265124279787       -2.8208996879299369E-002  -1.8598686955384837E-002
   19.071003989180046       0.22050287096141444        31.180516193237480     
  -5.6718503068071927E-002  -6.0951019249749903E-002  -4.3545090455172943E-002
   17.236431882238232        16.838256605896056        8.7982477743438743     
   1.7012975339404459E-002   3.3439963310992589E-002  0.11603460203200648     
   46.688319578710257        26.262288847226202        39.950531013065984     
  -2.6923397816209574E-002  -6.9454503866966680E-002  -7.1701757454288570E-002
  0.15091715028271477        37.725613798610546        27.773953350999580     
   5.2603406346569494E-002   9.1979616500850944E-002   2.6787202091800616E-003
   17.037747022751244        32.826517346405595        52.025284119715622     
   2.9841240449322307E-002   3.1001488449899127E-003   7.5186724405573654E-003
   56.685930271379320        14.461597403265468        53.136065934526947     
  -3.0941696528267618E-002   3.2871604648707586E-002   3.4106162301948753E-002
   33.791568306996560        47.658187356443172        27.428884228300422     
  -6.2971417980005634E-002   4.1353447618540901E-002  -4.6161444138139718E-002
   22.050585815334799        28.188424866699819        57.391285291072450     
   3.7378828255045779E-002   4.0574281904074284E-002   5.9261583437626025E-002
   35.246579535144114        1.6372903721527523        23.553441846492031     
   1.9317706336474286E-002   7.8277728872315835E-002  -5.0766453826631740E-003
   51.181479982955715        4.7918147610617137        41.974537996442436     
  -3.4427189045943232E-002 -0.13468373490450972       -5.6912643532987701E-002
   53.608439950206197        14.674580755624946        11.810760345708134     
   2.2690194044902724E-002   1.2600978507512605E-002 -0.13191836867229031     
   45.550612309038435        16.621105492830463        16.742511044356956     
  -1.4210253958910008E-002  0.10074271211674758       -5.9609589859883037E-003
   16.829517993881677        43.703415256493429        5.5746360201544309     
  -3.4724871400706590E-002   1.1305687834072995E-002   2.7159262316190928E-002
   7.4797889068252843        11.696261804677583        8.3740241963068378     
   3.8260974173198049E-002   5.5021430295387377E-002   4.4673933204202564E-003
   33.590559567594482        22.801849343129046        27.622625487721276     
   3.9935506244194445E-002 -0.10167294622164133        3.2898737145670688E-002
   46.515786948644305        39.991130235891340        10.292872158488017     
   3.9815930830341219E-002  -3.8536823342988797E-004  -4.7114659985698040E-002
  0.40331585024444078        49.523781957891210        56.519648153582075     
  -2.8469471403879728E-002  -7.7666646523008335E-003   7.8129324023619259E-002
   1.0420566615992919        15.011561938704705        46.845934695690666     
  -4.2870276411141793E-002   3.2768679758956821E-003  -4.3843740046710954E-002
   2.4772699190402951        41.096361698317558        26.136124891588580     
   6.2483742385091849E-002  -5.7202835902069298E-004   2.1069067199312716E-002
   44.677502303146163        22.975439780066420        22.597638360901207     
   3.1890686374399936E-002  -2.3986843405492037E-002  -1.1994871734829280E-002
   9.6245599353611961        25.330075098577954        33.190863587288980     
   2.2196929147079665E-002  -2.1071079684414785E-002  0.10811758550049178     
   38.886245820062364        31.448030050775085        45.658881117350887     
  0.11473156610713224        2.0419183601536703E-002  -3.0245068062332660E-002
   36.019885149181796        46.800937395103709        21.057197914246014     
  -3.6608393981614876E-002   1.6419714882358639E-002  -6.7191898700895729E-004
   20.724926865312760        38.663335223597571        29.948685042507716     
  -2.3228766123602113E-002   4.3444974352725735E-002   4.9613541081562129E-002
   28.044764585404749        39.184453120301441        6.9033510922064822     
  -5.5424322545875468E-002  -1.7534814774298011E-003  -8.9195817193493912E-002
   9.8033197306149340        29.637079525903548        31.621663217735495     
   1.0183672130899084E-002   3.9883775971895748E-002  -3.4672155202223984E-002
   55.175202222775425        33.323913070066602        11.951826545382799     
  -2.1472358937068631E-002  -1.3598310664337199E-002  -9.2575104291253471E-002
   43.871711238826755        23.837834016094895        52.295398430156681     
   1.8448480648958352E-002   4.1928860198794729E-002   1.9750934060923708E-002
  0.96458690104245204        13.230508371993828        13.114695377522715     
  -2.6882475347023926E-002   1.7691855642719887E-002  -1.1738035081536142E-002
   4.6572182766560806        45.605200332009957        25.680128841085192     
  -7.6536582112506107E-002  0.14496834028362413       0.14266835958195892     
   48.740310790430186        46.867723450143259        12.793220996550485     
   4.8651255116595439E-002   6.7758314056507993E-002   4.4149159399916524E-002
   57.565959353487521        47.056009577932180        29.361230474930274     
  -1.8577909944400704E-002   4.2647832327661200E-002   3.1451241136072672E-002
   15.155048107840031        4.5368862473988036        47.645919363140614     
   1.9612920011331254E-002  -7.3867412550962325E-002   9.5308337065767006E-003
   18.447923523447027        5.2594881404624694        31.691581222114944     
  -2.1213589574609237E-002   2.7166199081546149E-003 -0.11175022695882791     
   19.864251496831177        7.2568390643956402        28.824371414953013     
  -8.1007401428676490E-002   2.2277557419076940E-002  -4.4111558091282928E-002
   34.707738850007566        30.157037408114981        45.107307771964578     
  -7.1491640819036154E-002   4.6716926344316401E-002   5.2433611153298497E-002
   30.167559339064209        32.270482880354912        24.739387762066620     
  -8.2220351595148317E-002  -2.2454591925925020E-002  -2.1979052700675999E-002
   53.283337939117388        42.269147123634234        25.072822957696655     
   6.7105938540561938E-003  -4.1941916437228374E-002 -0.10339050030686246     
   42.979889940522639        30.740738247941675        56.217449019570658     
  -5.3133583802650430E-002  -3.6989629751660435E-003   3.4827386460155187E-002
   22.652331215289056        31.227381561025805        43.118793687689454     
   5.3644260095877978E-003  -5.4401081199700312E-003   1.0937447678814986E-002
   22.997974403729529        27.794963373504025        39.924083507085200     
   2.8480044754386528E-002   8.3819237557591256E-002   1.2633046045655258E-002
   11.013173804393649        44.539368440661171        39.150659291466141     
 -0.10112731761907652       -8.5546945626435861E-002  -3.5701833467853300E-002
   54.154959960259355        55.895059499607001        35.464652220812937     
   3.5063646259219448E-002   1.2935593033552904E-002   2.2695984077775479E-002
   29.979246896067725        29.439030154244062        8.6350927327421196     
  -8.7713764537962740E-003   7.4669143042440836E-002  -5.8643368115834468E-002
   30.659157204112542        45.592744658699445        13.426445939499661     
   5.0553356279772026E-002  -1.1817769890602020E-002  -5.0408012896544577E-002
   32.634252795813389        21.868592762804845        47.965611883916118     
   4.4512276199749026E-002   5.6598033251843746E-002   3.4058177974739721E-002
   30.537375766617135        41.233672292064931        32.911136349066751     
  -9.9393932165593377E-002  -5.0346807185428062E-002   3.8293957227005189E-002
   14.098351839559246        50.025888683024050        42.782472272682476     
  -9.4872984558929396E-002   8.5914093751872075E-002   1.3311129059351501E-002
   1.7129931142101673        53.162582040563123        14.600427045907567     
  -6.8857172012391873E-002  -2.7239973890596549E-002   6.0963375984514317E-002
   33.688996257027853        51.311751403978917        26.755182734786985     
  -5.7658576414745366E-002   3.4809960592568717E-002   3.5133928834760693E-002
   7.4307297519628861        52.475628360793912        55.607449635187059     
   1.1565115162489375E-002 -0.11796645462299839       -4.2967539126347626E-002
   27.418541259266650        24.014887369747697        33.543698519974107     
  -3.8350371510587594E-002 -0.14347322471882382        7.4851973865743937E-002
   12.262522119823590        11.048605345080857        16.332903279448217     
  -1.7364964990440507E-002   2.1893951724432622E-003   3.0609768927944748E-002
   37.060144226583319        21.170919437397242        40.820891690806413     
   5.4167560561947596E-002  0.10816840862425828        1.4562968787332122E-002
   49.064177755258733        17.342159973845980        14.232246560990188     
  -1.0277989252874016E-002  0.13438329692897780        1.3919476026838174E-002
   29.420514797780999        33.451906279236248       0.99184966217472459     
   4.0243843898182662E-002  -9.6491821459540987E-003   3.8240433922935621E-002
   2.3771744923468354        26.085235900458827        42.191982264348610     
  -2.3654403370378111E-002   3.5245720087220427E-002  -3.8004041330808362E-002
   35.478291215214725        23.740389729903626        32.700761386721325     
  -4.2274963095958663E-002   4.1477652557669734E-002  -4.9732173222317252E-002
   6.6147690407174240        37.412914171348334        5.0084835629060374     
   1.6429784141448786E-002   2.2414679882609194E-002  -1.4180988921921978E-002
   47.499163453852567        23.906110360352645        31.335422378762448     
   3.2417862039581358E-002  -1.1035191381768108E-002  -5.8553875605087201E-002
   50.865604979808779        2.2466782637973650        14.606207352550536     
  -3.0301492935405929E-002   1.4828214803030006E-002  -6.7291289728287962E-002
   4.1453218351314831        38.251082443508899        27.677357598572122     
  -6.6491648792699184E-002   2.2827920895479411E-002  0.10800046757501539     
   36.394019753756005        22.117305612434588        15.856506328848418     
   7.6824171136871053E-002  -5.2571479366486908E-002   4.1834367881330957E-002
   53.692274322955285        13.834192303218741        7.2030177964682265     
  -8.9736819853067831E-003  -3.1636060874796465E-002   8.7109486049593621E-002
   31.839199203214424        53.173331719662691        38.852484147210120     
  -9.8656290195723514E-002   8.6289975853788822E-002   4.2442422686477368E-002
   40.039894705554651        56.772084148538383        37.434665396491177     
   4.7065342046894200E-002   1.6887002425457421E-002   2.4410845107623477E-002
   55.666801213626364        27.270430000520808        17.134589841155563     
   3.9506357514041100E-003   4.6559985394869323E-002  -2.3848979691316424E-002
   16.807355166904923        19.642631282726832        45.201305993879650     
  -3.0803398503219448E-002  -5.2768883761078239E-004  -3.3796825237230627E-002
   23.737390523713419        36.398058180645663        18.581029770842409     
  -5.2060880262318247E-002  -1.3005137000356532E-002   6.5709223906038741E-002
   4.1501319074607288        8.6458532748792543        15.140791472327823     
  -2.6127577715064774E-002  -8.0642176526122725E-002   6.5286073453157206E-002
   28.637051930718954        8.7122708077745070        8.5831733740889717     
  -7.3663305197422035E-002  -4.5831271462439323E-002   7.3080214474478725E-002
   8.4940582083982878        25.924819060722896        15.593122972321142     
   6.0508525727625627E-002   6.3244615629650086E-002  -3.9623948477322563E-002
   40.735338215001548        11.587356455777138        45.537155489353331     
  -4.8388564571303768E-003   1.8010303357504195E-002  -4.1622204166371898E-002
   24.661901541099443        26.666993699625646        14.430263103142245     
  -3.1008532474392902E-002   9.5959710382112928E-002  -7.4143196220299246E-002
   30.473026114798671        7.6902605696008592        19.506056083528122     
  -8.7127813458384565E-002  -2.5734567778712660E-002  -1.4085100331149377E-002
   34.156649631204807        53.660588083863765        46.551174691870941     
  -9.1772751550724521E-002  -4.2614295185382393E-002   5.6353503045225996E-002
   30.317645072041024        12.445778396468494        21.798350342733997     
  -3.6253221858334225E-002  -6.8828914177610657E-003  -4.4184287340961519E-002
   17.022913928036342        10.312405130183143        36.407039339401983     
   2.4682403473917893E-002  -9.9373192071498220E-004 -0.10816039440771863     
   50.490549294401738        12.566768625010305        17.925703910490721     
   3.9345790767238480E-002  -9.8827095105034398E-003   9.0332704787487225E-003
   24.684827223845165       0.77758931291324340        10.889729359367031     
   1.8998027651300303E-002  0.16046127860370307       -5.0352059046555641E-003
   54.098598860928959        49.104825670622098        35.442083710841835     
  -1.6006521111645085E-002   5.3800715384636211E-002   8.5134890955371953E-002
   31.262029730155447        37.214757685290657        44.038668743508993     
  -8.4544236960632457E-002  -3.6984471252316698E-003   7.0554911479500756E-002
   22.943163289032103        42.774065294956166        37.392753732217862     
  -2.0543977752030063E-003  -1.4857380145567025E-002   1.3813730967231376E-002
   54.138995891778244        12.259961247392793        49.370033960631112     
   6.2847644768622729E-002  -6.8899807426371654E-002  -1.7881812624065435E-002
   43.636783174064085        51.453401343271970        40.823099692213901     
   2.3318108394119939E-002   8.6487731710391841E-002   7.8372614582577459E-003
   50.997323439945703        32.597013650119180        3.3708119681637645     
  -7.6257243690177764E-002   5.5270541597589040E-002   5.3562592658569419E-003
   17.175138083753673        39.750558948159394        48.169332975450963     
  -4.6117363926594657E-003 -0.10725392787737828      -0.13738724214067435     
   5.5148966358046438        14.954183921837465        10.570401040378648     
  -5.4284763263552277E-002  -4.7634441487268329E-002  -8.4849511837898878E-002
   17.182101781807642        2.1045685321194343        52.258376984277881     
   6.5819410846726586E-002  -7.2949023199161106E-002  -8.6863520846704265E-003
   14.298817538833022        40.085383344315154        26.879185407818625     
  -4.9543234262045648E-002   7.2881525000884637E-003  -5.3693483482679582E-003
   24.724616843399740        13.200845011361190        26.700579974612591     
  -2.3219733627446677E-002  -4.6169207371920762E-002   2.1500755488875513E-002
   22.624834028752812        6.5869977461142550        7.9917450304662296E-002
   5.5721840008857028E-002   3.5941484565230837E-002   4.7085421154128186E-003
   44.624373415707502        49.456224404721574        43.257233058412481     
   5.7926971518337108E-003  -1.7416067882761125E-002  -2.9893069629023820E-002
   2.9993242080341709        25.353575681943720        27.888056246260287     
   5.4370008087945669E-003  0.12596185719065520       -5.0884218139006801E-002
   25.945670433335021        30.812208576941593        7.1853648967141845     
  -9.1862880554604509E-002  -5.5981043663112240E-002   8.3706496069183067E-002
   38.756728345674674        53.768075823949040        43.519742476460102     
   9.1537904854154764E-002  -9.1272912299681208E-002  -5.3958082458202647E-002
   21.698502264207150        36.517703526152431        57.506513560034080     
  -9.6893051629825505E-002  0.10135146349124617      -0.13327541656473973     
   42.936128124951175        52.071294742750382        27.182976382070574     
  -4.8372389122306729E-002  -2.7356473842433941E-002   3.5512616966026180E-002
   56.423385483083109        45.091166226744505        56.023266599523716     
  -9.9370267007118970E-002   5.4209549135228602E-002  -8.3053497473488109E-004
   28.547986873846490        52.456524295159653        25.932719867406938     
  -6.2786453848905591E-002  -1.3402276073898238E-002  -9.3493833055208017E-002
   38.041287267162801        51.742641852447164        38.566716883137119     
   2.3653562207912510E-002  -1.7405414460188100E-002  -2.6341058451575708E-002
   34.844543924902609        38.860257318969083        17.646394096878844     
   4.1551715375871066E-002   2.4700836494504257E-002  -5.2253534617364927E-002
   9.2962627197433694        34.836373846823221        3.3214837362467824     
   4.0431526658815164E-002  -3.0541349667672340E-002  -1.7713542399602933E-002
   24.593171582569461        8.1109668402731945        25.929109362907077     
   2.4221705436653473E-002  -4.8189999761000697E-002  -4.0784143513468908E-002
   56.881211312634285        47.050723044622941        4.1676067262241991     
   6.9393033944264798E-002   4.1794446426839507E-002   4.0164387258808693E-002
   9.2001786930906100        6.7580691037509677        25.730518015578049     
  -9.0344813316606223E-002   4.7247872782984396E-002   8.7719815272943539E-003
   6.2703651180532622        3.8207394014036669        17.494546145138941     
  -3.0755767618228763E-002   6.3587355744046059E-002  -4.0197303274138096E-003
   35.877863853849931        10.891853864983757        36.366979183376785     
   3.9917965617002414E-002  -4.7912271608909582E-002   3.6170447682563256E-003
   21.599272958552255        2.8877685294105579        53.499596743979339     
  -7.5815111974725499E-002   5.6264154025834338E-002   2.2400972819881061E-002
   54.408572011085887        39.945074807542575        9.4683451041058113     
   2.3351204936752291E-002  -6.2053180907075669E-003   4.9248862905927034E-003
   14.787104758702904        35.647274988678632        52.248994314828586     
   3.7858260229487350E-002   1.8254705878689617E-002  -9.5979897278505144E-002
   42.516731053245969        57.654066225968400        24.449027861471762     
   7.0482833072908577E-002   6.5240759095566661E-002   3.9527599631045504E-002
   13.425722601633897        42.060184105622454        38.534580265590833     
  -5.4768802302991089E-002  -5.1210555532631381E-002   6.1516176376580859E-003
   10.413223388783907        37.720362334968577        51.453003254404052     
  -4.2513842547727311E-002   5.6294454979963819E-002   4.8451123173054181E-002
   42.299055217491805        50.961642959257944        22.536443472516638     
   2.3869517209159134E-002   4.3745809964222546E-002   8.2962529038328500E-002
   39.287864792723113        22.562857585478397        23.192664304441266     
  -6.7356640136794724E-002  -1.1629004438433026E-002  -7.6533585270011596E-003
   8.2119616091719347        47.509362625617555        19.945379481127251     
  -7.3558768874639094E-002   3.9280743116870354E-002   1.4169350957128254E-002
   37.167234384032859        1.2630007053150445        32.727577605187214     
  -2.7198713364622023E-002  0.10269551803429884        2.2204592496469028E-002
   40.820827019386755        25.625639589249086        46.607319661354090     
   3.2958791849731682E-002   5.4750095718969688E-002   1.5370872874458272E-002
   53.019515056696434        35.250497131126181        14.982991330171641     
   4.8089067351628934E-002   3.9242007312982208E-003  -4.8921720963319166E-003
   41.015444943608870        40.143145768840853        50.765418610446162     
   4.1494517847707642E-002   8.6272267920424583E-002   4.5212061678360531E-003
   57.076638949819220        43.741313932623591        48.363191768377980     
   5.4539028105305025E-002   8.1290372243781550E-002   8.8149315420632493E-002
   24.245859789279848        27.448645954591484        31.889573704964949     
   6.8894157453248658E-002  -6.0049725217357949E-002  -9.0984430179487388E-002
   17.880882749605785        13.865419197371727        50.889282840562224     
  -2.2066563012452197E-003  -7.9196663721848130E-003  -5.5932405563466646E-002
   26.612909799580208        27.408604803457095        41.555343248778158     
  -6.4420421832284205E-002  -4.9752824507825798E-006  -3.3619192196258564E-002
   53.721219050208887        25.599310760386700        5.1893173213352943     
   2.6309725856504478E-002   5.5295071421564958E-002  -4.8342613202704228E-002
   10.266999688717394        39.236804378955455        13.852148965149659     
   5.2147218964918605E-002   6.6585707438247599E-002  -7.9622766586817550E-002
   49.883039471255081        2.1852160034396455        9.3612000739915935     
  -3.6016378469944418E-002  -5.7195617074080621E-002  -1.6922339431398783E-002
   34.524431980394290        44.417333967218077        5.8138755704762461     
   1.8870434296152674E-002  0.11354365098494687        1.6074044780909052E-002
   12.415522729537379        30.883233274518162        28.010297371293657     
   8.5127435799821748E-003   2.2009341692044760E-002  -1.8246185050134513E-002
   1.1396405092963386        16.009106874209369        29.989011970593197     
  -8.3116210149515384E-004  -2.7557827864234750E-002  -4.7718910252371370E-002
   37.343213626975107        39.837359930056500        55.260452019863962     
  -2.2210576578161764E-002   8.8661392452326085E-002   6.2803900861835085E-002
   33.883053799335819        41.547278157345261        12.528091660336754     
   7.2458256915775236E-003   4.0003468355071480E-002  -1.0906112099358534E-002
   41.222037314283241        45.137323098693074       0.20271550734919955     
   3.0727180630300322E-002  -4.2346794077244183E-003  -2.5111518965807069E-002
   36.949063068354150        51.946416237858251        3.7667372026161781     
   2.6961891766808143E-002   2.1730765029797143E-002   2.6694894096602355E-002
   2.9680245150726385        31.827528855373437        14.129795916823713     
  -2.4775136870418227E-002  -7.7796199598541227E-002   7.5080250492261649E-002
   42.132400534779350        42.308008215822234        3.0382750939170720     
  -1.3041523934466989E-002  -8.0863485057614069E-003   1.0319646954553337E-002
   13.725879027201154        11.538789908204512        37.098682756145905     
   3.5388847328812069E-002  -2.6497994690946845E-002  0.10939221016723891     
   12.789689842076225        40.565868792106698        32.123246980606190     
  -1.7186550087176455E-002   3.9545874686008481E-002   3.9464991262877155E-002
   49.019712867869586        49.517208771987328        20.422581441888102     
  -2.7373319529578648E-002  -6.3918899179179700E-002  -2.7619508125511501E-002
   16.079852982193941        13.711591764760525        54.091323495061935     
  -1.5878158871251496E-003  -7.2115628630127337E-003   4.2703114228032038E-002
   34.953877757313506        46.658992515390622        54.632173779465880     
  -5.5444071619127372E-002  -3.5950032515781653E-002  -1.6184851319965297E-002
  0.17768009334079934        44.807031255918261        8.4292558014258088     
   3.7238323423296839E-002  -3.8183457364277078E-002   3.5534318656122346E-002
   26.770000044993452        1.3800506550502614        55.265657590519346     
  -9.3399476461068359E-002   5.0201082637662611E-002  -8.5890821203261827E-003
   48.660026377333061        30.410053002882229        43.717244308643920     
   7.4211428396107212E-002 -0.10361934331510789        5.9594668304317880E-002
   42.795666239135159        9.4135323307451841        50.452082081392597     
  -8.5062609687256305E-002  -2.7079074825383468E-003  -4.1108297794625534E-002
   41.166479493286246        38.750363594717200        4.0150291973477428     
  -9.5429985279427532E-002   2.0382457088022023E-002   4.2368424106140196E-002
   46.415155115660809        13.188502582547049        49.584849819539166     
   9.1988525200248639E-003   8.6116812490541501E-003   6.9567156669592803E-002
   20.998159051684897        38.543539686157828        41.166019096546314     
  0.10858471848055151       -8.2305064337941714E-002  -2.6584773061333168E-003
   33.747987921425718        53.046880877443691        8.6969233343167165     
   5.0835364737552013E-002   2.7876675164803084E-002   4.9042106775735325E-002
   33.727125173816937        27.438276671108675        4.0395478112684344     
  -8.9154511279020982E-003   7.0740354707390513E-002   2.9472508009747876E-003
   19.170680212018134        4.5981929654137605        43.060337136566957     
   6.1264968477138138E-002   2.9427243135389459E-002   6.2341280140939349E-002
   35.718304863140617        20.571740034856774        26.293763940963487     
  -3.5333501813289765E-002  -1.2504172058619412E-002  -8.7614369140343817E-002
   13.526272707148674        54.264770359134836        29.068955785508017     
  -4.9886304666942591E-002  -7.1346490561807224E-002  0.13449877117435841     
   50.537796594544339        4.6993089731052562        31.344446221925388     
  -6.6418169219847598E-002   3.6436400846903402E-002  -2.9626084552305722E-002
   3.7960748735337666        13.362300444883514        37.688272988912800     
  -1.6328764887166610E-002  -5.8822921076649550E-003   4.2063477574963481E-002
   37.840253386784362        6.2275271710343576        35.401409489072734     
 -0.14147677778875017       -7.6919389651025336E-002   4.5730223478220408E-002
   15.798565938486654        54.382669793592548        33.967076108626593     
  -5.0057286455971337E-002  -8.1007516054375454E-003  -3.6450564272931363E-002
   16.435353788586006        17.211250655892766        53.765302985351852     
  -2.7769334949109745E-002  -4.1665949575940914E-002  -2.7000540084771901E-002
   50.457165951518341        54.388459132409423        34.701051711077355     
  -2.7963059233150067E-002  -4.6105153838113380E-002   4.3143028669307110E-002
   35.657092257476997       0.80836034958081626        1.5325983620111772     
  -7.6010090372951866E-002  -2.2933606516790483E-004  -5.5295521265307582E-002
   21.459726507689396        18.281882625462895        6.9171858531652983     
  -1.4435017253068467E-002  -1.9563323337480999E-002  -3.6520962342234224E-002
   2.2043418994200139        44.645631259122482        3.6487574408859005     
   4.8166502112239613E-002  -5.3140758716882404E-003   3.7215973283099397E-003
   30.807194772486138        57.934950373227885        25.092842102432627     
  -4.4930993207344151E-002  -7.1335716021479437E-002  -9.4692064501684925E-004
   41.181957499231871        32.311130361715691        40.979106343141424     
  -2.8193336913213780E-003   3.0132560034233254E-002   3.1864590980049450E-002
   31.792600025929001        30.917112900779454        3.7120617237663844     
  -7.1239696015479331E-002  -4.9466268999542193E-002  -2.1287812360575718E-002
   15.004939402031111        3.6048902934851297        39.043965377061191     
   3.0749731182802557E-002  -7.8691172722520741E-002  -5.5016748479678960E-002
   8.6581193309110418        5.6567929646280284        48.881798822030909     
  -8.2675266828704547E-002  -1.4762704239965459E-002  -2.8527675946512731E-003
   50.977334670759255        36.420397313067895        10.287922637085769     
 -0.14170170234494048       -2.6974698351260470E-003  -1.5432555004395460E-002
   15.206929464765972        12.713320038997390        18.327622486036752     
   8.7713021598167476E-002  -9.3074915582115666E-003  -8.4320882696840133E-004
   33.113233798806824        31.315249861625986       0.68851470815783777     
   9.7222175349642156E-002   8.5629258525644087E-003  -2.6410735130470799E-002
   4.9922156736296284        22.745970313300248        21.929778883912753     
   1.0255188664393265E-002   4.8779909640112723E-002  -8.9229518709787875E-002
   57.576083447021936        12.599452027730338        9.1770824052838655     
 -0.11276157535431827       -1.8500043584821980E-002 -0.13811399901515345     
   52.504574348146811        52.765529029523584        22.967124498211636     
   5.8858805939472077E-002   5.3000600186602111E-002  -4.4326978186241123E-002
   41.381358853268829        22.484487148651223        43.017049910734599     
  -6.7866241303258079E-002  -6.5111797543591546E-002 -0.10027502268377211     
  0.37392664652026292        52.189562943980029        7.5502176520950881     
   5.7696280134755487E-002  -1.1209583897857209E-002  -3.8372889539624193E-002
   1.7300206664498845        20.749603406182985        45.472322058545871     
  0.10667332286247418       -2.4103104730288715E-002   8.8763855634901745E-002
   27.981948972725178        33.444482593853643        16.637076541485200     
  -1.4857401235521215E-002  -2.3676472427485114E-002   2.4101096182235597E-002
   52.113747312027300        14.871668294083197        50.746555888151342     
  -9.3028246940414006E-002   1.3639894364561870E-002   7.5036687678768699E-002
   27.429715817004233        35.535081761733302        5.4434208935809929     
   1.3669116376457640E-002  -2.8681883724169851E-002   4.3476595782501057E-002
   54.715760432798142        25.081708865533876        32.965306007066260     
   2.0475203531828360E-002   2.6515752625772097E-002  0.10413077190867438     
   45.960472380890451        52.104811355641623        10.172282637115027     
  -1.9640665725421596E-002   8.4962789482098441E-002   6.4247868203287706E-002
   49.233738488122512        11.654278207269542        37.102989379727731     
  -4.1247832830759272E-002   2.8647484629539845E-002   4.9717682353824358E-002
   8.4539034836532032        25.469167631380135        29.190438907890943     
   1.8130091324708240E-002   2.7308325825409576E-003   1.9470348995581494E-003
   46.027258206684614        10.922768425868806        20.771347899330284     
  0.13987187545039620       -2.5899795623892698E-002   2.6244537187564098E-002
   1.1542608416469540        10.983157781399925        36.978687132810222     
   2.7733604279000904E-002  -3.2183741349186626E-002  -4.3598636759369473E-003
   3.0390013277061385        37.996801602047888        4.0870254420486676     
   4.0831026364702129E-002   2.6826175273047176E-002   3.3229822836811550E-002
   19.086333277506359        20.536530103435656        24.203371833190509     
  -1.7952384021552709E-002  -2.0867884730365837E-002   1.7301807684352789E-002
   31.220679484285565        28.018358456172496        26.752966128083571     
   1.5731098761272919E-002  -8.6979957909046109E-003   6.4135098595554052E-002
   25.305782673357218        56.830904034944460        41.255155275700702     
 -0.13909110064837715        6.3768821423387020E-004  -7.5424064011765709E-003
   50.447506290088121        16.267853299392701        6.5733089635442132     
  -7.3009151523798568E-002  -7.7241756279265994E-002   1.2682506326959130E-002
   43.748773500441480        38.710917693103980        54.404082245333932     
   3.2908986718987038E-002   4.6351500649454258E-002 -0.11311975265514596     
   20.137625582129122        17.334128988115570        39.804836337955877     
  -2.0067209938786901E-002   4.1174419606831901E-002   5.2330379879940180E-002
   16.506182410009654        13.168712122776952        39.977993410275062     
   1.9976003078481099E-002   6.6747490409686680E-002  -1.1068090034731698E-002
   9.6664525331801130        28.433152810640753        44.175173778945080     
  -2.1310341223277414E-002  0.10232729023426926       0.10168095692792527     
   17.079892026749945        10.746830050419296        49.072650530423026     
  -2.3363879702245616E-002  -2.3090893504454545E-002   2.9599184265166226E-002
   19.830048418659988        43.931775271744861        4.5967486060614915     
  -9.8887314695792101E-003   4.5410322820963175E-002  0.10465419622759739     
   42.763508764407632        26.733240870612946        17.970559276859724     
  -5.4216846649792544E-003  -7.4189660090406201E-002  -1.3562286631963934E-002
   17.940794938580812        48.497627005249257        16.391873063892479     
 -0.12635579749670386       0.10561182108996761        2.3560308323848353E-002
   8.9806784363128589        39.959922542857441        55.026115185975776     
  -2.7151715571893054E-002   5.9608674637582446E-002   9.5333077464893785E-003
   13.362517008432187        46.572866965778445        8.4692752222773340     
   5.1219714822786311E-002  -2.5907261673117538E-002  -8.3018338141263373E-003
   37.380390259345056        25.636520541303391        46.113069140188479     
   6.1393836599608585E-002  -6.7083805540341698E-002  -5.8928080730307440E-002
   26.628934652990633        30.891911915313194        45.038150074600921     
   6.8316467524072499E-002   5.0368625719937228E-002   1.2915046475044977E-003
   12.463516986224812        49.568181569991673        49.767193297301709     
  -1.7546952308062681E-002 -0.10058638568414696        7.5765990293570298E-002
   41.000455467508125        16.560724033536246        31.636190570432522     
   4.6368700857765788E-002   2.2594960982930009E-002   7.0453205983919227E-003
   12.931111117796510        15.882711146642039        50.262553503245613     
  -2.1471633609291630E-003  -1.1276221324223951E-002  -1.2775592504517413E-002
   24.871634436370897        46.266889501466459        38.123168249276134     
   8.2039446583681452E-002  -1.4222337726697173E-002  -4.1103032660499292E-002
   6.0133476572973823        33.454724658470560        6.0147153003091729     
  -2.0914574212463287E-003 -0.12479354626019708        1.4412351265437393E-002
   53.681965342874378        21.934473617955959        47.716391111849987     
  -5.8161773885160523E-003   6.1267650825920866E-002  -2.1736923834034853E-002
   5.8173645331114123        45.280425229685484        18.260432754761826     
  -5.2825778881246406E-002  -9.1749962635632055E-003  -5.5921729408393239E-002
   8.9244595742432349        56.819115813793672        42.907151625328396     
  -8.8406494848926633E-003   5.2878010908799740E-002   2.4239149602405405E-002
   58.097283816314942     
