   23.643424536862266        4.9615308823244826        16.160927483963839     
  -2.9344071138618258E-003   8.3340150738934624E-002   9.8240029452428768E-002
   10.882857577915948        3.4799971657192019        5.2365894155152848     
  -2.9323316440643513E-002  -7.5778158141125582E-002   2.5810229652240415E-002
  0.72325010053303407        18.516854065094485        24.665867301548747     
   4.7383413563724767E-002  -1.1662699361347133E-002 -0.13832427362482375     
   11.231021098223735        5.1943220177562131        10.535438984120765     
  -1.5324411153501822E-002   1.1292545019060852E-003  -3.3794512776263996E-002
   13.698532481299305        11.402752470114269        1.2263276358750788     
   7.3540905212609115E-002   2.4215267288697603E-002   3.8086521197477109E-002
   14.869271133263396        3.2706497522317282        18.512567555024443     
  -9.1208452897995437E-002   7.3959434229884324E-002 -0.10965592996410010     
   4.4142586459730895        21.702228776856025        1.2757663375186521     
  -4.6146939895123418E-002   2.8383821999894514E-002   2.1255172746933351E-002
   21.000308066303138        24.372838416834313        20.977184845303618     
   2.9906134069844032E-003  -8.1950385780137344E-002  -1.9011569912460342E-002
   2.2522244675174643       0.63357910803741502        25.245073596984810     
  -2.2423413405995723E-002  -4.9915445115417900E-002  -1.0927524612699272E-002
   3.9241215043544209        6.8242789175796243        5.9104225203857608     
  -3.0899542802963090E-003  -2.7772757423110590E-002  -4.2788943992544959E-003
   24.167057062351333        20.793503382594924        7.7964138914373251     
  -4.6620716403621885E-002   1.5355380822875409E-002  -1.6338834367944061E-002
   20.144572375134359        6.2524141779829954        4.5795723975590805     
  -6.3350273283775058E-002   6.5597354736824404E-002  0.14307901380916149     
   22.978552525820238        23.904301354600058        12.267087793785258     
  -9.3837393553617088E-002   7.3099346296329262E-002   6.0632597421443085E-002
   20.459430070235250        1.8631629227505733        21.620897234607149     
   2.0902716333157472E-002  -2.2513189119341005E-002   7.9759391609751082E-002
   10.636271264694429        20.699068114071665        3.5641626774325590     
  -5.1776572587287330E-002  -8.3393072858806826E-003   6.5372760130133184E-002
   24.786282521821221        4.2441694816543736        11.845180272438537     
   6.7376076950036862E-002   7.4887992737498757E-002  -3.8277276818097852E-002
   7.3347661476968398        14.815514340262274        19.949269094284141     
  -4.3604614054653310E-002  -1.7169131630579437E-002  -6.2392198308048673E-002
   12.075104466255469        25.025389468368246        19.299125194531467     
  -3.7407904549013388E-004  -5.1403694089914791E-002  0.10292618792074289     
   7.4216504634414200        7.7750472470958583        6.4125379407186278     
   6.2971618379036823E-002  -3.7600805195495357E-002   4.9612687095441789E-002
   24.879450199271549        26.977255333365189        4.5382587095615641     
  -1.7267990144013230E-003  -7.7245750993027537E-002   2.1840921126218459E-002
   4.3938739627824486        19.712029718379526        23.927528227069978     
  -4.7397565470364209E-002   2.6837017799072545E-002  -1.0017443307324511E-003
  0.92729531669035192        25.135217305793869        25.775703721453095     
   4.9813509339746327E-002   7.1516296539437793E-002  -5.0238991994200635E-002
   1.2511172849832395        23.578445807062110        1.1506279519619420     
  -2.4229367215252293E-002  0.10402721129014980       -8.0948312458244600E-003
   1.9996538104345241        7.4215958630838550        13.653260117338771     
  -9.1964466300236344E-003   4.0382973025690029E-002   3.0062248284550425E-003
   26.439584732025871        19.836583215518580        16.364272222559396     
  -1.9537043002018327E-002  -3.6756250943099579E-003   7.5175670775588926E-003
  0.25118019613017578        21.372948219027712        6.5911235292949693     
   2.8040169939381868E-002  -2.8009975889960900E-002  -3.1242655798272401E-002
   16.860504712994281        19.828593764305985        7.0507399078543749     
  -7.8674366727104102E-003  -2.4848728456435366E-002  -2.2998670148570256E-002
   10.797223450728550       0.67246431522291983        11.268257668743249     
  -3.8598713989389396E-003   6.9021405797666274E-002  0.10584933504036985     
   1.5240581916960217E-002   8.1003177589884938        18.528444382920441     
   7.5630769545213333E-002  -6.4205598549998480E-003  -5.1577076312385235E-002
   16.567782980142933        4.3160685288511669        9.5372474646674164     
   4.2304063281557960E-002  -7.3847263805941116E-002  -9.0998288834093846E-003
   16.020402021884383        16.796599186123000        7.6922899862189835     
  -5.1951854354359887E-002  -3.2668318203847573E-002   1.7499684252686571E-002
   5.8743592765693808        17.155872294271639        5.3014870311245712     
   1.4812365768279698E-002   1.6086301700767098E-002  -2.2803270006338642E-002
   13.186717957701278        15.820707029483609        15.118357862075042     
  -3.0514031916877198E-003   1.9206445069889295E-002  -5.1041758644314074E-002
   16.915662669696694        3.9501155101382617        6.0478387451628093     
  -3.9546489753262484E-003   5.0712229864991611E-002   4.4535071312891465E-002
   26.758759125618884        4.2734532482410659        22.354269597178586     
   7.1666965347726125E-002  -9.6802648841914807E-002   7.2819196078161674E-002
   14.067188007602246        21.587198640942681        7.6001562814421986     
   4.0751566530503732E-003   3.5411544963589753E-002  -4.0562958944194503E-002
   4.4435345700962694        2.3271026412211850       0.89137143393338769     
  0.10396052847354520       -3.3928197029148115E-002   8.3142315318918789E-002
   11.685224008443839        24.122666702241506        15.275704429640777     
 -0.13551648389344209        5.3443067750656569E-002  -1.0143246625554631E-002
   2.9839440326852835        16.045292058503112        24.775161435360658     
   7.2226756279438031E-002   4.0347995946291973E-002  -9.0452533740366631E-002
   24.579497201792840        20.185570777110943        3.7540021484310993     
  0.11716871887169830       -2.0179930624853990E-002   7.6617931039597700E-002
   14.268419121248257        19.265572045553508        14.873863661141312     
   3.8385640337257172E-002  -3.3558526216927252E-002  -3.3981870502437533E-002
   15.872922367569217        5.5535283444588908        15.922466218937519     
   4.1587332769975761E-002  -4.4638971047100205E-002  -1.7946127485112279E-002
   25.396404450692167        26.433985041849876        10.490050766659239     
  -5.9838859614640492E-002   5.4229996092369309E-002  -3.2279549760157455E-002
   22.019967570964084        20.813727197088326        10.925643784680270     
  -3.7072420579882409E-003   1.8479938113053467E-002  -1.6676498347726547E-002
   19.588599307390488        25.249926039810948        3.0012083024802023     
  0.10238618395613906       -3.9867078439433143E-002  -5.1679886255701239E-002
  0.98409411739290598        12.901008477748263        7.1951652568700712     
   1.8012765469376014E-002   4.8125276120697898E-002   5.3956114427847632E-002
   3.5426528150423362        6.2588585160485053        16.597046799865439     
   5.0431693386972370E-002   8.0443156406672461E-002  -4.4121756183875989E-003
   5.2065812924905330       0.28505752397876855        3.4814324753586172     
  -1.5149208132443697E-002   5.2469658896725821E-002  -9.5564927143775208E-002
   8.8059671276467544        6.2488396834101767        17.992502116264760     
   5.9213800173226770E-002 -0.10965847076670368        1.3850282249693351E-002
   8.7204591006076164        4.3739555928857756        8.4203000298657322     
   7.1238197348624507E-002   6.4801060285985630E-003   1.9919465086976257E-002
   18.379632617941304        20.620689438668652        26.565816530399204     
   1.4067968431114342E-002  -4.4703241413592026E-002  -3.4625035532165525E-003
   8.3769920835634917        27.141056599621670        14.166085792187651     
  -1.1226877945851548E-002   1.1681422571154244E-002  -2.8317126754163025E-002
   21.609117932477105        16.868826322290193        13.539420357764641     
  -9.4879143578262565E-003  -9.3663939589124483E-003  -2.9980297822869387E-002
   17.985410956379649        10.708029159503994        26.643674345716740     
  -3.4867550803955281E-002   1.5956217591921111E-002   4.0534460318435522E-002
   23.717327711157587        1.0183364519485429        12.301255913518045     
  -4.9554397989263171E-002   9.7939283654978657E-002   2.6108589172704120E-002
   20.835796019060524        5.2269924484901136        19.010443035408908     
  -6.0308665730360329E-003  -3.7831046506590894E-002   1.8496582531371106E-003
   5.8482796870444833        24.187672825176254        8.3958537592419482     
   5.9905019311058731E-002  -1.6793972944205763E-002   7.8213407827117151E-002
   23.156041231205709        14.957194603786467        15.889803273204075     
   6.3132263842271621E-002  -1.4556192132594063E-002   1.0562483249754871E-002
   19.617327873721059        15.804402900912415        16.647697686537363     
   3.7749201389099700E-002  -1.2912043422291240E-003   1.0476677043077922E-002
   9.1721419951125895        23.475889427124706        2.7182567496076273     
   9.6808461851189090E-002   2.7308502484109015E-002  -4.2300531275803396E-003
   1.2337242181445598        14.830370996743195        17.578306866665041     
  -2.8345880335020491E-003  -5.4755306344991282E-002 -0.10055494252861459     
   4.1663188734171968        11.444790201352426       0.47297562842238378     
   6.9421607100352391E-003   2.3619427240372033E-002   4.5910574804504320E-002
   17.304324945250137        2.5870783598607887        26.084188112509661     
   2.5220844426353313E-002   6.9394872168338090E-002  -8.2475458487767730E-002
   18.222732206978801        12.143891853930221        9.7125346430430373     
   7.7818674960897696E-003  -6.5135210828839191E-002   4.4449297784917415E-002
   9.5677232986846477        9.5022666259067616        3.7787161092657930     
  -4.3827404690162733E-003  -1.3088075401244926E-002   1.0577458737204224E-002
   17.348921089079944        10.133850968795024        12.505158702604676     
   4.4317996889167550E-002   3.3995731639388967E-002  -5.2228130210704792E-002
   17.472799329908060        23.372139226864235        1.3534331010095577     
   3.8120237399507734E-002  -1.5299805019905627E-002   4.1388829436676149E-002
   15.764937981853977        14.053388492618277        17.358218780698884     
   5.1775238052914084E-002   3.8602116847308021E-002  -2.1228899482949386E-004
   17.996045609105821        4.4360397205508457        1.6098010914213488     
  -1.0077586260784494E-002   3.8555804462623612E-002  -3.4930218723301029E-002
   21.559242573350318        26.575755460812697        24.675413794242882     
  -1.5290545248659410E-002  -1.0955592856385313E-002   8.6172035892178062E-002
   12.554142129639812        21.491625767672346        20.010564468723480     
  -4.0734109953722779E-002   7.1518328278548815E-002  -2.5319927052180894E-002
   13.984140026122923        3.7960067396227140        27.380350293534043     
  -5.6740144344963925E-002  -1.0604971977734414E-002   6.2466678513497381E-002
   17.597807803874169        26.422462823361631        13.647748482653304     
  -3.0608664374290492E-002  -2.4854710120077807E-002   6.8008652803537961E-002
   22.448656592432219        12.028683277916880        17.281260535477760     
   3.0782510060674749E-002  0.12877611679862913        5.5052272615781384E-002
   12.685700877682113        18.591477867199544        17.904970474615475     
  -7.7824226764499072E-002   5.9889967190599339E-003  -4.2145519370112058E-002
   3.3798133128108168        8.4967829987064043        19.484379371060562     
  -1.9079502691310188E-002   4.8938328806359968E-002  -6.3304945553700448E-002
   14.630882523491433        12.276777433993889        24.517108639204658     
   2.1381917544096345E-002  -5.8484158201517492E-002  -1.5990191696544451E-002
   17.987298760426420        17.947152642681061        14.643722679330130     
   6.1979932661084508E-002  -6.9633340374518557E-003   3.1179568210902158E-002
   27.188414900740710        1.6815465972571950        10.579488117633082     
  -6.6310621970031250E-002  -2.9966107508857490E-002  -2.0019503438203193E-002
   12.232263604292207        1.4173632987082387        25.821100800145942     
   1.0181456389746621E-002  -2.5509080989990916E-003  -2.8246628965687373E-002
   4.9062411470268605        22.084485155890174        13.470119803990737     
   1.0445862882235471E-002  -5.4905409800575379E-002   6.9228214532127495E-003
  0.46186804228848138        14.395181277688737        12.636914753549526     
   8.7314908135126698E-002  -2.0011876368610668E-002   4.4147383080573907E-002
   6.3422616565908960        21.433128036636479        16.336954365327575     
  -8.6382922448685236E-003  -3.7394782595338828E-002   3.1521802310141483E-002
   17.815608567266249        3.5038551365649462        13.426517180623081     
  -8.4899817792439512E-003  -7.2474092056884182E-002  -1.0829117647775917E-002
   6.0863968224883198        12.262615175333508        24.833434284964724     
   7.6049034440612354E-002   5.0297002329969732E-002  -7.8378745156745880E-002
   18.364550670587146        13.392639445753893        2.5662980570887011     
  -6.8854352786571316E-002 -0.11918137086449138        6.1435998472586850E-002
   20.355579572209688        9.2222300647454993        21.676360444721382     
  -1.6861909449591306E-002  -5.2595536538586219E-003  -1.4864563849529180E-002
   9.3988089361918501        9.3789138289673328        21.635231067574178     
   2.8817455970252476E-003  -1.1383309697855464E-002   3.1059046448461403E-002
   26.906356131684479        17.204073220039483        7.0425998827217580     
   3.3844597353202381E-002   6.0046216408237311E-002  -7.6307957432916448E-002
   4.0594821182182903        25.236905413256970        13.493342942075786     
   9.5437426297712125E-002  -1.4202566206779777E-002  -2.0108869914833565E-002
   24.807999943289062        7.2460322864402009        6.4839999683695853     
  -7.7781462724942144E-003   8.5301830672364787E-003 -0.10741513838591531     
   18.156760060797239        16.576398417769088       0.25758852894218220     
  0.10527020841113828        8.3025019785234647E-002 -0.13197948962010764     
   22.529049806392582        24.210275220473939        4.7023497301865413     
  -4.3614948366853680E-002  0.10930040356589564       -5.6797875500621785E-002
   11.934496542474301        12.347544054389903        4.4793120251975402     
  -2.2275553704836790E-002   2.5918996410376167E-002  -1.7154922003525742E-002
   11.744302918188493        4.7566169212618403        24.306766512189409     
   1.9992709621049334E-002   2.8739345239850184E-002   2.0454944589620282E-002
   20.218954740555166        19.442274216300675        17.422848828675157     
  -2.8567565520317112E-002  -4.3506112163885627E-002  -1.1875561465273644E-002
   1.2864628212904574        9.9770165022426980        15.780930996635892     
  -6.6566456228191800E-003  -5.0317014785781732E-003   2.1263508235676118E-002
   18.693924493445383        14.658930278558094        7.6503233946793143     
  -4.4730564658213852E-002  -3.8852569883782329E-002  -1.8077648487975741E-002
   21.535058087316603        18.561582739466726        3.3191856479594319     
  -7.5180129771339602E-002   4.9234212142924547E-002   4.3625099310294043E-003
   23.642515346433225        13.637825436887244        25.456738812644176     
 -0.11389535020080810       -7.7804561607870250E-003  -4.5120362378357301E-002
   3.5616248924365377        22.167970858606886        10.322587113848810     
   3.9196382909101983E-002  -2.4357352717545414E-002  -9.0198891991451327E-002
   26.209010645137649        23.680643042694832        3.9077149865319121     
  -4.4962003306280279E-002  -1.9673661378931300E-003  -6.9633329639453775E-002
   4.2955710626357568        10.434747549479875        12.506295288836807     
   6.6109428898595390E-002  -2.2859473456669232E-002  -2.5628599530438681E-002
   17.743136588978643        23.550544530227221        19.341805154951352     
   1.3114140818832611E-002  -8.6224111364294989E-002  -6.0616321231667616E-002
  0.42064261252193152        9.2842929025312735        8.2696023880002087     
  -9.2554792866590633E-003  -9.0567571418443377E-002  -2.7104071407664177E-002
   20.817614138551825        9.5062900968844666        14.139814016865943     
  -3.7820435608076991E-002  -2.9333415131003990E-002  -1.5736257418554212E-002
   5.5601405353170570        12.326221688739352        3.9001747409469005     
  -2.7209327548436444E-002   3.5361383335131356E-002   3.2995307186277794E-003
   10.346999502372119        21.392996163409705        12.312443882261331     
   3.1003018482811378E-002  -8.5223583147418333E-002  -5.0088254197358247E-002
   5.4369095416336695        12.914493992600148        9.5820423356290938     
  -3.5391001805194229E-002   2.0007900655556399E-002  -2.2397155848602635E-002
   7.7003519709636468        19.932207642186249        2.1100291517557257     
   1.6870053821297328E-002   2.7718188662243973E-002  -2.4881983094239963E-002
   11.725142933788575        23.976473231199428        5.6043790011213215     
   1.4938619289934982E-002  -5.8597059695479362E-002   1.2062553007696347E-002
   3.5715440183570175        15.082999348008242        1.5270304826637511     
  -1.9637434091648347E-002  -6.5047585036281108E-002  -7.6369790937171125E-002
   7.3699052475955753        9.3397570783261408        9.7529941851474025     
   8.6664351906285977E-002  -7.4449323142508517E-002  -2.4002804018449689E-002
   9.1478902762636238        18.376050804821091        16.450640419298470     
  -3.3314163856694194E-003  -2.0813873230105223E-002   1.7357713406912830E-002
   16.315096134101523        24.158342252088588        7.5593207662834692     
  -3.8970517622334923E-002  0.10751167263703321        4.0272204693301707E-002
   12.736737015977528        16.236990922806342        4.9258838201139685     
   9.4594393368067298E-002   4.3721146871221958E-002  -5.7500162093311623E-002
   22.116323635351865        11.612323996527675        7.0327489016070048     
  -8.1774382649363153E-002  -3.9444279043658402E-002  -1.7560377796771290E-002
   23.498518416435704        23.361949158579066        25.585147490936336     
  -5.7587866688968488E-002   9.1029193838187111E-002  -7.7420437939639736E-002
   9.7134344992691712        3.1860832324567467        13.121886957361887     
   1.1910966265199762E-002   2.2760425599639505E-004   5.6870904214008637E-002
   24.052774100257583        4.7434673494543000       0.31227822336259248     
  -5.8816359898696075E-002   9.8934453952077318E-003  -8.7606177668946073E-002
   21.308515917901030        14.501290784895284        1.0395307865419163     
   3.2854618885678095E-002  -8.2472019123337167E-002   2.9035429021564734E-002
   4.3101594220817283        26.693543928041827        6.9371367628322904     
   5.1307251995181075E-002  0.11828082836012822        1.7505368367189376E-003
   21.139949343092550        13.020304705489560        13.332331060839566     
   6.3666567930757048E-002   5.6652505614381350E-002  -3.1864888308701558E-002
   8.7128306418378241        23.163135601645749        26.400123804337731     
  -3.7686712593393464E-002   1.2882033294372795E-002   3.7451227819952478E-002
   12.957260845779603        7.6170931320498845        22.653226542380715     
  0.13864018019445168        2.5267290666725634E-002  -9.1127028385901490E-002
   14.425512810495370        9.8657772145299241        8.1702598933229833     
  -1.7733315944581787E-002  -4.6249812045931711E-002 -0.13975495886662662     
   1.3009263976932646       0.12189863494922719        13.185825519313278     
   7.9892115657680743E-003 -0.14050695885360834        2.4268449325297876E-002
   14.769603614365751        25.849971025403175        17.324874467048016     
   1.0329443166192370E-002   1.7409467770285920E-002  -3.2800251554590105E-002
   4.2465867928699907        18.469163018251972        11.538013085327975     
   2.9129816874273927E-002   3.9031134548387345E-003   6.1903919498326979E-002
   15.831155610795983        23.735922930719109        14.850547629685902     
  -4.4094849977663858E-002   4.9872972392337733E-002  -6.6475188803718693E-002
   15.373033030818220        12.959133889504063        20.817649448143939     
   7.6324004254412206E-003   4.5448834757589381E-002  -8.3111249901843993E-003
   10.189141657853444        8.3885837214063557        11.923966545732922     
   7.8759210678163438E-003  -8.4359662686332909E-002  -1.1996794760238846E-002
   20.992873309087518        20.921973510728648        5.9279626865062296     
   3.2804931918877012E-002  -3.0999861448718379E-002  0.11929600055811876     
   24.897497984557283        24.412525959200163        7.2697611727590727     
   2.1760108983023243E-002   1.1690280660472717E-002   5.8791444153862898E-003
   18.312722439252386        22.574286927784772        4.9067203398637407     
   2.7845524044039019E-002   1.1158884971271814E-002   3.6529215535860112E-003
   11.950394552603569        21.578112479758644       0.12605473847794493     
   1.7055747680301887E-002   4.5124275064793773E-002   7.4820996395568579E-002
   17.307863348933267        8.8588263796968345        16.029153134872427     
   5.4038972879264985E-002   7.7071767819349463E-002  -4.7581989085457743E-002
   14.094152825550802        7.5445285297062892        10.188745104686664     
   6.8407243625774397E-003  -1.1449389355588580E-002   1.0269586124042523E-002
   22.613571388786305        26.709931987044175        7.0339937841399083     
   2.8285512592774450E-002   3.8656477360741917E-002   4.0923009223669440E-002
   4.4554506236169189        5.9326779062224588        11.497313576404663     
   5.9067390878617676E-002  -8.1051768517373862E-002   8.1436001133313216E-002
   1.9658602317220559        15.814111938381634        4.0589382565820102     
   2.7604831528692909E-002  -6.5546818633633042E-002  -3.9101684702652136E-002
   10.476938526700955        10.783380782435417       0.59138399490101701     
  -2.0578901290497043E-002   3.9997056063081262E-003  -6.5086288505155063E-002
   6.7745421221117175        2.4441455412775284        12.191812559419896     
  -5.1309447933324676E-003   3.2252190459392448E-002  -2.0566780047133876E-002
   26.510355974610118        6.9035411815196950        26.508447655572361     
  0.13350387723383200       -7.3148305452767556E-002  0.14071853528023190     
   17.145417014750862        8.4633499339338805        1.9438343004356560     
  -1.5488288927492736E-002   6.4366668370625060E-002  0.10562473782331472     
   15.967420722644395        19.797279288605377       0.95407852255151260     
  -9.4484772653291513E-003  -1.6850782708151515E-002   1.0127788458347602E-002
   8.7934306062330414        15.981959822895975        7.4328570250401436     
  -2.5330924520320382E-002  -3.5116510504629168E-002  -4.1676717545335265E-002
   5.2380900758020879        24.251060220851571        25.229417478748552     
  -8.3735040037659303E-002   6.8048555822220316E-002  -3.7261975447217051E-002
   1.4029312132924312        20.155072702880808        12.468231263741155     
   5.9561669477293508E-002   4.6181957011004549E-003   1.4872563220455957E-003
   5.2972498012901523       0.15793094239225708        15.377560205075337     
  -5.6408485829888763E-002  -5.0748661108861393E-002   2.5568768802673603E-002
   14.946235663638028        10.655388490070857        17.888420964602894     
   4.5095952801464396E-002   9.0561208498591728E-002   4.2276072661112229E-003
   8.4275577388405765        26.141836491874638        24.592122684122664     
  0.13171772976216303        1.4095742430109769E-002   8.1250286458959514E-002
   26.469509588920115        3.2474514566449764        18.926328545402221     
   3.8978829845846830E-002   6.5901650327426925E-002   1.5446422487085866E-002
   8.3568908701089075        2.1520829501214980        2.6141005212138331     
   7.3310678775189334E-002   5.5835289443021130E-002  -6.2606433532705244E-002
   15.176684210214546        12.401933593613288        14.126864255252553     
   4.4488900256328678E-002  -1.5776747589091290E-002   2.5129373764515704E-002
   23.436061531716746        18.162225621100795        6.2076422865765002     
  -8.7055992132615126E-002  -3.3532847083167380E-004  -4.1176854695971016E-002
   7.0963646198080692        9.1561176558851898        26.725256424951581     
  -1.8376692181976673E-002  -1.8105117352986429E-002  -3.9173469615023668E-003
  0.64935185151889518        7.4808156663924770        22.640127107802094     
   1.6545805698618594E-002   2.2689631051917861E-002   4.0675217995676263E-002
   9.7640105100783963        25.510934388048344        8.7247634089744821     
   2.2078065598748642E-002   4.4819729595514904E-002   2.9585771321904559E-002
   5.5685835519942541        16.716405938994217        8.8287030842297565     
   4.0059830636020050E-003  -9.3486566998254264E-002  -5.1867274693939642E-003
   3.6927290454981532        13.520534259857580        22.104383403052566     
  -2.7676901379574282E-002   3.4859365355059693E-002  -6.2370352909759307E-002
   7.1694704813371466        1.7822068762371073        5.6890394695584652     
  -2.3264266600037269E-002  -8.8392684456220713E-002  -6.2636174551206026E-003
   22.573678089554583        9.2336246000480493        4.4632124121652739     
   6.5297672922156352E-002   3.4263829946626981E-002   1.3967625616390174E-002
   19.361729055871354        18.817944450617222        11.503216839139853     
   9.7353376676595091E-002  -6.5940910089457488E-002   8.3756363644354029E-002
   5.9488234886034466        4.7384720821136037        2.9214082009987115     
   2.4669559395151565E-002  -1.4511221300850250E-002  -2.1968337499216968E-003
   23.377196952628033        9.5842764639474840        20.064924483070627     
   6.4902552251465781E-002  -5.4105962837368354E-003  -1.4693581134222748E-002
   14.913406086738139        11.387263914562162        10.878295661217409     
   9.9139666285295771E-003  -8.5293860318500572E-003   4.0915576912348720E-002
   2.7203341514935366        23.966973109609231        22.907333738366145     
  -8.2819168450057823E-002   2.5755360824390012E-003   4.2779731803295196E-002
   22.526488256803582        4.5925126027834295        6.1925235824586675     
   2.2677215803941310E-002  -1.2835166102567012E-002  -7.5682700866145369E-002
   5.8231027389521319        21.481086545354721        4.4802622246596728     
  -1.1428578320521066E-002  -7.6129125459106370E-002   1.4642232581193626E-002
  0.40689342223171315        2.8939271711320300        5.4758578567904045E-002
   5.5705223602890902E-002  -1.6809333277844733E-002   1.3719607973795863E-002
   12.977289346823330        7.7546413267500895        26.500588623408593     
  -5.7318856025929683E-002  -2.6036857515122018E-002  -7.1985007660152797E-002
   25.632180973236206        22.042992375717770       0.51817394588969501     
   1.1587306401935500E-003  -2.6024124841556241E-002  -2.8924602152682031E-002
   20.193205492487706        21.608005600634314        2.0183807004558032     
  -4.1884852314150178E-003  -4.3903294492046746E-002   3.6973098957028598E-002
   2.5573125421478817        12.619446796801936        25.236935277688598     
  -3.5390057755148030E-002  -5.2239703738505554E-002   6.4646600459393230E-002
   7.4777707580721682        25.560948743760971        5.8413081505755722     
  -3.5775900063560837E-002   2.7093956272832273E-002   4.8382185825484834E-003
   9.5205990832602279        26.708051389889778        1.0433823812568053     
  -8.3213593319038159E-002   4.3186978819889033E-002  -1.9200135926099073E-002
   5.9768069578739071        17.049643448794871        26.557058545060073     
  -8.5324348631123370E-002  -2.2617715484564175E-003   1.9641489387537330E-002
   24.204948805537047        14.767875119750407        22.324048794305014     
   1.6818549447023563E-002   5.3136743820520735E-002  -3.3507805189823874E-002
   17.716782764741513        8.7606924562290729        8.9007761769664082     
  -4.5709468145583035E-002  -6.9041218983309796E-002  -3.2666069531582305E-002
   11.387865799285418        20.903293928785398        15.913819973894430     
   2.5790564557974655E-002   1.5918177828543371E-002  -6.5568570843422713E-002
   18.382542884093862        2.9031806561181268        17.381048471591622     
   6.9257071032737885E-002  -7.4222587588949770E-002   3.3982275774774758E-002
   12.018000172883383        12.058956029733071        16.386782505785597     
   5.3667420273444212E-002   4.1075147373932773E-002   1.4126071810625791E-002
   26.377032563833446        26.444197437873587       0.98908691617431876     
   5.6334448171670812E-002  -5.6989601629416950E-002   6.4212880267586925E-002
   12.607003918125708        19.052085085018373        10.911360425914728     
  -1.5741799260724791E-003  -5.6864780442437479E-002  0.12162605703332273     
   9.3028487628268142        14.540448647776797        25.405242204992572     
  -8.4145757690190684E-002   1.9770212990855469E-003  -9.8961840375627261E-002
   23.854933867654946        7.1173378622157353        10.286921037710426     
   1.8011696717264637E-002   6.5036382963668017E-003   2.0687222117825470E-002
   14.341702157782015       0.51999211931159695        20.768848963386358     
  -1.7772436046067312E-002   4.7360863277884017E-002  -2.5170191724918779E-002
   1.8810468338460715        19.434821113359266        8.9507546875458726     
  -3.0346316854467918E-002  -8.0762233078352300E-002   4.8195888860650127E-002
   7.4185569021571744        2.9099621496286523        20.569983710809925     
   9.5995351560361972E-003   6.5773312122364841E-002  -8.5953385990085993E-002
   12.413747430274148        18.255344473705456        25.835116094384830     
   9.6282735775465977E-002  -1.4474789328392527E-002   1.0235660053692166E-003
   16.332379560865700        13.690589166360640        27.028701356917299     
 -0.12570659722906907       0.11954673897797649       -4.9950430610376809E-002
   27.051257543359814        5.5559551464229839        2.3105866882991632     
  -5.3504115007141518E-003   2.6950021303045659E-002  -4.2122573374368645E-003
   9.7327924503485193        14.940051781507160        3.2250734406157209     
 -0.12514778425938050       -5.4560566073754736E-002  -3.8928108684219680E-003
   6.0626209938317865        20.537586947105289        7.8626050916736956     
   7.0581270342021149E-002  -3.1324014164000227E-002   9.6321419966092281E-002
   22.516332574321027        2.1546835900400243        8.5670339481524707     
   1.3557400882469803E-002   4.9011465858056810E-002   5.3526666556601495E-002
   19.290120745062563        5.9251494643830300        15.479412109154701     
  -6.2178429884431313E-002   6.7387447715001741E-002  -7.4423429314004419E-002
   24.712332540721523        6.1322609154748147        19.840085841407596     
   8.2833051935309779E-002  -2.2115350433976937E-002   4.3325889970014554E-002
   2.5225119699886891        4.4776902444735507        25.273733753011925     
  -8.2874286324007597E-003   7.0906635932988876E-002  -7.3053037708196615E-003
   22.881890869552290        2.6176355491109762        18.931441817752109     
  -1.3172322145700719E-002  -1.7419731254007093E-003  -3.4774012352226241E-002
   5.9689516373140625        8.2107179182022918        2.8127160626358845     
  0.15577680551628814       -8.6049157497676304E-002  -3.7418762477533341E-002
   10.723352137191331        10.448214176265147        7.4012100190328596     
   1.2222180359714126E-002  0.16792559472561353       -3.2264265950011424E-002
   11.110789907345893        8.5737820966314846        19.102562298815393     
  -1.3101043603124410E-002  -3.2822906678642523E-002  -9.0890743273658578E-002
   1.3154751456788938        4.1949988415135202        12.397988759512501     
   1.5033200211957084E-002   7.1562129879217132E-002  -7.2169431039187298E-002
  0.26022153200139914        6.7639740653968152        10.431238324405181     
  -7.1946116505748878E-002  -3.9766812598044064E-002  -8.9639449957954712E-002
   4.0420877678894049        9.0287979026032943        9.2378890137956571     
  -3.4916815675176860E-003   3.1684142956885597E-002   2.3384791499988636E-002
   13.598008623828466        21.837883697022416        12.379025355618960     
  0.10073422811639554        1.9493594462339603E-003   6.7947659957386830E-002
   19.656120544410520        23.322227056309352        12.031432766573689     
  -3.7853402337581804E-002   6.9920988516314906E-003   3.5389361445415288E-003
   6.8666334944426328        13.252982397623159        13.244112338402266     
   2.6068460704441038E-002   3.6234022624964141E-002  -1.1004471589604480E-002
   18.277491010716787       0.75028200821408886        1.9469832727122218     
  -2.1814302970325473E-002   6.3582149369621324E-002  -8.5423828902662757E-002
   1.4102744355458303        11.835166520683757        18.974347128045668     
   5.1218094841563089E-002  -1.3665365756124651E-002   2.4530755920285762E-002
   7.2725575064184671        8.9749742107328530        18.868334240609887     
  -2.7601317763671075E-002   2.5740098143385608E-002  -4.7912620585739883E-002
   18.462599882227806        1.1117627372164034        10.792045787095564     
   1.4813023837887070E-002  -5.2977745832424289E-002  0.10750554028319163     
   12.645820286742483        9.9316825611008728        13.704474167771961     
   2.4782767291455506E-002  -4.6758408133560553E-002   3.0179955505970923E-002
   19.087592816001720        5.3799182733769015        25.742409285340955     
   3.2571889934053452E-002   2.9746734514485302E-002   6.9582563229005828E-002
   23.411714290646952        6.1490224819249821        3.4478032353009072     
  -6.9355832199179318E-002   2.0880879968830871E-002  -2.7332829435157302E-002
   15.207140153132819        9.0683546111315891        24.343962863486635     
   1.6205773839922073E-002  -6.1563283882453109E-003  -3.2866801208169330E-002
   2.2559289587102116        10.144655289591618        22.989136130270911     
   9.8929423690333515E-002  -2.5420145956916291E-002  -4.4986500031327613E-002
   15.863690216194859        22.227552137190528        10.029961186508348     
  -8.7104708582106422E-002   1.2685466117239790E-002  0.10923983599282520     
   10.176283420716352        13.820559956997899        22.187049683542618     
   6.9475178290605150E-002  -3.3808353997193549E-002   7.5994038567147660E-004
   18.026343901080512        19.688912626596931        4.0008057652305427     
  -1.1431413072827188E-002   1.3916330060979654E-003   2.2914457250043180E-002
   15.984465986215270        6.2645047261944748        12.727737683546431     
   4.6431996128128053E-002  -1.4680573346604602E-002  -1.1118540882999698E-003
   8.3092792358573870        1.1802908910356340        8.8105463433968065     
   9.3053499626793074E-002   3.9575037437073718E-002   1.8774033703288046E-004
   5.1377335389212249        10.994793815299108        6.7491837866918489     
  0.13051477724072344        2.3746878736789108E-002  -2.0643532556804300E-002
   12.650662478641609        25.458737265437261        22.553759307852648     
   1.5345134606210441E-002 -0.11204992536771105        1.8504290442437468E-002
   19.275493102363324        25.644986059650101        6.7693513382559161     
   1.7065676379192897E-004  -4.1442972376106939E-002 -0.13683253259713690     
   8.6156116059947916        26.549815606266950        21.187327489181513     
   6.5883681673293365E-002  -3.9122001241569247E-002  -1.4588871558290268E-002
   17.652762520340353        18.752766225616600        23.658012033566457     
   5.3489263719692898E-002  -6.7606470186993520E-002  -9.9424730428117392E-002
   14.832585350390524        14.259155419980138        2.9946166814818076     
   2.1804495134236188E-002  -6.0804668099943185E-002  -4.3917428366703481E-002
   26.717381520092271        24.112095599234841        16.346056173780756     
 -0.11611232365512283        3.2950827782979787E-002   1.3762986446571887E-002
   11.450758974535660        13.898492373831212       0.49768442563718879     
  -7.0533804975782613E-002  -2.4413387538515623E-002 -0.13901139495264281     
   6.9264041877421967        22.107337996185311        23.436706100881917     
   4.8450729564084409E-002   5.7306638335115491E-002   1.2062813107298821E-002
   17.000396458069456        20.858927562268459        13.168738387492358     
  -3.4879140651835894E-002  -3.8723698548318752E-002   2.0139536067969258E-003
   17.631705334673455        6.3843515113184752        18.901376676722741     
  -1.7381757683288649E-002  -5.0509468466346318E-002   4.9178577937004114E-002
   20.803239813542973        4.0041717165908217        11.418537440761932     
  -3.1424789144646359E-002  -7.4295389869992977E-003   1.8744518394163877E-002
   18.071906553167974        11.730489145964022        23.252563207134227     
  -2.5527860211312779E-002   2.8199616452679984E-002   1.2150046131425639E-002
   15.562359320661841        17.657002458978255        10.977644747982422     
   2.2324546226158690E-002  -3.6321471986717264E-002   2.0227458735348074E-002
   25.979256376560290        7.3383350704177124        13.480727200938498     
   2.2542640857044757E-002  -4.8810697015475045E-002  -8.0913335468490218E-003
   5.7247562766510240        5.3025407300042442        8.1843038683305718     
  -5.9107029143011056E-003  -6.4809381104179616E-003   2.3096337864261335E-004
   12.027081096149608        24.943930862335215        26.365100521769538     
  0.15240972398560251        6.3003086554545715E-002   2.7682345936350612E-002
   2.2168415441377123        10.115978673504570        5.0703645565837023     
   8.3619035857326163E-002  -2.9749111937785823E-002   6.9651278537021530E-003
   24.371699058638452        15.877860786792377        2.7488834316305053     
   6.2003235618922188E-002   7.4703129281248670E-002  -9.5424332713655250E-003
   25.648651225155387        26.298289445431166        13.827507162817636     
  -2.9203070817158804E-002   1.3267111806492357E-002   3.5372684118989486E-002
   2.0614350944688247        19.434579358770527        17.942331685166611     
  0.10512202395967565        1.3895548420187881E-003   9.1705255328623766E-002
   5.5382465706323778        24.571937351271018        16.857708804461122     
  -6.0018097485697773E-002  -3.4546789539940288E-002   3.0624254495014443E-002
  0.30296732956387451        15.933677716758833       0.61111278153146320     
   9.3326457072068755E-002  -7.2047302142500561E-002  -6.5856286948720019E-002
   9.1609817806641072        12.029959675990510        10.317332038991202     
   8.7138200380629277E-002  -9.1748425887952095E-002   9.9136718852401287E-002
   13.701579202227471        26.726572448946218        4.8596281244001025     
  -4.0483317529459710E-002  -5.0956222766386769E-002   1.0445027945441181E-002
   16.074671538202480        24.528762203632489        22.293363883686972     
 -0.10189051848269308      -0.23059583241133530       -5.3746310638377141E-002
   12.218340691128661        21.575267859619586        23.493992505268078     
   7.3165517713072378E-003  -4.8921266585444635E-002  -5.7414345247797254E-002
   22.376467016819245        6.8332046639361792        13.335942145780365     
   8.6305579595594206E-002   2.0198842825688488E-002  -2.3013851072844396E-002
   1.3074291675806908        1.1736054419055926        3.2012255813041244     
  -5.9160037618925403E-002  -4.6806327656476526E-003   4.2971991857462595E-002
   2.2467775895255824        5.2286645245694985E-002   20.357293974027229     
   6.6281685186676792E-002   3.3473581988004354E-002  0.14328639295220996     
   22.667406656128783        14.846121767914184        8.6903122622026672     
 -0.10215792286972863        4.7416892893352498E-002   5.4056677761280446E-002
   25.555723250257000        12.264099066939833        14.618087087564096     
  -6.9001529723313568E-002  -4.1903367489800718E-002  -5.6840188311684040E-002
   27.428672195911403        10.177912542758762        11.903596558020809     
  -5.5507245166801139E-002  -7.7818167910034229E-003  -3.6060766351450058E-002
   12.422114265070933        11.004706656875713        21.326285125150545     
  -2.2207446251449828E-002  -8.4541751291271838E-002  -3.1394096038339460E-002
   15.137072868028897        2.5658325246066700        2.9499415179446702     
   5.1167232685348805E-002  -6.3246782862997550E-002   7.7185572578631588E-003
   18.574189027865440        12.369301633982232        15.851624984624166     
   4.1115532746515649E-003  -8.2763403437881508E-002  -4.0508696456338709E-004
   6.1997783792500121        3.6616611735614542        17.210914530401336     
  -7.6083483515313632E-002  -5.5651308248440237E-002  -1.6959709619798109E-002
   25.201863638565339        12.149932939222206        9.5337418901104218     
   8.6869724891978611E-002  -4.7013349582561079E-002  -5.8466266545409089E-002
   20.708818577844148        11.146492157719507        1.3812798743918269     
   8.4353291948866566E-002   7.4630234942714424E-002   6.6173601897401846E-002
   22.604372711685365        18.997614826216882        19.904926972400311     
   1.3040373987902863E-002   4.0624169949462212E-002   2.4776215700643329E-002
  0.45668964419840685       0.21678583208133914        7.4864313587551541     
   8.0780260204849436E-002  -5.3883528414677397E-002   1.4604954471200965E-002
   6.2787474796705514        15.381164894323691        23.663414365826362     
  -8.2276000783929951E-002   9.6357035604047164E-003   2.5343607826779670E-002
   12.540209973237184        6.2535478953131447        13.621621826400037     
  -2.3118468914508975E-002  -2.1259874444136077E-002  -6.9675559755007027E-002
   5.8861739512593045       0.44543214967095696        22.646896483594503     
   4.0975082551823340E-002  -6.7934546080142488E-002  -8.4666323790648201E-002
   15.944567872392305        6.2641440298445259        26.526665449445463     
   2.7933131839425609E-002  -4.0503562261035839E-002  -2.5231608587860575E-002
   4.3179897667057334        10.645865510346365        16.803815625041757     
   8.3043965003084849E-002  -1.2003036736524478E-004   5.4729374114306686E-002
   5.2964806582738078        6.3133832344872873        26.951717064340293     
   2.8384830880007563E-002  -4.9655310068754704E-002  -2.1042293489606682E-002
   2.8141343083639994        13.176586024508927        14.724365358400359     
  -8.2106794873487765E-002   6.3978071093403754E-002   1.0493378604157477E-002
   18.444611917144567        22.090040976213640        23.074485632952747     
  -9.8224297484682407E-002  -3.5379152027194549E-002   1.9380853770951108E-002
   9.1138909831307178        26.384640316134899        17.214304377513077     
 -0.17676865280348347       -3.9276770198599271E-002   4.8576439634820466E-002
   18.537612422019663        26.758996017638356        22.545283745724692     
  -7.9485927191710933E-003  -7.3285236763268813E-002   6.5714984550065539E-002
   20.343624137906762        23.811367407841548        27.008888243123959     
   9.9381109272598488E-003   1.6492705226266217E-002  -3.4491219088803385E-002
   13.613269500188332        15.796579624601156        22.206509648820678     
  0.13910058985754956       -7.7242656675799354E-002  -2.1231614197282154E-004
   17.689490323053384        27.279475525377837        18.502192563947357     
  -7.4790623976486795E-002   3.9014264294761521E-002   1.3677061279164413E-003
   7.1735908311037475        25.586130267767942        11.356605608544776     
   8.9347738467375135E-002  -2.1768167337557891E-004   9.3418635371747730E-002
   13.310223527950461        8.4778766919816597        4.0291724067590708     
   1.8448245918796211E-002  -3.8118704044861132E-002   2.7341651842646371E-002
   20.687576147707290        5.8782983958620516        22.464568719528977     
   3.8321788091039741E-002   9.8782608962706825E-003  0.10316003143035345     
   20.092786062000325        18.091023700464824        8.0090712241858260     
  -2.3843105834868646E-002  -6.7049617189087654E-002  -1.2693574983159778E-002
   3.7220728829637846        18.290445671928712        15.187428582899624     
  -5.4875567802524179E-002  -8.5640561516085231E-003   2.9877049585430419E-002
   7.7457608522334551        23.506026959350773        14.471225795467333     
  -3.3993507962515636E-002   2.9754712981470165E-002  -4.8712088796375980E-002
   4.5939172276591016        24.687741644681822        4.1810251964557272     
   3.1854429962572026E-002   6.6564985079925381E-003   4.2048891941620543E-002
   20.831721041470800        2.5240885386729892        25.360256729420879     
  -1.9202484051244653E-002  -5.6475050234095485E-002   7.7141650569905768E-002
   10.172828116987157        17.429802921767127        22.888465985396881     
   3.8276595652011025E-002   8.3510597405300299E-002  -1.3630757619592546E-003
   1.0977217086562328        25.355098158161077        5.3998812745903804     
  -7.8480223525961346E-002   2.4352938866183917E-002   4.6873913038663867E-002
   5.4943782530771648        11.685870734236001        19.822705312256769     
   1.1054325439007674E-002  -6.0584716694800207E-002   6.2966761990486064E-002
   10.094917747767315        12.069794348307525        19.403582023266953     
 -0.10721265124279787       -2.8208996879299369E-002  -1.8598686955384837E-002
   23.203399439834307        12.414946766460238        3.7564218627703405     
  -5.6718503068071927E-002  -6.0951019249749903E-002  -4.3545090455172943E-002
   11.491661498012226        1.5458443913970461        1.9881579520466390     
   1.7012975339404459E-002   3.3439963310992589E-002  0.11603460203200648     
   18.852491106183148        21.884887164769676        8.4717108334687961     
  -2.6923397816209574E-002  -6.9454503866966680E-002  -7.1701757454288570E-002
   11.052252194698307        24.798415905321264        11.705508525816548     
   5.2603406346569494E-002   9.1979616500850944E-002   2.6787202091800616E-003
   26.540104094087528        10.869293524166844        22.245635865352970     
   2.9841240449322307E-002   3.1001488449899127E-003   7.5186724405573646E-003
   9.4182997704487654        5.2349286186800050        26.997957453404481     
  -3.0941696528267622E-002   3.2871604648707586E-002   3.4106162301948753E-002
   14.336315412731931        22.450218007590721        17.401036195437772     
  -6.2971417980005634E-002   4.1353447618540901E-002  -4.6161444138139718E-002
   15.007530268999300        27.302554112684856       0.76798506435715996     
   3.7378828255045779E-002   4.0574281904074284E-002   5.9261583437626032E-002
   17.815512380147531        14.490718242887240        13.475303661547279     
   1.9317706336474286E-002   7.8277728872315835E-002  -5.0766453826631740E-003
   7.5138893972746317        13.417540399636639       0.83698157219432645     
  -3.4427189045943232E-002 -0.13468373490450972       -5.6912643532987695E-002
   8.7801941004105082        19.078955663774074        9.5643685191652370     
   2.2690194044902724E-002   1.2600978507512604E-002 -0.13191836867229031     
   26.999401281455253       0.78276372177733078        22.470835413168594     
  -1.4210253958910008E-002  0.10074271211674758       -5.9609589859883037E-003
   19.420324630195321        2.8962064399653600        8.3325228366615143     
  -3.4724871400706590E-002   1.1305687834072995E-002   2.7159262316190928E-002
   4.7839693783738948        14.571690599674119        17.116473190147605     
   3.8260974173198049E-002   5.5021430295387377E-002   4.4673933204202564E-003
   16.141601684900063        17.142362937432889        19.632474865463301     
   3.9935506244194445E-002 -0.10167294622164133        3.2898737145670688E-002
   15.647978058627910        11.300736669455000        4.9539051481214713     
   3.9815930830341219E-002  -3.8536823342988797E-004  -4.7114659985698040E-002
   7.4214122749779099        5.7379319327031348        22.942267938842715     
  -2.8469471403879724E-002  -7.7666646523008327E-003   7.8129324023619259E-002
   20.674721808592956        1.1827375532696236        13.798933713586770     
  -4.2870276411141793E-002   3.2768679758956821E-003  -4.3843740046710954E-002
   3.9463267096234955        6.3098217201752087        22.871851156379481     
   6.2483742385091849E-002  -5.7202835902069298E-004   2.1069067199312716E-002
  0.18549873242179885        17.610938877968106        10.813994539192580     
   3.1890686374399936E-002  -2.3986843405492037E-002  -1.1994871734829280E-002
   10.333929406281436        5.4274596556360564        21.086345399036897     
   2.2196929147079665E-002  -2.1071079684414785E-002  0.10811758550049178     
   16.105441504556989        6.1798087545347933        22.472417358231219     
  0.11473156610713224        2.0419183601536703E-002  -3.0245068062332663E-002
   26.150149852974025        27.443419192537828        17.594412065423757     
  -3.6608393981614876E-002   1.6419714882358639E-002  -6.7191898700895729E-004
   16.089399720666204        20.571269630654786        19.840576493288054     
  -2.3228766123602113E-002   4.3444974352725735E-002   4.9613541081562136E-002
   5.3897866787430111        5.8753946804309072        19.286348235536295     
  -5.5424322545875468E-002  -1.7534814774298013E-003  -8.9195817193493912E-002
   5.2258788600327364        17.948553374042415        18.198576412599067     
   1.0183672130899084E-002   3.9883775971895748E-002  -3.4672155202223984E-002
   14.477007640512557        19.048335308461112        22.540147410281495     
  -2.1472358937068631E-002  -1.3598310664337199E-002  -9.2575104291253471E-002
   21.900271623808408        23.381971133329987        8.2294322856746120     
   1.8448480648958352E-002   4.1928860198794729E-002   1.9750934060923708E-002
   10.707022374248448        22.447551799570604        9.0399315035204708     
  -2.6882475347023930E-002   1.7691855642719887E-002  -1.1738035081536142E-002
   24.707823166497004        21.541230257968841        14.400960042797816     
  -7.6536582112506107E-002  0.14496834028362413       0.14266835958195892     
   17.019254137930201        20.766949224714310        16.632863277382015     
   4.8651255116595439E-002   6.7758314056507993E-002   4.4149159399916524E-002
   9.3356338462071893        2.4351114485530703        16.632896499384984     
  -1.8577909944400704E-002   4.2647832327661200E-002   3.1451241136072672E-002
   3.0592791716406023        26.468382699186222        1.0918691148638384     
   1.9612920011331254E-002  -7.3867412550962325E-002   9.5308337065767006E-003
   21.166706039476534        3.1642108776846771        1.2341634584896084     
  -2.1213589574609237E-002   2.7166199081546149E-003 -0.11175022695882790     
   19.745279329228033        15.473227183066992        10.783372705623290     
  -8.1007401428676490E-002   2.2277557419076940E-002  -4.4111558091282928E-002
   6.6333890366163351        5.2671069276598601        14.558671337260426     
  -7.1491640819036154E-002   4.6716926344316401E-002   5.2433611153298497E-002
  0.71918214424565319        5.8275879852344810        5.2603607984917558     
  -8.2220351595148317E-002  -2.2454591925925020E-002  -2.1979052700675999E-002
   2.4645120605972122        22.126772707335903        25.627517659966145     
   6.7105938540561938E-003  -4.1941916437228374E-002 -0.10339050030686245     
   9.0566020119609902        19.655181184575504        24.838967701695132     
  -5.3133583802650423E-002  -3.6989629751660439E-003   3.4827386460155187E-002
   24.045932274430239        17.792903531980134        9.8953021918686037     
   5.3644260095877978E-003  -5.4401081199700312E-003   1.0937447678814986E-002
   6.6515546279623257        18.232725661357708        21.290821995984381     
   2.8480044754386528E-002   8.3819237557591256E-002   1.2633046045655259E-002
   1.9164538872292416        21.583597396213232        3.8908905335752775     
 -0.10112731761907652       -8.5546945626435861E-002  -3.5701833467853300E-002
   5.4863491032958036        2.6562351771353203        25.368878670295125     
   3.5063646259219448E-002   1.2935593033552906E-002   2.2695984077775479E-002
   23.793270446143406        26.457244586791802        21.852518044504031     
  -8.7713764537962740E-003   7.4669143042440836E-002  -5.8643368115834468E-002
   1.9324051562282132        19.649921757717465       0.39250289333883343     
   5.0553356279772026E-002  -1.1817769890602020E-002  -5.0408012896544577E-002
   15.862815852271455        16.387152020034911        25.346626912813932     
   4.4512276199749026E-002   5.6598033251843746E-002   3.4058177974739721E-002
   20.841623821341752        10.493453099555632        10.044829752741695     
  -9.9393932165593377E-002  -5.0346807185428062E-002   3.8293957227005189E-002
  0.81085178188542539        24.183864973346445        12.382082428723381     
  -9.4872984558929396E-002   8.5914093751872075E-002   1.3311129059351501E-002
   2.0309316312041528        4.0067773917909681        8.9543155691536231     
  -6.8857172012391873E-002  -2.7239973890596549E-002   6.0963375984514311E-002
   26.405016552810981        15.661755471673455        25.032568830595448     
  -5.7658576414745359E-002   3.4809960592568717E-002   3.5133928834760693E-002
   13.329881121353692        25.207309903518201        9.3132721821874753     
   1.1565115162489375E-002 -0.11796645462299840       -4.2967539126347626E-002
   6.9546616713267193        8.8134067697447449        13.503738071889698     
  -3.8350371510587594E-002 -0.14347322471882382        7.4851973865743937E-002
   25.114968864035681        2.2337092824681970        2.2400337615667243     
  -1.7364964990440507E-002   2.1893951724432622E-003   3.0609768927944748E-002
   25.138453242666316        14.300692507296359        5.8590431367843498     
   5.4167560561947603E-002  0.10816840862425828        1.4562968787332120E-002
   3.1628454472963319        22.945160235350080        6.7356306779794020     
  -1.0277989252874016E-002  0.13438329692897780        1.3919476026838176E-002
   24.055241952308140        14.632368164226664        11.878103454688736     
   4.0243843898182662E-002  -9.6491821459540987E-003   3.8240433922935621E-002
   20.710922007400281        8.2618893631980264        17.957932726370537     
  -2.3654403370378111E-002   3.5245720087220427E-002  -3.8004041330808362E-002
   25.992645367259680        18.690712444991266       0.44489162451710418     
  -4.2274963095958663E-002   4.1477652557669734E-002  -4.9732173222317252E-002
   25.840794158160136        4.2660005924452529        8.5735560489994480     
   1.6429784141448786E-002   2.2414679882609194E-002  -1.4180988921921978E-002
   3.7159077883626717        14.402629628683151        6.2979619833138347     
   3.2417862039581358E-002  -1.1035191381768108E-002  -5.8553875605087194E-002
   2.6535586323752200        7.9374990390219722        26.002500081244570     
  -3.0301492935405929E-002   1.4828214803030005E-002  -6.7291289728287962E-002
   23.260368337533997        3.3282393593900581        22.698554290627388     
  -6.6491648792699184E-002   2.2827920895479411E-002  0.10800046757501537     
   7.2438917794556659        19.432328290668444        12.990385092938084     
   7.6824171136871053E-002  -5.2571479366486908E-002   4.1834367881330957E-002
   2.9551524723825535        18.647081542911490        5.5633685571752087     
  -8.9736819853067831E-003  -3.1636060874796465E-002   8.7109486049593621E-002
   24.974923761007542        26.735148882085099        25.533806594279302     
  -9.8656290195723514E-002   8.6289975853788822E-002   4.2442422686477368E-002
   2.6619659946037961        17.672797027097744        20.872336247334349     
   4.7065342046894200E-002   1.6887002425457421E-002   2.4410845107623477E-002
   3.0685010564457182        6.2952261517922796        2.1220801507346310     
   3.9506357514041100E-003   4.6559985394869323E-002  -2.3848979691316424E-002
   25.495141998122030        21.728526664106589        11.295743221039002     
  -3.0803398503219444E-002  -5.2768883761078239E-004  -3.3796825237230627E-002
   11.597186923787676       0.84123167419543554        7.1908346009808657     
  -5.2060880262318247E-002  -1.3005137000356534E-002   6.5709223906038741E-002
   24.034937420907109        10.136701020405880        12.527416896399533     
  -2.6127577715064774E-002  -8.0642176526122725E-002   6.5286073453157206E-002
   22.491365262189788        6.8077686712427798        25.773456066439319     
  -7.3663305197422035E-002  -4.5831271462439323E-002   7.3080214474478725E-002
   26.281788766245040        22.313491034129953        19.059369803772590     
   6.0508525727625627E-002   6.3244615629650086E-002  -3.9623948477322563E-002
   13.793169548157552        6.5436086809603671        19.414086494157477     
  -4.8388564571303768E-003   1.8010303357504195E-002  -4.1622204166371898E-002
   24.633700463387200        6.6842594469867285        23.413030583660944     
  -3.1008532474392902E-002   9.5959710382112928E-002  -7.4143196220299246E-002
   5.9606449842514850        9.6967784438684088        22.489692376863651     
  -8.7127813458384565E-002  -2.5734567778712660E-002  -1.4085100331149377E-002
   6.0178230658816965        24.492525302174744        20.741010008035282     
  -9.1772751550724521E-002  -4.2614295185382393E-002   5.6353503045225996E-002
   25.700316019953814        10.351109847357609        5.8275060256364783     
  -3.6253221858334225E-002  -6.8828914177610657E-003  -4.4184287340961519E-002
   14.272133987892532       0.80992108097740911        10.047424417596677     
   2.4682403473917893E-002  -9.9373192071498220E-004 -0.10816039440771862     
   15.135874993264823        14.466521459541644        10.095259253495774     
   3.9345790767238480E-002  -9.8827095105034398E-003   9.0332704787487225E-003
   12.110715467807500        16.464068622316365        8.3647597335979142     
   1.8998027651300303E-002  0.16046127860370307       -5.0352059046555641E-003
   10.407339049531565        12.709235442230611        13.340967885637163     
  -1.6006521111645085E-002   5.3800715384636211E-002   8.5134890955371953E-002
   23.155340046269586        1.0025004747850774        15.800536379695950     
  -8.4544236960632457E-002  -3.6984471252316693E-003   7.0554911479500756E-002
   2.8364381607520439        2.9922935830258948        22.067751981991243     
  -2.0543977752030063E-003  -1.4857380145567025E-002   1.3813730967231376E-002
   11.062374781939692        1.0778545809357234        19.117394974096232     
   6.2847644768622729E-002  -6.8899807426371654E-002  -1.7881812624065435E-002
   8.4467713145727608        13.246673386222596        6.0228319780729604     
   2.3318108394119939E-002   8.6487731710391841E-002   7.8372614582577459E-003
   21.139970413853685        7.7740275831046644        8.2129544062373991     
  -7.6257243690177764E-002   5.5270541597589040E-002   5.3562592658569419E-003
   15.067488965914251        21.650890235074773        24.890902584108822     
  -4.6117363926594657E-003 -0.10725392787737827      -0.13738724214067435     
   2.4249703364197535        26.268334330236581        16.507301872394965     
  -5.4284763263552270E-002  -4.7634441487268329E-002  -8.4849511837898878E-002
   15.400680296648074        27.350016363161330        24.582843474558032     
   6.5819410846726586E-002  -7.2949023199161106E-002  -8.6863520846704265E-003
   11.566508180500872        5.1611692246338006        1.8405343530685916     
  -4.9543234262045648E-002   7.2881525000884637E-003  -5.3693483482679582E-003
   9.2325600223501691        20.028682036726629        20.101663124081444     
  -2.3219733627446677E-002  -4.6169207371920762E-002   2.1500755488875513E-002
   21.532748891267460        12.505891695984918        21.909038411789012     
   5.5721840008857035E-002   3.5941484565230837E-002   4.7085421154128186E-003
   11.274614570031186        11.666129586488241        24.658262410107096     
   5.7926971518337108E-003  -1.7416067882761125E-002  -2.9893069629023820E-002
   12.820522896724908        15.209998445702904        18.997509231129534     
   5.4370008087945669E-003  0.12596185719065520       -5.0884218139006801E-002
   4.5849334813840033        15.052675975995658        12.271114841494621     
  -9.1862880554604509E-002  -5.5981043663112240E-002   8.3706496069183067E-002
   1.3952311275965465        9.4701085468218942        1.9060842159123106     
   9.1537904854154764E-002  -9.1272912299681208E-002  -5.3958082458202647E-002
   22.697276741593040        22.185673340919024        17.699491616371443     
  -9.6893051629825505E-002  0.10135146349124617      -0.13327541656473973     
   6.0225693720780455        27.438753192067299        26.909133165987999     
  -4.8372389122306729E-002  -2.7356473842433938E-002   3.5512616966026180E-002
   15.525591545856262        1.2044768122041214        15.251363338220743     
  -9.9370267007118970E-002   5.4209549135228602E-002  -8.3053497473488109E-004
   9.7346448722645587        6.8525994621689232        14.979235454734837     
  -6.2786453848905591E-002  -1.3402276073898239E-002  -9.3493833055208017E-002
   12.131251376493511        4.2157319001550073        15.956587333729008     
   2.3653562207912510E-002  -1.7405414460188100E-002  -2.6341058451575708E-002
   7.5000971481924026        12.643032284669321        16.890098559821531     
   4.1551715375871066E-002   2.4700836494504254E-002  -5.2253534617364920E-002
   8.5520100552959697        2.2177370188323495        26.616342649469917     
   4.0431526658815164E-002  -3.0541349667672336E-002  -1.7713542399602933E-002
   10.397342098152741        15.058488210266058        16.283279212493500     
   2.4221705436653473E-002  -4.8189999761000697E-002  -4.0784143513468908E-002
   25.423308787265416        13.238533559763193        1.3480970288294392     
   6.9393033944264798E-002   4.1794446426839507E-002   4.0164387258808693E-002
   25.360999430005929        16.324042151658784        18.294312941625481     
  -9.0344813316606223E-002   4.7247872782984396E-002   8.7719815272943539E-003
   4.1895855706878392E-002   15.141230128984764        21.590966303912243     
  -3.0755767618228763E-002   6.3587355744046059E-002  -4.0197303274138096E-003
   21.685516041989384        26.582416379235521        18.287916532241855     
   3.9917965617002414E-002  -4.7912271608909582E-002   3.6170447682563256E-003
   20.582102284964886        9.8339542134644358        24.784261121804604     
  -7.5815111974725499E-002   5.6264154025834345E-002   2.2400972819881061E-002
   19.927980915973020        14.441455642322046        24.721077558787677     
   2.3351204936752291E-002  -6.2053180907075669E-003   4.9248862905927034E-003
   17.031129133863228        24.444822233369614        25.935272937202228     
   3.7858260229487350E-002   1.8254705878689617E-002  -9.5979897278505144E-002
   13.211815323505487        16.904953222981224        1.6482927264104259     
   7.0482833072908577E-002   6.5240759095566661E-002   3.9527599631045504E-002
   20.252392135557528        1.1795509725136966        5.0870659872790736     
  -5.4768802302991089E-002  -5.1210555532631388E-002   6.1516176376580859E-003
   13.621034088480515        2.8492125435993101        22.712910173628224     
  -4.2513842547727311E-002   5.6294454979963819E-002   4.8451123173054181E-002
   23.706753171139713        9.9054737516914670        23.602565227249716     
   2.3869517209159134E-002   4.3745809964222546E-002   8.2962529038328500E-002
   22.638855548525026        20.570278271160806        27.317300817416651     
  -6.7356640136794724E-002  -1.1629004438433026E-002  -7.6533585270011605E-003
   9.6529276932452586        22.759640468134457        18.157745939688159     
  -7.3558768874639094E-002   3.9280743116870354E-002   1.4169350957128252E-002
   6.3916224536020236E-002   13.137846492539277        3.8369906854441749     
  -2.7198713364622023E-002  0.10269551803429884        2.2204592496469028E-002
   11.133410045346883        7.2528984578424387        7.9583634171787363     
   3.2958791849731682E-002   5.4750095718969688E-002   1.5370872874458270E-002
   26.761105421112969        24.901979934868020        22.319422839695108     
   4.8089067351628934E-002   3.9242007312982208E-003  -4.8921720963319166E-003
   11.610575273259661        19.828562257858579        6.8409706141884410     
   4.1494517847707642E-002   8.6272267920424583E-002   4.5212061678360531E-003
   13.703670367420250        3.6944380294757369        7.9992632936117243     
   5.4539028105305018E-002   8.1290372243781550E-002   8.8149315420632493E-002
   2.2714119002609916        15.514807068571328        9.4253594501737279     
   6.8894157453248658E-002  -6.0049725217357956E-002  -9.0984430179487388E-002
   18.970111736728764        11.506558287285044        5.4474592213654587     
  -2.2066563012452197E-003  -7.9196663721848130E-003  -5.5932405563466646E-002
   16.682062338922272       0.75198902846927562        7.4113697198202626     
  -6.4420421832284205E-002  -4.9752824507825798E-006  -3.3619192196258564E-002
   24.442616594148479        25.171504600108722        18.905650853467115     
   2.6309725856504478E-002   5.5295071421564965E-002  -4.8342613202704228E-002
   17.365502215376537        14.952117881968849        22.741602027678159     
   5.2147218964918605E-002   6.6585707438247599E-002  -7.9622766586817550E-002
   26.480972607337513        2.2971752007621231        15.463804006218295     
  -3.6016378469944418E-002  -5.7195617074080621E-002  -1.6922339431398783E-002
  0.10697378690887913        5.5976272168107419        16.259541450931984     
   1.8870434296152674E-002  0.11354365098494687        1.6074044780909052E-002
   6.7577400211454099        16.351930501160922        2.4691004955151974     
   8.5127435799821748E-003   2.2009341692044760E-002  -1.8246185050134513E-002
   19.088158475847571        13.880474521427102        19.279174010056394     
  -8.3116210149515384E-004  -2.7557827864234750E-002  -4.7718910252371370E-002
   24.369984131720724        8.9951671258273169        16.357731068888093     
  -2.2210576578161764E-002   8.8661392452326085E-002   6.2803900861835085E-002
   2.3778859784033011        2.4587673711778613        18.252184648062453     
   7.2458256915775236E-003   4.0003468355071480E-002  -1.0906112099358534E-002
   21.997424253972817        25.360992591140288        15.299166906185745     
   3.0727180630300322E-002  -4.2346794077244183E-003  -2.5111518965807066E-002
   16.394554040550389        25.587543820950671        4.2732935392464464     
   2.6961891766808146E-002   2.1730765029797143E-002   2.6694894096602358E-002
   25.323379483253991        8.9915139483018116        2.6959844313489296     
  -2.4775136870418227E-002  -7.7796199598541227E-002   7.5080250492261649E-002
   14.435112747850635        22.189790042772284        3.1672785728344941     
  -1.3041523934466989E-002  -8.0863485057614069E-003   1.0319646954553337E-002
   23.614601176506078        22.178757721574271        21.936529308949858     
   3.5388847328812069E-002  -2.6497994690946842E-002  0.10939221016723891     
   3.2530691405905858        1.9109160488405892        11.048381836870750     
  -1.7186550087176455E-002   3.9545874686008481E-002   3.9464991262877155E-002
   11.837401810024927        15.128731137732165        11.533662982129483     
  -2.7373319529578652E-002  -6.3918899179179700E-002  -2.7619508125511501E-002
   14.819278739040310        5.7792257086437120        2.4697763681288776     
  -1.5878158871251496E-003  -7.2115628630127337E-003   4.2703114228032038E-002
   23.202810924627393        24.407640961419062        1.4058130955257984     
  -5.5444071619127365E-002  -3.5950032515781653E-002  -1.6184851319965297E-002
   23.388110102771286        18.728843468969522        16.106556219477412     
   3.7238323423296839E-002  -3.8183457364277078E-002   3.5534318656122346E-002
   18.894572120633100        27.098056715368156        26.383416476072568     
  -9.3399476461068359E-002   5.0201082637662611E-002  -8.5890821203261827E-003
   6.1152411358001793        21.296931863071773        19.951408204471118     
   7.4211428396107212E-002 -0.10361934331510787        5.9594668304317880E-002
   6.9388883195588820        16.249591104305605        14.823273539446790     
  -8.5062609687256305E-002  -2.7079074825383468E-003  -4.1108297794625534E-002
   9.9439063069640792        17.229811114553890        13.508074469084043     
  -9.5429985279427532E-002   2.0382457088022023E-002   4.2368424106140196E-002
   11.858709679975894       0.27201311029090430        15.241464054070311     
   9.1988525200248639E-003   8.6116812490541501E-003   6.9567156669592803E-002
   3.4298521755833669        2.9547881162924488        14.858913222006535     
  0.10858471848055151       -8.2305064337941714E-002  -2.6584773061333168E-003
   26.874291423663781        10.739038275980811        25.837280113838890     
   5.0835364737552007E-002   2.7876675164803084E-002   4.9042106775735325E-002
   3.1404236032504875        21.032098978426458        21.339710562388937     
  -8.9154511279020982E-003   7.0740354707390513E-002   2.9472508009747876E-003
   9.8590837509404103        16.731949438242669        19.607478870710754     
   6.1264968477138138E-002   2.9427243135389459E-002   6.2341280140939342E-002
   1.8166399830916991        21.803463452820765        15.117840518679806     
  -3.5333501813289765E-002  -1.2504172058619411E-002  -8.7614369140343817E-002
   6.3237994365472900        20.835073336167223        26.396808706898540     
  -4.9886304666942584E-002  -7.1346490561807224E-002  0.13449877117435841     
   8.8643731708617945        22.607509637633587        6.0722760647229927     
  -6.6418169219847598E-002   3.6436400846903402E-002  -2.9626084552305726E-002
   8.2071352106280990        15.340787144340284        10.549233069450699     
  -1.6328764887166610E-002  -5.8822921076649550E-003   4.2063477574963481E-002
   17.683678762934910        25.383434561745243        10.370936448968889     
 -0.14147677778875017       -7.6919389651025336E-002   4.5730223478220408E-002
   19.124755926474389        24.062041212441432        15.953167349713219     
  -5.0057286455971343E-002  -8.1007516054375454E-003  -3.6450564272931363E-002
   4.3641655096964223E-002   18.660853755930376        3.8629372115899958     
  -2.7769334949109745E-002  -4.1665949575940914E-002  -2.7000540084771901E-002
   17.352990053528131        2.7681235113436573        21.877550853856281     
  -2.7963059233150071E-002  -4.6105153838113380E-002   4.3143028669307110E-002
   16.907959362021405        9.7246462783366603        20.676920648693478     
  -7.6010090372951866E-002  -2.2933606516790481E-004  -5.5295521265307575E-002
   25.832379215814935        2.6035439063057431        5.5946189088784095     
  -1.4435017253068469E-002  -1.9563323337480999E-002  -3.6520962342234224E-002
   21.087994290420308        19.635482761536377        24.071996916672088     
   4.8166502112239613E-002  -5.3140758716882404E-003   3.7215973283099392E-003
   2.3478483551755227        23.211422444954287        18.436818285505463     
  -4.4930993207344151E-002  -7.1335716021479437E-002  -9.4692064501684925E-004
   22.147996573691984        15.747160607783510        19.134967507681392     
  -2.8193336913213780E-003   3.0132560034233254E-002   3.1864590980049450E-002
   25.557043773222816        12.108416865093757        18.215898658103374     
  -7.1239696015479331E-002  -4.9466268999542186E-002  -2.1287812360575718E-002
   24.843777599556532        18.409449952071906        13.121922669142494     
   3.0749731182802557E-002  -7.8691172722520741E-002  -5.5016748479678960E-002
   7.8834731479967379        5.7475579671626482        11.570502229478945     
  -8.2675266828704547E-002  -1.4762704239965460E-002  -2.8527675946512731E-003
   2.2773029506276505        12.354632273616177        10.321848005453916     
 -0.14170170234494048       -2.6974698351260470E-003  -1.5432555004395460E-002
   14.306604393912336        19.293729466987795        4.5302466981636567     
   8.7713021598167476E-002  -9.3074915582115666E-003  -8.4320882696840133E-004
   4.1789165095695084        18.474125829549724        2.2292703360593742     
   9.7222175349642156E-002   8.5629258525644087E-003  -2.6410735130470799E-002
   17.753243955645786        16.239131595615021        4.3306307375614459     
   1.0255188664393265E-002   4.8779909640112723E-002  -8.9229518709787875E-002
   14.542518695805430        14.026312330849768        6.6475409100861089     
 -0.11276157535431829       -1.8500043584821980E-002 -0.13811399901515345     
   19.734709554426775        7.0569307344966621        11.293151558064901     
   5.8858805939472077E-002   5.3000600186602111E-002  -4.4326978186241123E-002
   21.039587768017743        6.6659148067264766        1.1199452934125671     
  -6.7866241303258079E-002  -6.5111797543591546E-002 -0.10027502268377213     
   21.310400216020291        15.384619622295117        5.0311993808123709     
   5.7696280134755487E-002  -1.1209583897857209E-002  -3.8372889539624193E-002
   8.5042629531888903        19.126516230207379        5.8714756303235891     
  0.10667332286247419       -2.4103104730288715E-002   8.8763855634901745E-002
   21.623175626512072        26.573821220113295        10.173266224746387     
  -1.4857401235521215E-002  -2.3676472427485114E-002   2.4101096182235597E-002
   10.081848704348166        26.369736381650192        4.2068708345456614     
  -9.3028246940414006E-002   1.3639894364561870E-002   7.5036687678768699E-002
   14.036615221676724        3.2980744901866883        13.099687060152075     
   1.3669116376457638E-002  -2.8681883724169851E-002   4.3476595782501057E-002
   2.8796412524789807        26.047927543667747        9.8312108822203310     
   2.0475203531828360E-002   2.6515752625772094E-002  0.10413077190867438     
   22.817608735434966        16.820273649451266        26.840226283565535     
  -1.9640665725421596E-002   8.4962789482098441E-002   6.4247868203287706E-002
   12.685034576073942        14.834734745047960        25.058381849201687     
  -4.1247832830759272E-002   2.8647484629539841E-002   4.9717682353824358E-002
   14.750297135225562        6.7371956119826129        6.7370005223306206     
   1.8130091324708240E-002   2.7308325825409576E-003   1.9470348995581494E-003
   26.689340373571781        16.249230194411016        14.963381532795754     
  0.13987187545039620       -2.5899795623892698E-002   2.6244537187564098E-002
   10.027463334926187        1.5535509981150373        22.850758568122934     
   2.7733604279000904E-002  -3.2183741349186626E-002  -4.3598636759369473E-003
   5.4221404684329304        8.0751136580836561E-002   18.675927647860682     
   4.0831026364702129E-002   2.6826175273047176E-002   3.3229822836811550E-002
   21.012017255829349        21.432643032811125        14.706705924490851     
  -1.7952384021552709E-002  -2.0867884730365837E-002   1.7301807684352789E-002
   9.3945339603014055        9.9470154419606303        16.378805345524224     
   1.5731098761272919E-002  -8.6979957909046109E-003   6.4135098595554052E-002
   9.7231493773559841        23.403611267903482        21.869520001151706     
 -0.13909110064837715        6.3768821423387020E-004  -7.5424064011765709E-003
   12.312454453709556        12.650395417258725        9.1093863531639983     
  -7.3009151523798568E-002  -7.7241756279265994E-002   1.2682506326959131E-002
   17.644045671603870        7.8930908547245897        5.5998641909619886     
   3.2908986718987038E-002   4.6351500649454258E-002 -0.11311975265514597     
   6.5279769456657091        24.836949017429777        1.2640859442549095     
  -2.0067209938786901E-002   4.1174419606831901E-002   5.2330379879940173E-002
   13.010719536994554        24.967135951928313        1.9949559515390689     
   1.9976003078481099E-002   6.6747490409686680E-002  -1.1068090034731698E-002
   9.6502845848487731        7.7262920341603198        24.401406870883594     
  -2.1310341223277414E-002  0.10232729023426927       0.10168095692792525     
   19.147675033130785        19.526325750707546        20.847675882321823     
  -2.3363879702245616E-002  -2.3090893504454545E-002   2.9599184265166223E-002
   26.779405982132367        19.224903079094418        21.068966247789330     
  -9.8887314695792101E-003   4.5410322820963175E-002  0.10465419622759738     
   25.462264721160039        2.5787590201330119        25.143245873445384     
  -5.4216846649792544E-003  -7.4189660090406201E-002  -1.3562286631963934E-002
   8.9690330952232227        6.4115464607081654        3.4293179244408796     
 -0.12635579749670386       0.10561182108996760        2.3560308323848353E-002
   3.6163464141836306        2.4286211175718129        5.8162642195696748     
  -2.7151715571893054E-002   5.9608674637582446E-002   9.5333077464893785E-003
   7.1950265096582333        22.025373081295307        10.974192348463005     
   5.1219714822786311E-002  -2.5907261673117538E-002  -8.3018338141263373E-003
   21.249292029181611        16.680594083760969        22.404411382597583     
   6.1393836599608578E-002  -6.7083805540341698E-002  -5.8928080730307440E-002
   23.815230053916572        9.9002505810473735        27.243562521233926     
   6.8316467524072499E-002   5.0368625719937221E-002   1.2915046475044977E-003
   21.906956917776814       0.11621565186687553        1.8880813838279542     
  -1.7546952308062681E-002 -0.10058638568414698        7.5765990293570298E-002
   1.7063782006431212        5.3943131262644348        19.631634214355092     
   4.6368700857765788E-002   2.2594960982930009E-002   7.0453205983919218E-003
   13.169273827972301        7.7289861875712864        16.424635611520564     
  -2.1471633609291630E-003  -1.1276221324223951E-002  -1.2775592504517413E-002
   14.579905980627103        26.174131185233612        12.557732488031418     
   8.2039446583681452E-002  -1.4222337726697174E-002  -4.1103032660499292E-002
   24.257910140440099        18.382789525540474        24.190551671535651     
  -2.0914574212463287E-003 -0.12479354626019708        1.4412351265437393E-002
   9.6738917703085399        17.578122640926388       0.35041431729784239     
  -5.8161773885160523E-003   6.1267650825920859E-002  -2.1736923834034853E-002
  0.80597743842123715        24.032638830618069        8.6118669745872776     
  -5.2825778881246406E-002  -9.1749962635632055E-003  -5.5921729408393239E-002
   26.240322995716010        21.692701313845713        24.595524445642749     
  -8.8406494848926633E-003   5.2878010908799740E-002   2.4239149602405405E-002
   27.471157055654633     
