   8.3849839968777946        26.039526545446670        27.532187926899486     
  -2.9344071138618258E-003   8.3340150738934624E-002   9.8240029452428768E-002
   17.063106976117439        1.8309933502518823        30.008406453254882     
  -2.9323316440643513E-002  -7.5778158141125582E-002   2.5810229652240415E-002
   16.535398621867845        32.270252623048357        21.442022979638807     
   4.7383413563724767E-002  -1.1662699361347133E-002 -0.13832427362482375     
   10.985327046774655        11.594273770906156        15.420860709681007     
  -1.5324411153501822E-002   1.1292545019060852E-003  -3.3794512776263996E-002
   17.160156242915214        14.912198282064248        4.4531658743661442     
   7.3540905212609115E-002   2.4215267288697603E-002   3.8086521197477109E-002
   8.1320743037505743        24.168868230437145        20.593089865977046     
  -9.1208452897995437E-002   7.3959434229884324E-002 -0.10965592996410010     
   10.659937361717297        4.5420393754270316        6.8010183257770480     
  -4.6146939895123418E-002   2.8383821999894514E-002   2.1255172746933351E-002
   1.3305658094958879        13.324479322321121        30.792097563473252     
   2.9906134069844032E-003  -8.1950385780137344E-002  -1.9011569912460342E-002
   26.728925517379768        14.974350326634895        31.490488638628719     
  -2.2423413405995723E-002  -4.9915445115417900E-002  -1.0927524612699272E-002
   14.281383938938584        26.775757415970837        32.200825593504739     
  -3.0899542802963090E-003  -2.7772757423110590E-002  -4.2788943992544959E-003
  0.13077515407094389        9.3483151343263948        27.770940254071185     
  -4.6620716403621885E-002   1.5355380822875409E-002  -1.6338834367944061E-002
   13.006042594596339        16.908494873851613        14.292861462471709     
  -6.3350273283775058E-002   6.5597354736824404E-002  0.14307901380916149     
   13.080793441154997        8.6913429443963679        13.607939673999404     
  -9.3837393553617088E-002   7.3099346296329262E-002   6.0632597421443085E-002
   9.7857608855252849        11.417309647050415        27.073677045989452     
   2.0902716333157472E-002  -2.2513189119341005E-002   7.9759391609751082E-002
   19.053441845270264        3.5570067524540150        6.2624970023472830     
  -5.1776572587287330E-002  -8.3393072858806826E-003   6.5372760130133184E-002
   1.2447528764809839        23.882862174751693        22.101891270023408     
   6.7376076950036862E-002   7.4887992737498757E-002  -3.8277276818097852E-002
  0.33040951834006765        13.959488245196029        10.486316675979124     
  -4.3604614054653310E-002  -1.7169131630579437E-002  -6.2392198308048673E-002
   28.485296907285960        31.911987517629722        12.393508612183256     
  -3.7407904549013388E-004  -5.1403694089914791E-002  0.10292618792074289     
   15.009454252797598        26.659323170931355        6.5599607032022673     
   6.2971618379036823E-002  -3.7600805195495357E-002   4.9612687095441789E-002
   17.379702499133856        18.917171235786657        21.074036374502594     
  -1.7267990144013230E-003  -7.7245750993027537E-002   2.1840921126218459E-002
   23.500539783234874        31.579271299870939        11.978731538666999     
  -4.7397565470364209E-002   2.6837017799072545E-002  -1.0017443307324511E-003
   9.2054853139094988        14.520884674431503        15.463101180838233     
   4.9813509339746327E-002   7.1516296539437793E-002  -5.0238991994200635E-002
   2.7269349790457733        22.218093265831797        11.865414821396771     
  -2.4229367215252293E-002  0.10402721129014980       -8.0948312458244600E-003
   26.954171434167176        31.306187439893591        29.820767119177695     
  -9.1964466300236344E-003   4.0382973025690029E-002   3.0062248284550425E-003
   17.247907918968160        31.029601934572735        30.676392621373370     
  -1.9537043002018327E-002  -3.6756250943099579E-003   7.5175670775588926E-003
   25.262048430493092        15.094095524743455        22.858744406402884     
   2.8040169939381868E-002  -2.8009975889960900E-002  -3.1242655798272401E-002
  0.73095500275742720        10.335560799069768        21.608771963830137     
  -7.8674366727104102E-003  -2.4848728456435366E-002  -2.2998670148570256E-002
   9.6170335383054777        20.380411907436105        31.185839546737512     
  -3.8598713989389396E-003   6.9021405797666274E-002  0.10584933504036985     
   10.581199826850629        10.400852498627108        8.7454112150765013     
   7.5630769545213333E-002  -6.4205598549998480E-003  -5.1577076312385235E-002
   27.459051269727908        26.563452071881454        31.691519965720385     
   4.2304063281557960E-002  -7.3847263805941116E-002  -9.0998288834093846E-003
   3.1033874813878755        6.1620580051120921        6.3115443405127873     
  -5.1951854354359887E-002  -3.2668318203847573E-002   1.7499684252686571E-002
   28.595404777376014        10.101805827462856        2.3454347563755520     
   1.4812365768279698E-002   1.6086301700767098E-002  -2.2803270006338642E-002
   25.576311561877759        31.084543465150759        25.923599292565385     
  -3.0514031916877198E-003   1.9206445069889295E-002  -5.1041758644314074E-002
   12.008201634179722        17.530824544219914        2.9372198012702273     
  -3.9546489753262484E-003   5.0712229864991611E-002   4.4535071312891465E-002
   5.7246535336795255        21.157081542259771        3.9867757728827065     
   7.1666965347726125E-002  -9.6802648841914807E-002   7.2819196078161674E-002
   26.956352368551183        14.718304215200151        3.0014088833359214     
   4.0751566530503732E-003   3.5411544963589753E-002  -4.0562958944194503E-002
   9.5371451523244932        29.043333978942783        15.191048422569263     
  0.10396052847354520       -3.3928197029148115E-002   8.3142315318918789E-002
   3.7514912547188337        23.576695784846002       0.53092726031817661     
 -0.13551648389344209        5.3443067750656569E-002  -1.0143246625554631E-002
   13.473653290337271        28.111773965070366        18.924044470019933     
   7.2226756279438031E-002   4.0347995946291973E-002  -9.0452533740366631E-002
   29.294563245932601        14.848618753803276        25.626429553234008     
  0.11716871887169830       -2.0179930624853990E-002   7.6617931039597700E-002
   10.173653790294514        8.0573894693291752        26.568035003486294     
   3.8385640337257172E-002  -3.3558526216927252E-002  -3.3981870502437533E-002
   21.036988547680188        4.0263846325762227       0.29728052704599206     
   4.1587332769975761E-002  -4.4638971047100205E-002  -1.7946127485112279E-002
   10.241207679211639        30.721123119917234        18.876453205403497     
  -5.9838859614640492E-002   5.4229996092369309E-002  -3.2279549760157455E-002
   1.1151675063170763        16.373409274706571        2.8011807429165509     
  -3.7072420579882409E-003   1.8479938113053467E-002  -1.6676498347726547E-002
   8.9234578368972759        23.598551368080319        6.8851251768758104     
  0.10238618395613906       -3.9867078439433143E-002  -5.1679886255701239E-002
   6.0715631328800859       0.82816292546173609        2.8798445234765007     
   1.8012765469376014E-002   4.8125276120697898E-002   5.3956114427847632E-002
   28.191223947972340        27.282692648038566        11.442474210294897     
   5.0431693386972370E-002   8.0443156406672461E-002  -4.4121756183875989E-003
   20.249561138809995        12.945761037290834        1.5747699988257602     
  -1.5149208132443697E-002   5.2469658896725821E-002  -9.5564927143775208E-002
   22.435695096048633        23.812983925336344        23.452878517217599     
   5.9213800173226770E-002 -0.10965847076670368        1.3850282249693351E-002
   30.940180107566857        17.759103758551856        21.364874036510923     
   7.1238197348624507E-002   6.4801060285985630E-003   1.9919465086976257E-002
   22.114443441765339        24.802203678499811        20.086175203198152     
   1.4067968431114342E-002  -4.4703241413592026E-002  -3.4625035532165525E-003
   9.5160963794137796        14.333615968958354        2.7757828398325337     
  -1.1226877945851548E-002   1.1681422571154244E-002  -2.8317126754163025E-002
   14.350965103451479        4.4677839717225201        13.273267388665369     
  -9.4879143578262565E-003  -9.3663939589124483E-003  -2.9980297822869387E-002
   5.1315043743936872       0.43848350016525445        9.6945879309080052     
  -3.4867550803955281E-002   1.5956217591921111E-002   4.0534460318435522E-002
   30.158038774664103        3.0329035526573187        16.567929077745504     
  -4.9554397989263171E-002   9.7939283654978657E-002   2.6108589172704120E-002
   20.963579820663568        18.885936657315966        30.899728137059899     
  -6.0308665730360329E-003  -3.7831046506590894E-002   1.8496582531371106E-003
   27.986793557513970        16.842480252664025        22.691776801571393     
   5.9905019311058731E-002  -1.6793972944205763E-002   7.8213407827117151E-002
   23.179383768626476        1.3158836457752023        21.888088402019605     
   6.3132263842271621E-002  -1.4556192132594063E-002   1.0562483249754871E-002
   17.671355540919411        31.956802202189571        17.259179054218343     
   3.7749201389099700E-002  -1.2912043422291240E-003   1.0476677043077922E-002
   4.0473860972640674        18.021962950099699        4.8068217640997766     
   9.6808461851189090E-002   2.7308502484109015E-002  -4.2300531275803396E-003
   29.365859816954856        16.841281231770107        14.619465027331097     
  -2.8345880335020491E-003  -5.4755306344991282E-002 -0.10055494252861459     
   14.380160122340035        5.3768643036251902        24.069828736773641     
   6.9421607100352391E-003   2.3619427240372033E-002   4.5910574804504320E-002
   29.388317004782518        24.269631078223387        14.646040084789840     
   2.5220844426353313E-002   6.9394872168338090E-002  -8.2475458487767730E-002
  0.75124498360632441        7.6765879885124813        23.878344368953375     
   7.7818674960897696E-003  -6.5135210828839191E-002   4.4449297784917415E-002
   15.439846781955284        32.311447078946244        11.726483621842764     
  -4.3827404690162733E-003  -1.3088075401244926E-002   1.0577458737204224E-002
   24.287462655791138        31.088072964995025        31.681873163009271     
   4.4317996889167550E-002   3.3995731639388967E-002  -5.2228130210704792E-002
   10.342722458834535        15.717911100969092        26.633998123673500     
   3.8120237399507734E-002  -1.5299805019905627E-002   4.1388829436676149E-002
   6.0212212910535010        14.885680487319020        28.782018601071115     
   5.1775238052914084E-002   3.8602116847308021E-002  -2.1228899482949386E-004
   27.293850209020174        31.884588564929317        6.7842623413240624     
  -1.0077586260784494E-002   3.8555804462623612E-002  -3.4930218723301029E-002
   31.873144613323433        20.244858823333455        11.591511896151090     
  -1.5290545248659410E-002  -1.0955592856385313E-002   8.6172035892178062E-002
   10.947556219192400        23.106897762847325        23.470463348014135     
  -4.0734109953722779E-002   7.1518328278548815E-002  -2.5319927052180894E-002
   31.086345828251137        5.1606274363032210        13.137633952305530     
  -5.6740144344963925E-002  -1.0604971977734414E-002   6.2466678513497381E-002
   9.5018206174415631        1.4430079785188239        4.0774464205527314     
  -3.0608664374290492E-002  -2.4854710120077807E-002   6.8008652803537961E-002
   17.758918450271878        13.194648111035121        9.8151013448846687     
   3.0782510060674749E-002  0.12877611679862913        5.5052272615781384E-002
   32.019955479516327        29.102273162055287        13.764268000547068     
  -7.7824226764499072E-002   5.9889967190599339E-003  -4.2145519370112058E-002
   25.686740180547663        2.8773513614993753        31.330828642151552     
  -1.9079502691310188E-002   4.8938328806359968E-002  -6.3304945553700448E-002
   5.3389062899751698        23.509898199576657        27.935151605566634     
   2.1381917544096345E-002  -5.8484158201517492E-002  -1.5990191696544451E-002
   21.911235029223203        10.226611822987669        11.790531502860279     
   6.1979932661084508E-002  -6.9633340374518557E-003   3.1179568210902158E-002
   1.8098978935295853        19.955746531364756        22.587271301200250     
  -6.6310621970031250E-002  -2.9966107508857490E-002  -2.0019503438203193E-002
   17.106053451248687        19.615866808586123        8.8093934978307811     
   1.0181456389746621E-002  -2.5509080989990916E-003  -2.8246628965687373E-002
   31.954938327215789        10.202046167348238        31.846699601510846     
   1.0445862882235471E-002  -5.4905409800575379E-002   6.9228214532127495E-003
   22.976054237661966        22.845552979934279        6.2084354218981597     
   8.7314908135126698E-002  -2.0011876368610668E-002   4.4147383080573907E-002
   16.722192213222094        31.304411553319998        26.725775073299282     
  -8.6382922448685236E-003  -3.7394782595338828E-002   3.1521802310141483E-002
   26.488002192548223        30.397527964933644        19.544309686538842     
  -8.4899817792439512E-003  -7.2474092056884182E-002  -1.0829117647775917E-002
   17.752115691782503       0.87407079998510129        2.7569952579215964     
   7.6049034440612354E-002   5.0297002329969732E-002  -7.8378745156745880E-002
   9.3594692939488713        25.653739352781493        9.8265354631249711     
  -6.8854352786571316E-002 -0.11918137086449138        6.1435998472586850E-002
   29.794641149672980        22.851538638865449        3.9455493537899455     
  -1.6861909449591306E-002  -5.2595536538586219E-003  -1.4864563849529180E-002
   32.105643188342960        32.207079747609804        17.086104441631612     
   2.8817455970252476E-003  -1.1383309697855464E-002   3.1059046448461403E-002
   12.479353421451327        31.353115286220564        24.358440952315981     
   3.3844597353202381E-002   6.0046216408237311E-002  -7.6307957432916448E-002
  0.80854551726760482        7.1117226970158676        15.644035526090601     
   9.5437426297712125E-002  -1.4202566206779777E-002  -2.0108869914833565E-002
   22.976012820076505        16.081441087447722        9.0910275414698116     
  -7.7781462724942144E-003   8.5301830672364787E-003 -0.10741513838591531     
   17.917996956444430        20.243290274028404        16.758836197499022     
  0.10527020841113828        8.3025019785234647E-002 -0.13197948962010764     
   30.956655948701076        9.2004540038123324        12.029804742155720     
  -4.3614948366853680E-002  0.10930040356589564       -5.6797875500621785E-002
   10.999064348078011        22.314595255278217        17.443307775553716     
  -2.2275553704836790E-002   2.5918996410376167E-002  -1.7154922003525742E-002
   28.176365244000451        21.430906126908827        13.491001825900453     
   1.9992709621049334E-002   2.8739345239850184E-002   2.0454944589620282E-002
   26.531594129828264        20.004331294138023        29.558306267915277     
  -2.8567565520317112E-002  -4.3506112163885627E-002  -1.1875561465273644E-002
   25.203285142561278        12.903748198861864        9.6070901272364022     
  -6.6566456228191800E-003  -5.0317014785781732E-003   2.1263508235676118E-002
   26.253831484872894        25.133093703607173        23.352137493954640     
  -4.4730564658213852E-002  -3.8852569883782329E-002  -1.8077648487975741E-002
   15.193861767626677        28.467460048192741        28.926335872240681     
  -7.5180129771339602E-002   4.9234212142924547E-002   4.3625099310294043E-003
   4.8656495695130131        20.915392744776284        8.2930316175954051     
 -0.11389535020080810       -7.7804561607870250E-003  -4.5120362378357301E-002
   15.414839042384155        11.137912137596778        7.5684985384574146     
   3.9196382909101983E-002  -2.4357352717545414E-002  -9.0198891991451327E-002
   28.817817274334686        14.470814582745639        11.297833751483381     
  -4.4962003306280279E-002  -1.9673661378931300E-003  -6.9633329639453775E-002
   20.944911827380338        18.853267241250883        2.0956963862930134     
   6.6109428898595390E-002  -2.2859473456669232E-002  -2.5628599530438681E-002
   16.439240239718924        18.857051922090832        29.745676175154482     
   1.3114140818832611E-002  -8.6224111364294989E-002  -6.0616321231667616E-002
   10.658359702143708        26.641279816904614        24.939001814749584     
  -9.2554792866590633E-003  -9.0567571418443377E-002  -2.7104071407664177E-002
   25.754356757172324        31.388534225798995        15.757593354299109     
  -3.7820435608076991E-002  -2.9333415131003990E-002  -1.5736257418554212E-002
   12.678081062462198        4.5270517744030938        30.764412818523589     
  -2.7209327548436444E-002   3.5361383335131356E-002   3.2995307186277794E-003
   29.880460614162871        8.7500661661324131        6.2177070950328241     
   3.1003018482811378E-002  -8.5223583147418333E-002  -5.0088254197358247E-002
   24.514478263138830        22.409006401209865        26.027240116808375     
  -3.5391001805194229E-002   2.0007900655556399E-002  -2.2397155848602635E-002
   21.634582819979332        26.195645115523870        15.297210123549149     
   1.6870053821297328E-002   2.7718188662243973E-002  -2.4881983094239963E-002
   25.516078641746006        27.821650416436398        7.0290015549920657     
   1.4938619289934982E-002  -5.8597059695479362E-002   1.2062553007696347E-002
   7.7007683790373251        23.932297043042965        2.0460470875674446     
  -1.9637434091648347E-002  -6.5047585036281108E-002  -7.6369790937171125E-002
   30.837359080632258        18.398182245570034        8.9876180091202897     
   8.6664351906285977E-002  -7.4449323142508517E-002  -2.4002804018449689E-002
   30.300894209008657       0.28233606341757089        28.155884390415061     
  -3.3314163856694194E-003  -2.0813873230105223E-002   1.7357713406912830E-002
   28.015550606502114        18.703645551513407        11.823633298482607     
  -3.8970517622334923E-002  0.10751167263703321        4.0272204693301707E-002
   2.5821734153283953        31.369714861164333        12.904801019194693     
   9.4594393368067298E-002   4.3721146871221958E-002  -5.7500162093311623E-002
   18.694601549535715       0.56277165947517416        14.173349771679204     
  -8.1774382649363153E-002  -3.9444279043658402E-002  -1.7560377796771290E-002
   4.7387711432313973        2.5770762649302053        7.3166230754071435     
  -5.7587866688968488E-002   9.1029193838187111E-002  -7.7420437939639736E-002
   13.502932288196293        21.902176300101615        8.9029391061187209     
   1.1910966265199762E-002   2.2760425599639505E-004   5.6870904214008637E-002
   1.5147426966420423        23.481201694889435        18.506786111294915     
  -5.8816359898696075E-002   9.8934453952077318E-003  -8.7606177668946073E-002
   28.966521233677234        28.581974096973834        25.121656452247109     
   3.2854618885678095E-002  -8.2472019123337167E-002   2.9035429021564734E-002
   15.764511224915669        26.335714596458534        25.185643550790825     
   5.1307251995181075E-002  0.11828082836012822        1.7505368367189376E-003
   11.537932645758397        13.025222810724550        5.8621435678137042     
   6.3666567930757048E-002   5.6652505614381350E-002  -3.1864888308701558E-002
   10.954097703831334        6.4960002503059053        21.870114612942224     
  -3.7686712593393464E-002   1.2882033294372795E-002   3.7451227819952478E-002
   20.987134559292230        23.651184697682794        2.9545773952238856     
  0.13864018019445168        2.5267290666725634E-002  -9.1127028385901490E-002
   7.6958365891708578        27.494042862851451        1.5487158227000675     
  -1.7733315944581787E-002  -4.6249812045931711E-002 -0.13975495886662662     
   17.122233861045160        21.584274274821016        32.009828136336310     
   7.9892115657680743E-003 -0.14050695885360834        2.4268449325297876E-002
   16.180654870736475        5.8831587047828595        32.094389117409435     
   1.0329443166192370E-002   1.7409467770285920E-002  -3.2800251554590105E-002
   4.4118669306988956        11.993174929817945        18.320160869113270     
   2.9129816874273927E-002   3.9031134548387345E-003   6.1903919498326979E-002
   7.7987015548152963        10.589864895657897        14.677642106197149     
  -4.4094849977663858E-002   4.9872972392337733E-002  -6.6475188803718693E-002
   24.103562387086267        13.997168727722169        6.2147802514502493     
   7.6324004254412206E-003   4.5448834757589381E-002  -8.3111249901843993E-003
   19.508206666271686        15.777692295567485        7.5990139942034505     
   7.8759210678163438E-003  -8.4359662686332909E-002  -1.1996794760238846E-002
   30.117364681699598        7.3808271552893334        28.206242132665874     
   3.2804931918877012E-002  -3.0999861448718379E-002  0.11929600055811876     
   6.9902765797054016        3.4130758248563118        16.036687075274290     
   2.1760108983023243E-002   1.1690280660472717E-002   5.8791444153862898E-003
  0.34175256333764120        24.295736513308423        13.865970221536843     
   2.7845524044039019E-002   1.1158884971271814E-002   3.6529215535860112E-003
   2.0230653476497809        10.012873120024910        1.8944723105923804     
   1.7055747680301887E-002   4.5124275064793773E-002   7.4820996395568579E-002
   5.6990364031733405        29.718477024712843        30.224774556386087     
   5.4038972879264985E-002   7.7071767819349463E-002  -4.7581989085457743E-002
   32.492061901117651        13.867627291038902        27.455153754027808     
   6.8407243625774397E-003  -1.1449389355588580E-002   1.0269586124042523E-002
   4.3816159096326937        26.183342009490573        3.0515300512357744     
   2.8285512592774450E-002   3.8656477360741917E-002   4.0923009223669440E-002
   22.041583604831391        8.0649952272407202        24.706902308989839     
   5.9067390878617676E-002  -8.1051768517373862E-002   8.1436001133313216E-002
  0.62814704881718375        23.828389152838373        3.6638063171928619     
   2.7604831528692909E-002  -6.5546818633633042E-002  -3.9101684702652136E-002
   27.540895582000974        30.608787688403435        3.1858806460488429     
  -2.0578901290497043E-002   3.9997056063081262E-003  -6.5086288505155063E-002
   25.603943784137186        28.053524442602587        13.901171057912894     
  -5.1309447933324676E-003   3.2252190459392448E-002  -2.0566780047133876E-002
   4.3979654857047494        26.467862438428561        21.342520945079716     
  0.13350387723383200       -7.3148305452767556E-002  0.14071853528023190     
   24.488285013265681        28.159774930262401        22.701093882698441     
  -1.5488288927492736E-002   6.4366668370625060E-002  0.10562473782331472     
   20.401138453694770        31.717509805864491        20.153133600489227     
  -9.4484772653291513E-003  -1.6850782708151515E-002   1.0127788458347602E-002
   26.446095068034314        9.8453737241853023        26.160164993197039     
  -2.5330924520320382E-002  -3.5116510504629168E-002  -4.1676717545335265E-002
   13.611792640182047        20.602103509031707        26.287012775101953     
  -8.3735040037659303E-002   6.8048555822220316E-002  -3.7261975447217051E-002
   20.356643839152170        19.701294402914026        8.1780870011222540     
   5.9561669477293508E-002   4.6181957011004549E-003   1.4872563220455957E-003
   2.4683227279698801        30.011315277314289       0.98139265112956187     
  -5.6408485829888763E-002  -5.0748661108861393E-002   2.5568768802673603E-002
   31.210242335763013        25.424038395296954        6.5126263992715892     
   4.5095952801464396E-002   9.0561208498591728E-002   4.2276072661112229E-003
   26.986479284053182        22.395750929042283       0.40724728662852133     
  0.13171772976216303        1.4095742430109769E-002   8.1250286458959514E-002
   8.8408266554401607        19.588869352330736        2.5505929701551064     
   3.8978829845846830E-002   6.5901650327426925E-002   1.5446422487085866E-002
   22.541989517109879        25.400488699862404        26.840799260605241     
   7.3310678775189334E-002   5.5835289443021130E-002  -6.2606433532705244E-002
   5.0652756151915446        16.170891439906171        17.466985975200490     
   4.4488900256328678E-002  -1.5776747589091290E-002   2.5129373764515704E-002
   13.081929373514741        23.630688452588704        2.1461691906947440     
  -8.7055992132615126E-002  -3.3532847083167380E-004  -4.1176854695971016E-002
   20.251197829148932        12.910037798024474        14.706444515472088     
  -1.8376692181976673E-002  -1.8105117352986429E-002  -3.9173469615023668E-003
   27.646810628316569        24.272190749991793        7.0240462175067799     
   1.6545805698618594E-002   2.2689631051917861E-002   4.0675217995676263E-002
   21.588067764519760        30.068408597753837        27.861353879126234     
   2.2078065598748642E-002   4.4819729595514904E-002   2.9585771321904559E-002
  0.74518103593007878       0.72088720275862717        30.806316499325863     
   4.0059830636020050E-003  -9.3486566998254264E-002  -5.1867274693939642E-003
  0.68370430438939700        25.969399539463708        28.979147201215131     
  -2.7676901379574282E-002   3.4859365355059693E-002  -6.2370352909759307E-002
   30.766425298637262        13.415075405671869        13.502781045786486     
  -2.3264266600037269E-002  -8.8392684456220713E-002  -6.2636174551206026E-003
   2.0487715733261971        1.5451020402879831        9.7017155074114036     
   6.5297672922156352E-002   3.4263829946626981E-002   1.3967625616390174E-002
   2.3489192219657343E-002   4.2242173882638996        2.9127936694337913     
   9.7353376676595091E-002  -6.5940910089457488E-002   8.3756363644354029E-002
   22.994314968445938        14.520047845352764        32.003342129666571     
   2.4669559395151565E-002  -1.4511221300850250E-002  -2.1968337499216968E-003
   12.292020176528140        13.807816745301890        17.384436672871210     
   6.4902552251465781E-002  -5.4105962837368354E-003  -1.4693581134222748E-002
   5.1301447241699503        19.510953582843559        14.830577311833242     
   9.9139666285295771E-003  -8.5293860318500572E-003   4.0915576912348720E-002
   25.359945350771863        18.348789909554910        21.021282331768642     
  -8.2819168450057823E-002   2.5755360824390012E-003   4.2779731803295196E-002
   8.8123185538228732        31.416091529714009        6.5844340488322572     
   2.2677215803941310E-002  -1.2835166102567012E-002  -7.5682700866145369E-002
   17.063292015610575        4.1340244048422754        17.764503112427242     
  -1.1428578320521066E-002  -7.6129125459106370E-002   1.4642232581193626E-002
   3.3423331783576313        11.719580763710418        4.9188991070260819     
   5.5705223602890902E-002  -1.6809333277844733E-002   1.3719607973795863E-002
   25.935289014111923        23.310855306402651        3.2439206545324342     
  -5.7318856025929683E-002  -2.6036857515122018E-002  -7.1985007660152797E-002
   19.225918994469602        26.599849542091942        19.540565462536147     
   1.1587306401935500E-003  -2.6024124841556241E-002  -2.8924602152682031E-002
   11.692266984710283        2.5050985130254162        9.7861157338835056     
  -4.1884852314150178E-003  -4.3903294492046746E-002   3.6973098957028598E-002
   18.095149329426324        5.1703264784546521        2.8592759987516079     
  -3.5390057755148030E-002  -5.2239703738505554E-002   6.4646600459393230E-002
   26.488072326468888        7.1203017371440485        8.0574639846542180     
  -3.5775900063560837E-002   2.7093956272832273E-002   4.8382185825484834E-003
   22.594593266909623        2.1189871167407754        12.164101300358464     
  -8.3213593319038159E-002   4.3186978819889033E-002  -1.9200135926099073E-002
   2.4892884759866529        4.1702739471656285        18.304016876257020     
  -8.5324348631123370E-002  -2.2617715484564175E-003   1.9641489387537330E-002
   13.876215839926042        16.783079349597518        27.974237102337511     
   1.6818549447023563E-002   5.3136743820520735E-002  -3.3507805189823874E-002
   14.626811891681509        23.196831873641099        5.8448339341066582     
  -4.5709468145583035E-002  -6.9041218983309796E-002  -3.2666069531582305E-002
   21.274982636701292        11.204821047937171        26.277586425042859     
   2.5790564557974655E-002   1.5918177828543371E-002  -6.5568570843422713E-002
   15.649692316913795        19.397939731773423        4.9273311927398291     
   6.9257071032737885E-002  -7.4222587588949770E-002   3.3982275774774758E-002
   11.225832340995618        21.102772401562277        5.1698838628446842     
   5.3667420273444212E-002   4.1075147373932773E-002   1.4126071810625791E-002
   29.189074231831267        23.991119546733717        10.439141560215509     
   5.6334448171670812E-002  -5.6989601629416950E-002   6.4212880267586925E-002
   20.291366592841019        30.221374934469015        8.0192249226354892     
  -1.5741799260724791E-003  -5.6864780442437479E-002  0.12162605703332273     
   8.3875535229850193        1.9399756090513363        30.005557149743463     
  -8.4145757690190684E-002   1.9770212990855469E-003  -9.8961840375627261E-002
   3.4206910147377565        9.5405259045220543        25.035280380991370     
   1.8011696717264637E-002   6.5036382963668017E-003   2.0687222117825470E-002
   22.990586873480854        27.664919194735731        31.420922175776496     
  -1.7772436046067312E-002   4.7360863277884017E-002  -2.5170191724918779E-002
   16.931425244045062        21.863711782821895        26.109568444367067     
  -3.0346316854467918E-002  -8.0762233078352300E-002   4.8195888860650127E-002
   8.0509596797296474        11.319840136921707        5.7845603579904665     
   9.5995351560361972E-003   6.5773312122364841E-002  -8.5953385990085993E-002
   32.048106859845944        2.2052244153413310        6.3646472384263051     
   9.6282735775465977E-002  -1.4474789328392527E-002   1.0235660053692166E-003
   23.682335096759790        11.098032584309976        23.346873256530479     
 -0.12570659722906907       0.11954673897797649       -4.9950430610376809E-002
   24.698106365057331        10.922307470076138        3.1197072767365301     
  -5.3504115007141518E-003   2.6950021303045659E-002  -4.2122573374368645E-003
   25.739084055640681        11.687958428632086        20.905851264578839     
 -0.12514778425938050       -5.4560566073754736E-002  -3.8928108684219680E-003
   26.763236332632829        18.368740895960038        4.0508329355152108     
   7.0581270342021149E-002  -3.1324014164000227E-002   9.6321419966092281E-002
   28.104016483595782        30.912186122341907        22.349503707877219     
   1.3557400882469803E-002   4.9011465858056810E-002   5.3526666556601495E-002
   17.020565810798164        8.6394314111820982        11.415811340021680     
  -6.2178429884431313E-002   6.7387447715001741E-002  -7.4423429314004419E-002
   7.7202304262439574        31.765562529594725        27.334579859698866     
   8.2833051935309779E-002  -2.2115350433976937E-002   4.3325889970014554E-002
   14.482451503192095        12.166805039776644        27.419289292305834     
  -8.2874286324007597E-003   7.0906635932988876E-002  -7.3053037708196615E-003
   13.743024700999824        9.5229422387349860        5.3055425333693575     
  -1.3172322145700719E-002  -1.7419731254007093E-003  -3.4774012352226241E-002
   5.5055516136637310        4.3681897238071601        21.234429247100742     
  0.15577680551628814       -8.6049157497676304E-002  -3.7418762477533341E-002
   15.248226881011066        2.7999853009651319        1.2395182740880599     
   1.2222180359714126E-002  0.16792559472561353       -3.2264265950011424E-002
   29.503642363760683        15.262351441848132        5.2580903578218070     
  -1.3101043603124410E-002  -3.2822906678642523E-002  -9.0890743273658578E-002
   3.8151591442188435        19.834255770965047        26.012872000183581     
   1.5033200211957084E-002   7.1562129879217132E-002  -7.2169431039187298E-002
   6.0753391269891992        25.707364711956046        8.2770872954152068     
  -7.1946116505748878E-002  -3.9766812598044064E-002  -8.9639449957954712E-002
   12.319192863252342        24.251464863461315        31.022938409887640     
  -3.4916815675176860E-003   3.1684142956885597E-002   2.3384791499988636E-002
   5.7547913872704424        29.390024422279424        4.8201456157437912     
  0.10073422811639554        1.9493594462339603E-003   6.7947659957386830E-002
   13.352813214714937        2.5024790396270404        17.662329795095498     
  -3.7853402337581804E-002   6.9920988516314906E-003   3.5389361445415288E-003
   20.280319207074932        26.569680420145929        23.238385910766919     
   2.6068460704441038E-002   3.6234022624964141E-002  -1.1004471589604480E-002
   4.9325150758269007        9.0292968787297898        20.389217205189887     
  -2.1814302970325473E-002   6.3582149369621324E-002  -8.5423828902662757E-002
   8.6326107586737830        3.6088997328497423        11.943475933744903     
   5.1218094841563089E-002  -1.3665365756124651E-002   2.4530755920285762E-002
   6.4506959408737989        15.299574272875336        12.770764659238033     
  -2.7601317763671075E-002   2.5740098143385608E-002  -4.7912620585739883E-002
   12.822245037566152        16.838526324147843        10.167672221228958     
   1.4813023837887070E-002  -5.2977745832424289E-002  0.10750554028319163     
   20.361071288163391        21.527955712767884        20.306948487216662     
   2.4782767291455506E-002  -4.6758408133560553E-002   3.0179955505970923E-002
   29.507378728466300        3.8577953174782862        31.363657739842029     
   3.2571889934053452E-002   2.9746734514485302E-002   6.9582563229005828E-002
   8.1098223542359005        16.176827831303029        23.449191534214080     
  -6.9355832199179318E-002   2.0880879968830871E-002  -2.7332829435157302E-002
   29.609446131204407        16.743206720593609        1.7169156743185188E-002
   1.6205773839922073E-002  -6.1563283882453109E-003  -3.2866801208169330E-002
   20.291789382416990       0.12544145854383415        31.551524201943671     
   9.8929423690333515E-002  -2.5420145956916291E-002  -4.4986500031327613E-002
   13.174597430076053        7.9679503630512754        28.441145454427446     
  -8.7104708582106422E-002   1.2685466117239790E-002  0.10923983599282520     
   2.4828882863701960        31.857441913977002        4.2342902210803341     
   6.9475178290605150E-002  -3.3808353997193549E-002   7.5994038567147660E-004
   4.4167695286908684        27.176884974313541        11.205109725450404     
  -1.1431413072827188E-002   1.3916330060979654E-003   2.2914457250043180E-002
   11.808638411333918        14.110101734122496        22.999375788884869     
   4.6431996128128053E-002  -1.4680573346604602E-002  -1.1118540882999698E-003
   17.266351169663174        18.791796387175150       0.87899353924227674     
   9.3053499626793074E-002   3.9575037437073718E-002   1.8774033703288046E-004
   2.5902668625458283        16.661570716897479        28.396174446701764     
  0.13051477724072344        2.3746878736789108E-002  -2.0643532556804300E-002
   10.041969195723659        14.326195470859275        8.7304419658647028     
   1.5345134606210441E-002 -0.11204992536771105        1.8504290442437468E-002
   10.924197483619071        19.549813751430417        8.7135273872526859     
   1.7065676379192897E-004  -4.1442972376106939E-002 -0.13683253259713690     
   2.0084277839253848        5.2149604053330929        10.394682446125545     
   6.5883681673293365E-002  -3.9122001241569247E-002  -1.4588871558290268E-002
   17.729251533343920        17.209879054458913        14.792473082655034     
   5.3489263719692898E-002  -6.7606470186993520E-002  -9.9424730428117392E-002
   8.8480058039977845        14.706221214480996        31.605170237163556     
   2.1804495134236188E-002  -6.0804668099943185E-002  -4.3917428366703481E-002
   13.556380794300082        31.039162051282716        27.546016225368486     
 -0.11611232365512283        3.2950827782979787E-002   1.3762986446571887E-002
   15.723519622553612        30.239501979331216        3.0473151033934043     
  -7.0533804975782613E-002  -2.4413387538515623E-002 -0.13901139495264281     
   3.7823642610716286        6.7789298279139807        9.8037032882429681E-002
   4.8450729564084409E-002   5.7306638335115491E-002   1.2062813107298821E-002
   16.991059238313031        10.999639304397482        29.029249345134566     
  -3.4879140651835894E-002  -3.8723698548318752E-002   2.0139536067969258E-003
   24.306482020368158       0.80406263904150466        28.531510962981290     
  -1.7381757683288649E-002  -5.0509468466346318E-002   4.9178577937004114E-002
   32.067875986359446        27.321518003770777        10.442668589198728     
  -3.1424789144646359E-002  -7.4295389869992977E-003   1.8744518394163877E-002
   6.8148982293571700        8.3656474671246723        2.6194269661629459     
  -2.5527860211312779E-002   2.8199616452679984E-002   1.2150046131425639E-002
   27.341133721486898        8.3662690213532098        23.072763528721499     
   2.2324546226158690E-002  -3.6321471986717264E-002   2.0227458735348074E-002
   28.691554999651313        27.353334093313826        21.795784675098108     
   2.2542640857044757E-002  -4.8810697015475045E-002  -8.0913335468490218E-003
   10.789663418696877        27.862547727152535       0.58172240532025354     
  -5.9107029143011056E-003  -6.4809381104179616E-003   2.3096337864261335E-004
   30.693867726149580        18.550417545294504        17.874464476279268     
  0.15240972398560251        6.3003086554545715E-002   2.7682345936350612E-002
   13.664130330563880        7.9509712769714564        10.252833759871496     
   8.3619035857326163E-002  -2.9749111937785823E-002   6.9651278537021530E-003
   20.747357268035255        14.699701094896223        11.824413618814432     
   6.2003235618922188E-002   7.4703129281248670E-002  -9.5424332713655250E-003
   28.327122319407742        11.680554613594275        29.101705684354577     
  -2.9203070817158804E-002   1.3267111806492357E-002   3.5372684118989486E-002
   18.969757001841103        25.164047672708602        27.324114053638763     
  0.10512202395967565        1.3895548420187881E-003   9.1705255328623766E-002
   23.001717939029721        17.815356443313995        4.9690366153098182     
  -6.0018097485697773E-002  -3.4546789539940288E-002   3.0624254495014443E-002
   10.928788433883732        10.788286460467706        2.1621288999747699     
   9.3326457072068755E-002  -7.2047302142500561E-002  -6.5856286948720019E-002
   2.7264225047479167        5.4225544663927687        25.798576067005534     
   8.7138200380629277E-002  -9.1748425887952095E-002   9.9136718852401287E-002
   21.623751255473536        16.844773153363487        18.263039187401795     
  -4.0483317529459710E-002  -5.0956222766386769E-002   1.0445027945441181E-002
   31.104236022594190        7.0216752855190627       0.70478855366027338     
 -0.10189051848269308      -0.23059583241133530       -5.3746310638377141E-002
   30.483608870007512        12.514221067681577        1.5789826762237924     
   7.3165517713072378E-003  -4.8921266585444635E-002  -5.7414345247797254E-002
   26.473591290802851        16.347358889761697        7.6053245276038854     
   8.6305579595594206E-002   2.0198842825688488E-002  -2.3013851072844396E-002
   12.820693915507828        24.271583624737488        11.716068585402418     
  -5.9160037618925403E-002  -4.6806327656476526E-003   4.2971991857462595E-002
  0.49251890872082060        31.407600057651390        26.382040044617113     
   6.6281685186676792E-002   3.3473581988004354E-002  0.14328639295220996     
   14.534264273960204        22.081049807857941        20.768527841481735     
 -0.10215792286972863        4.7416892893352498E-002   5.4056677761280446E-002
   5.9322126748764807        28.912303702773428        27.107999678487172     
  -6.9001529723313568E-002  -4.1903367489800718E-002  -5.6840188311684040E-002
   3.1778375625075004        7.7401509808710891        12.776943632065338     
  -5.5507245166801139E-002  -7.7818167910034229E-003  -3.6060766351450058E-002
   14.247131216274303        3.1606489879401671        20.774957221512029     
  -2.2207446251449828E-002  -8.4541751291271838E-002  -3.1394096038339460E-002
   15.414189623487067        1.7139051237286851        24.435994286579703     
   5.1167232685348805E-002  -6.3246782862997550E-002   7.7185572578631588E-003
   23.575648519636498        13.874331314987829        17.502814279675135     
   4.1115532746515649E-003  -8.2763403437881508E-002  -4.0508696456338709E-004
   27.375391381065992        16.637086724612242        17.843307761846162     
  -7.6083483515313632E-002  -5.5651308248440237E-002  -1.6959709619798109E-002
   8.5395093724352034        17.247188150727165        18.738532838077834     
   8.6869724891978611E-002  -4.7013349582561079E-002  -5.8466266545409089E-002
  0.89864233603728538        31.303718739218077        7.2900775848225567     
   8.4353291948866566E-002   7.4630234942714424E-002   6.6173601897401846E-002
   4.8165443211367345        29.266686567972840        13.674012430601604     
   1.3040373987902863E-002   4.0624169949462212E-002   2.4776215700643329E-002
   3.8621198128662875        32.080950216084737        16.450348128481203     
   8.0780260204849436E-002  -5.3883528414677397E-002   1.4604954471200965E-002
   1.3395108384149994        14.583308544440413        14.314519443752246     
  -8.2276000783929951E-002   9.6357035604047164E-003   2.5343607826779670E-002
   19.329163362952965        10.879504588013715        17.481257077929353     
  -2.3118468914508975E-002  -2.1259874444136077E-002  -6.9675559755007027E-002
  0.98231922896711643        16.120217128896112        24.028289390416397     
   4.0975082551823340E-002  -6.7934546080142488E-002  -8.4666323790648201E-002
   19.239836063756741        31.709894683738636        5.2877813845338366     
   2.7933131839425609E-002  -4.0503562261035839E-002  -2.5231608587860575E-002
   26.161691620267948        2.9680254304893414        26.437457109345630     
   8.3043965003084849E-002  -1.2003036736524478E-004   5.4729374114306686E-002
   20.381233758038707        19.444863432884734        13.992464277267132     
   2.8384830880007563E-002  -4.9655310068754704E-002  -2.1042293489606682E-002
   27.731206105260480        28.235779504192816        28.676940038773569     
  -8.2106794873487765E-002   6.3978071093403754E-002   1.0493378604157477E-002
   24.760764000389241        25.774417844966390        9.7254862758558236     
  -9.8224297484682407E-002  -3.5379152027194549E-002   1.9380853770951108E-002
   11.077875710201043        7.5561370484525243       0.54994517464025883     
 -0.17676865280348347       -3.9276770198599271E-002   4.8576439634820466E-002
   12.201557956849802        27.399456795935308        12.695522720944863     
  -7.9485927191710933E-003  -7.3285236763268813E-002   6.5714984550065539E-002
   24.214925028375077        19.844837402837463        7.7921960055235946     
   9.9381109272598488E-003   1.6492705226266217E-002  -3.4491219088803385E-002
   8.9091488148808065        5.5838758365674810        18.789098301800895     
  0.13910058985754956       -7.7242656675799354E-002  -2.1231614197282154E-004
   28.264999946781579        27.633178151003222        16.200508970936770     
  -7.4790623976486795E-002   3.9014264294761521E-002   1.3677061279164413E-003
   27.003098191507906        1.3258670071760030        20.625917066267814     
   8.9347738467375135E-002  -2.1768167337557891E-004   9.3418635371747730E-002
   26.333844622461882        1.0139694514338360        2.0771100303840648     
   1.8448245918796211E-002  -3.8118704044861132E-002   2.7341651842646371E-002
   14.305985725381118        15.425775757516114        6.7809710589411329     
   3.8321788091039741E-002   9.8782608962706825E-003  0.10316003143035345     
   32.294347005126738        27.761111020673567        23.263892641911408     
  -2.3843105834868646E-002  -6.7049617189087654E-002  -1.2693574983159778E-002
   17.614418823407352        29.587353622239835        23.127048099022527     
  -5.4875567802524179E-002  -8.5640561516085231E-003   2.9877049585430419E-002
   14.164396763218726        12.138757048633257        14.732622002515537     
  -3.3993507962515636E-002   2.9754712981470165E-002  -4.8712088796375980E-002
   10.428276262804912        21.623521139785304        27.941956630930981     
   3.1854429962572026E-002   6.6564985079925381E-003   4.2048891941620543E-002
   10.445909507824506        16.836352266079999        6.0167853684225605     
  -1.9202484051244653E-002  -5.6475050234095485E-002   7.7141650569905768E-002
   20.403501165911589        7.6285903617472695       0.69117403692133361     
   3.8276595652011025E-002   8.3510597405300299E-002  -1.3630757619592546E-003
   16.091769618081521        3.1481029386773818        10.596988272278653     
  -7.8480223525961346E-002   2.4352938866183917E-002   4.6873913038663867E-002
   26.801320496130021        26.646642664566667        19.172422547121226     
   1.1054325439007674E-002  -6.0584716694800207E-002   6.2966761990486064E-002
   26.497118465552845        24.974357351659112        27.986914921969703     
 -0.10721265124279787       -2.8208996879299369E-002  -1.8598686955384837E-002
   12.955525744897782        29.958539694964564        7.4747637045356994     
  -5.6718503068071927E-002  -6.0951019249749903E-002  -4.3545090455172943E-002
   19.276646757220227        14.511530092535816        24.438024901712978     
   1.7012975339404459E-002   3.3439963310992589E-002  0.11603460203200648     
   12.598466710265525        1.2588050848644354        5.7258560899913649     
  -2.6923397816209574E-002  -6.9454503866966680E-002  -7.1701757454288570E-002
   12.053568914052590        18.856494892755798        20.304220616769197     
   5.2603406346569494E-002   9.1979616500850944E-002   2.6787202091800616E-003
   26.513758155060714        4.2289857687458881        22.949287229661483     
   2.9841240449322307E-002   3.1001488449899127E-003   7.5186724405573646E-003
   8.7237290622189114        1.7081486913900175        8.6793502250881804     
  -3.0941696528267622E-002   3.2871604648707586E-002   3.4106162301948753E-002
   18.238970879172609        22.864852862486607        22.436212531888565     
  -6.2971417980005634E-002   4.1353447618540901E-002  -4.6161444138139718E-002
   20.257952161945852        13.571424937442780        29.151278837396919     
   3.7378828255045779E-002   4.0574281904074284E-002   5.9261583437626032E-002
   2.1817459196580500        15.509768045332864        6.4929273453791572     
   1.9317706336474286E-002   7.8277728872315835E-002  -5.0766453826631740E-003
   23.058689554279919        29.699491088064345        5.6280173096017894     
  -3.4427189045943232E-002 -0.13468373490450972       -5.6912643532987695E-002
   9.7239032859690315        18.696333250851783        25.552615497050702     
   2.2690194044902724E-002   1.2600978507512604E-002 -0.13191836867229031     
   2.6654402583252899        26.504134183717238        13.985264507315765     
  -1.4210253958910008E-002  0.10074271211674758       -5.9609589859883037E-003
   16.699890167498754        20.248702772889480        13.465935159324943     
  -3.4724871400706590E-002   1.1305687834072995E-002   2.7159262316190928E-002
   8.2818719509366741        23.703478325369868        12.134598318548415     
   3.8260974173198049E-002   5.5021430295387377E-002   4.4673933204202564E-003
   23.283816384174386        2.0801855672103633        4.5807605013848676     
   3.9935506244194445E-002 -0.10167294622164133        3.2898737145670688E-002
   26.228322997465039        16.968650435290453        27.760607791674463     
   3.9815930830341219E-002  -3.8536823342988797E-004  -4.7114659985698040E-002
   26.574017647370283        6.7219492575880073        28.876791680116504     
  -2.8469471403879724E-002  -7.7666646523008327E-003   7.8129324023619259E-002
   4.7984583188941752        23.034613676777489        21.507945550072311     
  -4.2870276411141793E-002   3.2768679758956821E-003  -4.3843740046710954E-002
   11.895082128127283        18.279495538281047        16.900476309483672     
   6.2483742385091849E-002  -5.7202835902069298E-004   2.1069067199312716E-002
   22.514911536523609        22.752353352440302        15.670773638284404     
   3.1890686374399936E-002  -2.3986843405492037E-002  -1.1994871734829280E-002
   12.171811529411581        31.810645841816591        2.6713215273859228     
   2.2196929147079665E-002  -2.1071079684414785E-002  0.10811758550049178     
   22.352000347007397       0.98355316634366352        8.2728818896556717     
  0.11473156610713224        2.0419183601536703E-002  -3.0245068062332663E-002
   23.023588910899655        21.635852154712389        29.925409037098063     
  -3.6608393981614876E-002   1.6419714882358639E-002  -6.7191898700895729E-004
   24.596434300456533        29.106975695285449        28.558416165073872     
  -2.3228766123602113E-002   4.3444974352725735E-002   4.9613541081562136E-002
   32.285341955040103        8.1469109931791390        3.8714079219149182     
  -5.5424322545875468E-002  -1.7534814774298013E-003  -8.9195817193493912E-002
   19.476233858240299        19.414893247726329        23.574486278863066     
   1.0183672130899084E-002   3.9883775971895748E-002  -3.4672155202223984E-002
   20.786623023022230        23.272889379254185        12.631574936534550     
  -2.1472358937068631E-002  -1.3598310664337199E-002  -9.2575104291253471E-002
   30.326622389800047        18.981030167406960        25.083402200163185     
   1.8448480648958352E-002   4.1928860198794729E-002   1.9750934060923708E-002
   1.8298220621303818       0.55969461558960287        19.741428134306751     
  -2.6882475347023930E-002   1.7691855642719887E-002  -1.1738035081536142E-002
   22.019916418865385        4.4007785268921831        8.5493537294804653     
  -7.6536582112506107E-002  0.14496834028362413       0.14266835958195892     
   6.6450964579485516        6.2279319871346779        26.498748033889264     
   4.8651255116595439E-002   6.7758314056507993E-002   4.4149159399916524E-002
   28.993035012573788        11.021759012205832        19.055463364442481     
  -1.8577909944400704E-002   4.2647832327661200E-002   3.1451241136072672E-002
   9.0967822195139956        30.902311314858316        31.667000300645000     
   1.9612920011331254E-002  -7.3867412550962325E-002   9.5308337065767006E-003
   7.1650286103361980        11.892436082520065        23.999002377181849     
  -2.1213589574609237E-002   2.7166199081546149E-003 -0.11175022695882790     
   2.3202078179737806        18.339256007217621        11.240235205592812     
  -8.1007401428676490E-002   2.2277557419076940E-002  -4.4111558091282928E-002
   18.518003020363597        28.321049181591860        15.255895407713446     
  -7.1491640819036154E-002   4.6716926344316401E-002   5.2433611153298497E-002
   27.579653962021659        12.775782044730915        15.624234170874676     
  -8.2220351595148317E-002  -2.2454591925925020E-002  -2.1979052700675999E-002
   12.779133548814480        11.034178802801618        24.523881010934502     
   6.7105938540561938E-003  -4.1941916437228374E-002 -0.10339050030686245     
   26.839363555337243        20.038569596917487        24.175313305528181     
  -5.3133583802650423E-002  -3.6989629751660439E-003   3.4827386460155187E-002
   15.310773260796630        8.8935753327264475        22.536277286452666     
   5.3644260095877978E-003  -5.4401081199700312E-003   1.0937447678814986E-002
   14.069120690620638        6.5924802853251983        16.639268880365147     
   2.8480044754386528E-002   8.3819237557591256E-002   1.2633046045655259E-002
   26.012131844664985        23.187733252355432        17.352211864289039     
 -0.10112731761907652       -8.5546945626435861E-002  -3.5701833467853300E-002
   17.354133044457168        16.391858650349267        11.261477336803289     
   3.5063646259219448E-002   1.2935593033552906E-002   2.2695984077775479E-002
   26.044674062430012        4.0699621390819241        18.098154032336403     
  -8.7713764537962740E-003   7.4669143042440836E-002  -5.8643368115834468E-002
   31.892547944625811       0.53517960066983250        13.195358204854996     
   5.0553356279772026E-002  -1.1817769890602020E-002  -5.0408012896544577E-002
   10.217624617772607        27.196545017677050        20.853433742834866     
   4.4512276199749026E-002   5.6598033251843746E-002   3.4058177974739721E-002
   19.264816505918844       0.61558678173140935        25.815626947111483     
  -9.9393932165593377E-002  -5.0346807185428062E-002   3.8293957227005189E-002
   6.2151085253279073        13.169332608276061        2.9797744372434827     
  -9.4872984558929396E-002   8.5914093751872075E-002   1.3311129059351501E-002
   14.115136534256409        23.462452873878984        28.048751242028505     
  -6.8857172012391873E-002  -2.7239973890596549E-002   6.0963375984514311E-002
   14.374863195776237        32.262286287587408        15.115521636787619     
  -5.7658576414745359E-002   3.4809960592568717E-002   3.5133928834760693E-002
   22.813844295971055        5.5677150527614874        28.552854445623638     
   1.1565115162489375E-002 -0.11796645462299840       -4.2967539126347626E-002
   17.982314806789365        27.000669680354200        4.2379940420307571     
  -3.8350371510587594E-002 -0.14347322471882382        7.4851973865743937E-002
   9.5545031113916092        10.097645087908939        30.199783193715849     
  -1.7364964990440507E-002   2.1893951724432622E-003   3.0609768927944748E-002
   15.043884195517336        24.091899893596864        14.776365574320701     
   5.4167560561947603E-002  0.10816840862425828        1.4562968787332120E-002
   29.276878733212911        22.480028907580696        20.222909825194360     
  -1.0277989252874016E-002  0.13438329692897780        1.3919476026838176E-002
   28.886914698279757        11.750719355550133        23.288559185069765     
   4.0243843898182662E-002  -9.6491821459540987E-003   3.8240433922935621E-002
   12.514557869740333        16.646668015615969        31.045750469124741     
  -2.3654403370378111E-002   3.5245720087220427E-002  -3.8004041330808362E-002
   8.2052460025227436        6.8330198870869774        14.046132566709243     
  -4.2274963095958663E-002   4.1477652557669734E-002  -4.9732173222317252E-002
   26.682843203877741        21.359444160117384        5.7652590531990446     
   1.6429784141448786E-002   2.2414679882609194E-002  -1.4180988921921978E-002
   2.5136259289183891        29.996936316931734        22.753930168482512     
   3.2417862039581358E-002  -1.1035191381768108E-002  -5.8553875605087194E-002
   6.3053684367614231        17.671135795926745        21.127956823113198     
  -3.0301492935405929E-002   1.4828214803030005E-002  -6.7291289728287962E-002
   5.4420825701997897        30.175725277008542        20.406846076153528     
  -6.6491648792699184E-002   2.2827920895479411E-002  0.10800046757501537     
   11.324790115040166        26.580676157734516        16.772911125280022     
   7.6824171136871053E-002  -5.2571479366486908E-002   4.1834367881330957E-002
   21.018024144175271        21.392199572113370        25.983554240978410     
  -8.9736819853067831E-003  -3.1636060874796465E-002   8.7109486049593621E-002
   24.174298505153509        19.241183921944526        12.797185946334007     
  -9.8656290195723514E-002   8.6289975853788822E-002   4.2442422686477368E-002
   25.303164433264225        6.0099096529596201        2.5945851520383534     
   4.7065342046894200E-002   1.6887002425457421E-002   2.4410845107623477E-002
   7.1730426510580623        20.605608469688132        18.003272610782858     
   3.9506357514041100E-003   4.6559985394869323E-002  -2.3848979691316424E-002
   3.1918761522857544        26.814637474455811        25.692143706990084     
  -3.0803398503219444E-002  -5.2768883761078239E-004  -3.3796825237230627E-002
   13.925666658086721        29.512742946086632        11.037605627702172     
  -5.2060880262318247E-002  -1.3005137000356534E-002   6.5709223906038741E-002
   1.8515553450464401        15.284299899809946        19.593132895015280     
  -2.6127577715064774E-002  -8.0642176526122725E-002   6.5286073453157206E-002
   19.570809051841124        27.229173170192716        30.829600329855907     
  -7.3663305197422035E-002  -4.5831271462439323E-002   7.3080214474478725E-002
   31.991059969353572        12.573192777488755        5.2224597662698731     
   6.0508525727625627E-002   6.3244615629650086E-002  -3.9623948477322563E-002
   29.954347765352480        14.230069601044129        19.608221409686209     
  -4.8388564571303768E-003   1.8010303357504195E-002  -4.1622204166371898E-002
   19.797830614625713        3.7748639438830511        24.394801825671571     
  -3.1008532474392902E-002   9.5959710382112928E-002  -7.4143196220299246E-002
   14.015670349406824        31.726949205097583        31.083099443767225     
  -8.7127813458384565E-002  -2.5734567778712660E-002  -1.4085100331149377E-002
   24.720836050233363        14.464482393995970        13.786404819520000     
  -9.1772751550724521E-002  -4.2614295185382393E-002   5.6353503045225996E-002
   4.9928092159839457        12.494228292485190        9.0436659307659024     
  -3.6253221858334225E-002  -6.8828914177610657E-003  -4.4184287340961519E-002
   3.4547117636087981       0.31154018808386152        25.052292420178162     
   2.4682403473917893E-002  -9.9373192071498220E-004 -0.10816039440771862     
   21.225251555371177        12.569491003960703        8.8416104201556038     
   3.9345790767238480E-002  -9.8827095105034398E-003   9.0332704787487225E-003
   9.8060404252569260        8.5298356785318763        4.8217693180291805     
   1.8998027651300303E-002  0.16046127860370307       -5.0352059046555641E-003
   15.369457094188478       0.71244827626076723        7.8230582242943285     
  -1.6006521111645085E-002   5.3800715384636211E-002   8.5134890955371953E-002
   1.7583874198546630        20.243163596857187        2.3043463736962373     
  -8.4544236960632457E-002  -3.6984471252316693E-003   7.0554911479500756E-002
   29.358877870366772        1.7037668574645344        1.8086179070981718     
  -2.0543977752030063E-003  -1.4857380145567025E-002   1.3813730967231376E-002
   29.497559116112669        3.8837869832107166        20.331963874795086     
   6.2847644768622729E-002  -6.8899807426371654E-002  -1.7881812624065435E-002
  0.90742469468356257        19.653811508284743        5.8295539413992215     
   2.3318108394119939E-002   8.6487731710391841E-002   7.8372614582577459E-003
   19.769630550638528        5.7709493934176548        15.300077279014801     
  -7.6257243690177764E-002   5.5270541597589040E-002   5.3562592658569419E-003
   18.033440909438340        14.287853756781496        19.753804150849284     
  -4.6117363926594657E-003 -0.10725392787737827      -0.13738724214067435     
   18.574411329076764        22.216513430145838        5.2015458090591764     
  -5.4284763263552270E-002  -4.7634441487268329E-002  -8.4849511837898878E-002
   2.6109959047999545        27.605035335247212        18.131174197543423     
   6.5819410846726586E-002  -7.2949023199161106E-002  -8.6863520846704265E-003
   12.225314550891932        27.035338990700630        27.860794135395142     
  -4.9543234262045648E-002   7.2881525000884637E-003  -5.3693483482679582E-003
   1.8384042976682424        22.747436379757200        29.590275337747453     
  -2.3219733627446677E-002  -4.6169207371920762E-002   2.1500755488875513E-002
   8.6511638918561005        17.991498370096604        14.174331153226166     
   5.5721840008857035E-002   3.5941484565230837E-002   4.7085421154128186E-003
   5.7002021196903945        9.0254400466255440        28.882213566413487     
   5.7926971518337108E-003  -1.7416067882761125E-002  -2.9893069629023820E-002
   4.5387828560884458       0.94366726104958409        31.412670825532210     
   5.4370008087945669E-003  0.12596185719065520       -5.0884218139006801E-002
   14.408599575383771        12.914022041904236        11.665268872134424     
  -9.1862880554604509E-002  -5.5981043663112240E-002   8.3706496069183067E-002
   4.7167261009157126        17.253334855505596        8.2993266236680903     
   9.1537904854154764E-002  -9.1272912299681208E-002  -5.3958082458202647E-002
   22.879598310448305        6.1849034430099143        12.727374672128128     
  -9.6893051629825505E-002  0.10135146349124617      -0.13327541656473973     
   6.2541654104442195       0.45146733175963266        12.957589078789514     
  -4.8372389122306729E-002  -2.7356473842433938E-002   3.5512616966026180E-002
   18.496078191920034        15.385774605086173        32.008659338860518     
  -9.9370267007118970E-002   5.4209549135228602E-002  -8.3053497473488109E-004
   20.621752764276099        7.9821958191205864        28.044657449647477     
  -6.2786453848905591E-002  -1.3402276073898239E-002  -9.3493833055208017E-002
   31.200425066223282        29.859281356738563        30.729960009524252     
   2.3653562207912510E-002  -1.7405414460188100E-002  -2.6341058451575708E-002
   20.438844938683619        29.781258462310561        17.718401999621076     
   4.1551715375871066E-002   2.4700836494504254E-002  -5.2253534617364920E-002
   6.1864494573157538        6.3191032015331450        8.9854098782713834     
   4.0431526658815164E-002  -3.0541349667672336E-002  -1.7713542399602933E-002
   15.407662673801770        12.069793455939605        20.445095193296417     
   2.4221705436653473E-002  -4.8189999761000697E-002  -4.0784143513468908E-002
   10.074003812263554        10.521521671566969        22.765563586946186     
   6.9393033944264798E-002   4.1794446426839507E-002   4.0164387258808693E-002
   2.8723579529972829        19.607627860566847        18.213264630929245     
  -9.0344813316606223E-002   4.7247872782984396E-002   8.7719815272943539E-003
   1.3565722158203173        23.389706718250771        26.156481458255268     
  -3.0755767618228763E-002   6.3587355744046059E-002  -4.0197303274138096E-003
   30.822826993803442        3.7626649541258979        26.375467335539685     
   3.9917965617002414E-002  -4.7912271608909582E-002   3.6170447682563256E-003
   5.1351428718268632        6.7626318761436384        15.701897042156768     
  -7.5815111974725499E-002   5.6264154025834345E-002   2.2400972819881061E-002
   24.714599360852844        23.427232395853167        12.638693365338408     
   2.3351204936752291E-002  -6.2053180907075669E-003   4.9248862905927034E-003
   7.2398717856845138        10.967045110049026       0.47727795554036717     
   3.7858260229487350E-002   1.8254705878689617E-002  -9.5979897278505144E-002
   22.038535536974177        28.266119852703483        20.257962711465165     
   7.0482833072908577E-002   6.5240759095566661E-002   3.9527599631045504E-002
   29.704983737544215        28.599273964019613        7.5433050026752699     
  -5.4768802302991089E-002  -5.1210555532631388E-002   6.1516176376580859E-003
   17.377901629087518        8.1982985423626928        5.2906024337820021     
  -4.2513842547727311E-002   5.6294454979963819E-002   4.8451123173054181E-002
   26.637944409684909        19.813189031588955        17.443833614583564     
   2.3869517209159134E-002   4.3745809964222546E-002   8.2962529038328500E-002
   20.609698672434696        3.0833720246876912        16.943118025794902     
  -6.7356640136794724E-002  -1.1629004438433026E-002  -7.6533585270011605E-003
   1.6134805097506129        4.1584460784907646        21.602801425292615     
  -7.3558768874639094E-002   3.9280743116870354E-002   1.4169350957128252E-002
   16.499827857225565        28.634945930841191        20.026681239158918     
  -2.7198713364622023E-002  0.10269551803429884        2.2204592496469028E-002
   23.944654234071841        20.244478846306905        2.7693763057399710     
   3.2958791849731682E-002   5.4750095718969688E-002   1.5370872874458270E-002
  0.39729662455735987        5.1660122417944931        28.987135504690716     
   4.8089067351628934E-002   3.9242007312982208E-003  -4.8921720963319166E-003
   4.9149983134074905E-002   12.056175819157582        16.594669831000569     
   4.1494517847707642E-002   8.6272267920424583E-002   4.5212061678360531E-003
   30.891371386736719        21.947479934288207        8.4193162886582531     
   5.4539028105305018E-002   8.1290372243781550E-002   8.8149315420632493E-002
   24.077168963262455        17.828628836317190        16.169608947885727     
   6.8894157453248658E-002  -6.0049725217357956E-002  -9.0984430179487388E-002
   16.624993161197626        17.859840488741217        25.603831670853257     
  -2.2066563012452197E-003  -7.9196663721848130E-003  -5.5932405563466646E-002
   17.163711450889682        11.853698761892080        24.981943500551736     
  -6.4420421832284205E-002  -4.9752824507825798E-006  -3.3619192196258564E-002
   15.893618221749101        9.8179343827534051        17.112759701954122     
   2.6309725856504478E-002   5.5295071421564965E-002  -4.8342613202704228E-002
  0.37705957198004236        24.971316053559036        32.324853693669496     
   5.2147218964918605E-002   6.6585707438247599E-002  -7.9622766586817550E-002
   25.007161612949499        10.525043485030203        30.343258694160777     
  -3.6016378469944418E-002  -5.7195617074080621E-002  -1.6922339431398783E-002
   1.1434001744321831        3.7326938152912450        14.735624011883512     
   1.8870434296152674E-002  0.11354365098494687        1.6074044780909052E-002
   13.505007608052773        20.570782481291797       0.53811445812478220     
   8.5127435799821748E-003   2.2009341692044760E-002  -1.8246185050134513E-002
   26.282754853795542        22.354383640133509        9.8455396820995986     
  -8.3116210149515384E-004  -2.7557827864234750E-002  -4.7718910252371370E-002
   17.266831160485893        4.3430497921754005        26.989990220203886     
  -2.2210576578161764E-002   8.8661392452326085E-002   6.2803900861835085E-002
   3.2841633126690657        13.282903533349231        1.3781604997007446     
   7.2458256915775236E-003   4.0003468355071480E-002  -1.0906112099358534E-002
   15.106054806274940        8.5503127286428526        1.9929418115574107     
   3.0727180630300322E-002  -4.2346794077244183E-003  -2.5111518965807066E-002
   18.557629088301383        12.202884755217012        6.0339110656158716     
   2.6961891766808146E-002   2.1730765029797143E-002   2.6694894096602358E-002
   20.644087731228584        9.0530100307905421        7.9914815377223798     
  -2.4775136870418227E-002  -7.7796199598541227E-002   7.5080250492261649E-002
  0.19668452577331660       0.97639273624217970        23.052201066196062     
  -1.3041523934466989E-002  -8.0863485057614069E-003   1.0319646954553337E-002
   5.8375377841420111        5.0871340894471908        3.4330726429120455     
   3.5388847328812069E-002  -2.6497994690946842E-002  0.10939221016723891     
   7.5977443600975674        3.3537669959948460        1.2634667554595829     
  -1.7186550087176455E-002   3.9545874686008481E-002   3.9464991262877155E-002
   7.8838877260854909        23.482471622983216        30.065851523829366     
  -2.7373319529578652E-002  -6.3918899179179700E-002  -2.7619508125511501E-002
   7.3592276766024929        20.677432884260870        22.286142141680827     
  -1.5878158871251496E-003  -7.2115628630127337E-003   4.2703114228032038E-002
   1.8684468532953533        23.864743719902389        8.7295626133909110     
  -5.5444071619127365E-002  -3.5950032515781653E-002  -1.6184851319965297E-002
   32.467137942395951        29.882696655442547        19.321344950891458     
   3.7238323423296839E-002  -3.8183457364277078E-002   3.5534318656122346E-002
   8.4798521962969300        30.417028207274207        10.775355277061822     
  -9.3399476461068359E-002   5.0201082637662611E-002  -8.5890821203261827E-003
   4.8180571612372907        12.908624819621087        14.326305791990020     
   7.4211428396107212E-002 -0.10361934331510787        5.9594668304317880E-002
   20.996485712395653        2.4996115820966871        28.910495513651274     
  -8.5062609687256305E-002  -2.7079074825383468E-003  -4.1108297794625534E-002
   11.575498123751141        25.418213303994410        5.1526732131908286     
  -9.5429985279427532E-002   2.0382457088022023E-002   4.2368424106140196E-002
   19.582601395072409        1.6458101911639007        10.391784513145952     
   9.1988525200248639E-003   8.6116812490541501E-003   6.9567156669592803E-002
   25.175330755327892        10.478776838866260        12.911063199810563     
  0.10858471848055151       -8.2305064337941714E-002  -2.6584773061333168E-003
   10.911951609164664        2.4651839345698128        22.896983651364067     
   5.0835364737552007E-002   2.7876675164803084E-002   4.9042106775735325E-002
   15.060374605396364        4.7062330051350942        7.1152216289428569     
  -8.9154511279020982E-003   7.0740354707390513E-002   2.9472508009747876E-003
   17.835965305659531        6.7754179567761277        8.3259533405123953     
   6.1264968477138138E-002   2.9427243135389459E-002   6.2341280140939342E-002
   20.969193598875126        28.788692876661777        1.1608861446257814     
  -3.5333501813289765E-002  -1.2504172058619411E-002  -8.7614369140343817E-002
   4.2565594010379222        23.478660402819990        16.436021194347187     
  -4.9886304666942584E-002  -7.1346490561807224E-002  0.13449877117435841     
   4.2017671409861954        4.0278905310368938        13.071178178413776     
  -6.6418169219847598E-002   3.6436400846903402E-002  -2.9626084552305726E-002
   17.250782897137313        13.720703493110422        16.664042314771404     
  -1.6328764887166610E-002  -5.8822921076649550E-003   4.2063477574963481E-002
   22.355893853405412        17.243859554442473        21.979149431423281     
 -0.14147677778875017       -7.6919389651025336E-002   4.5730223478220408E-002
   2.2523407452932571        3.0821625388415330       0.38938102424310223     
  -5.0057286455971343E-002  -8.1007516054375454E-003  -3.6450564272931363E-002
   6.3864598208370875        29.348647923071027        8.1456282450627135     
  -2.7769334949109745E-002  -4.1665949575940914E-002  -2.7000540084771901E-002
   3.6417212817436302        24.285024272431308        5.6801169698753622     
  -2.7963059233150071E-002  -4.6105153838113380E-002   4.3143028669307110E-002
   21.450476194259231        13.722225336754452        20.886830646298225     
  -7.6010090372951866E-002  -2.2933606516790481E-004  -5.5295521265307575E-002
   19.818222815442656        10.093638418355802        30.782727693495612     
  -1.4435017253068469E-002  -1.9563323337480999E-002  -3.6520962342234224E-002
   5.8236775076993599        27.447283809228434        16.947356816964881     
   4.8166502112239613E-002  -5.3140758716882404E-003   3.7215973283099392E-003
   3.6556245767194149        12.030433732389222        27.530041440222938     
  -4.4930993207344151E-002  -7.1335716021479437E-002  -9.4692064501684925E-004
   7.6454510638025148        19.513280725587574        7.5671520227687594     
  -2.8193336913213780E-003   3.0132560034233254E-002   3.1864590980049450E-002
   19.825626001686807        23.629065101715405        30.909772702806983     
  -7.1239696015479331E-002  -4.9466268999542186E-002  -2.1287812360575718E-002
   23.791169676627341        10.504954611835318        16.592567652047620     
   3.0749731182802557E-002  -7.8691172722520741E-002  -5.5016748479678960E-002
   12.271304032298252        21.927664623392307        14.086659831045013     
  -8.2675266828704547E-002  -1.4762704239965460E-002  -2.8527675946512731E-003
   6.3092176408992611        20.439416049903365        11.957996482538567     
 -0.14170170234494048       -2.6974698351260470E-003  -1.5432555004395460E-002
   31.091516965048921        22.280512196766800        16.918570292204738     
   8.7713021598167476E-002  -9.3074915582115666E-003  -8.4320882696840133E-004
   24.653949548572307        28.621357723761431        17.533920813308626     
   9.7222175349642156E-002   8.5629258525644087E-003  -2.6410735130470799E-002
   25.072929679451612        7.8446807925271465        20.065750552889384     
   1.0255188664393265E-002   4.8779909640112723E-002  -8.9229518709787875E-002
   7.4582553682956751        25.849719394608275        4.6573553232113492     
 -0.11276157535431829       -1.8500043584821980E-002 -0.13811399901515345     
   22.513714560445734        7.6549541828082761        4.9164326624490284     
   5.8858805939472077E-002   5.3000600186602111E-002  -4.4326978186241123E-002
   16.594576976869359        12.470442078985620        1.9264454455983027     
  -6.7866241303258079E-002  -6.5111797543591546E-002 -0.10027502268377213     
   11.051725187591222        4.5471206618533264        14.690136917229903     
   5.7696280134755487E-002  -1.1209583897857209E-002  -3.8372889539624193E-002
   13.541451344339045        25.672481704370302        21.858254466891257     
  0.10667332286247419       -2.4103104730288715E-002   8.8763855634901745E-002
   32.188222604312671        27.842734624403189        3.3553320941346438     
  -1.4857401235521215E-002  -2.3676472427485114E-002   2.4101096182235597E-002
   11.093050837954687        1.0084574411367688        31.672847729994263     
  -9.3028246940414006E-002   1.3639894364561870E-002   7.5036687678768699E-002
   16.944800240293265        24.916757293803393        31.098617073680735     
   1.3669116376457638E-002  -2.8681883724169851E-002   4.3476595782501057E-002
   29.742630097339237        6.5759864988947871        9.4004701773223989     
   2.0475203531828360E-002   2.6515752625772094E-002  0.10413077190867438     
   22.561919054460763        2.5332473879677573        25.623889453740279     
  -1.9640665725421596E-002   8.4962789482098441E-002   6.4247868203287706E-002
   6.2109832529989530        21.029621861189533        32.198514662991315     
  -4.1247832830759272E-002   2.8647484629539841E-002   4.9717682353824358E-002
   30.749724670006817        22.563521548233922        30.363965046817345     
   1.8130091324708240E-002   2.7308325825409576E-003   1.9470348995581494E-003
   9.6572507941881582        29.776048192321966        3.3355823548467805     
  0.13987187545039620       -2.5899795623892698E-002   2.6244537187564098E-002
   29.610986305010865        9.9366803850570378        15.342126307864341     
   2.7733604279000904E-002  -3.2183741349186626E-002  -4.3598636759369473E-003
   27.628007399641582        11.390209033878687        7.0032025879474045     
   4.0831026364702129E-002   2.6826175273047176E-002   3.3229822836811550E-002
   29.771359959335552        25.521569947332718        28.117188877696595     
  -1.7952384021552709E-002  -2.0867884730365837E-002   1.7301807684352789E-002
   24.734556476775488        7.2323574256884395        16.603032756555208     
   1.5731098761272919E-002  -8.6979957909046109E-003   6.4135098595554052E-002
   11.238031268018705        1.0005808386608857        27.397884363678216     
 -0.13909110064837715        6.3768821423387020E-004  -7.5424064011765709E-003
   23.887291770576166        8.1028763077304884        32.359925974128309     
  -7.3009151523798568E-002  -7.7241756279265994E-002   1.2682506326959131E-002
   21.700454562440864        30.373882707205812        23.596750061757341     
   3.2908986718987038E-002   4.6351500649454258E-002 -0.11311975265514597     
   19.752257028257059        18.780127843264683        27.779489443416409     
  -2.0067209938786901E-002   4.1174419606831901E-002   5.2330379879940173E-002
   9.0789616471396251        1.8307910192616856        18.607354580446053     
   1.9976003078481099E-002   6.6747490409686680E-002  -1.1068090034731698E-002
   12.466536514841499        26.541200680653368        8.6311781140816421     
  -2.1310341223277414E-002  0.10232729023426927       0.10168095692792525     
   23.901365500935277        3.0628951871789445        15.164825927276988     
  -2.3363879702245616E-002  -2.3090893504454545E-002   2.9599184265166223E-002
  0.92800596629056387        10.898810509817887        12.799735185790654     
  -9.8887314695792101E-003   4.5410322820963175E-002  0.10465419622759738     
   4.8633330040035565        16.198752557066062        25.136657786780532     
  -5.4216846649792544E-003  -7.4189660090406201E-002  -1.3562286631963934E-002
   6.6171712105633143        9.8332639527806744        10.445191210974929     
 -0.12635579749670386       0.10561182108996760        2.3560308323848353E-002
   15.287218197128270        16.290682728142105        18.869172400730289     
  -2.7151715571893054E-002   5.9608674637582446E-002   9.5333077464893785E-003
   30.477974135396845        25.550902669798340        18.111623390916808     
   5.1219714822786311E-002  -2.5907261673117538E-002  -8.3018338141263373E-003
   14.245640272498200        29.065396401315148        22.482564334279449     
   6.1393836599608578E-002  -6.7083805540341698E-002  -5.8928080730307440E-002
   1.9787893838857451        1.7931745866845326        27.682200620893497     
   6.8316467524072499E-002   5.0368625719937221E-002   1.2915046475044977E-003
   21.929036073183624        16.930733425719048        25.892100642427735     
  -1.7546952308062681E-002 -0.10058638568414698        7.5765990293570298E-002
   16.427615091233825        24.835082690473115        9.1701845640068136     
   4.6368700857765788E-002   2.2594960982930009E-002   7.0453205983919218E-003
   18.477462406466227        2.4114228139520764        21.193028527134178     
  -2.1471633609291630E-003  -1.1276221324223951E-002  -1.2775592504517413E-002
   23.019054121572790        4.2421403965824975        19.239225342784696     
   8.2039446583681452E-002  -1.4222337726697174E-002  -4.1103032660499292E-002
   9.5084827204441282        27.443274215066992        7.0811156366202264     
  -2.0914574212463287E-003 -0.12479354626019708        1.4412351265437393E-002
   25.503295132113948        6.5599543185811315        25.240241162506205     
  -5.8161773885160523E-003   6.1267650825920859E-002  -2.1736923834034853E-002
   8.3193611477782614        25.281163257837747        14.962758247317488     
  -5.2825778881246406E-002  -9.1749962635632055E-003  -5.5921729408393239E-002
   18.131689860860433        7.6616059488446142        24.640737012117089     
  -8.8406494848926633E-003   5.2878010908799740E-002   2.4239149602405405E-002
   32.493489727135923     
