   19.082773352515598        1.0662047226222906        5.9227582988736351     
  -2.9344071138618258E-003   8.3340150738934624E-002   9.8240029452428768E-002
   10.129379830219520        24.146196208406877        26.750602081263377     
  -2.9323316440643513E-002  -7.5778158141125582E-002   2.5810229652240415E-002
   18.232565088355948        5.0511318152479161        21.985173271136983     
   4.7383413563724767E-002  -1.1662699361347133E-002 -0.13832427362482375     
   20.447216958046248        20.747382268373922        11.227132227766765     
  -1.5324411153501822E-002   1.1292545019060852E-003  -3.3794512776263996E-002
   3.3008181136975447        20.742725018208308        21.019719156495363     
   7.3540905212609115E-002   2.4215267288697603E-002   3.8086521197477109E-002
   14.807563762860047        25.827051276702999        9.0762233818592115     
  -9.1208452897995437E-002   7.3959434229884324E-002 -0.10965592996410010     
   20.393260887695682        11.906980175764490        14.520202840344934     
  -4.6146939895123418E-002   2.8383821999894514E-002   2.1255172746933351E-002
   10.128894893088223        16.090215146934195        14.439722835142872     
   2.9906134069844032E-003  -8.1950385780137344E-002  -1.9011569912460342E-002
   3.8705552205731255        21.164332316554574        10.417988489697315     
  -2.2423413405995723E-002  -4.9915445115417900E-002  -1.0927524612699272E-002
   16.432855066968319        27.698112123883554        11.819494769404585     
  -3.0899542802963090E-003  -2.7772757423110590E-002  -4.2788943992544959E-003
   26.157889391506952        24.919572565838386        21.948724278915822     
  -4.6620716403621885E-002   1.5355380822875409E-002  -1.6338834367944061E-002
   6.6334087989838819        4.9655598066803899        7.5926313526451565     
  -6.3350273283775058E-002   6.5597354736824404E-002  0.14307901380916149     
   22.999726547832214        12.619545263955855        6.9956434057043122     
  -9.3837393553617088E-002   7.3099346296329262E-002   6.0632597421443085E-002
   14.299754517156948        25.532216263887825       0.58312757618924049     
   2.0902716333157472E-002  -2.2513189119341005E-002   7.9759391609751082E-002
   17.564113516577155        17.821774277218580        5.1241795548466351     
  -5.1776572587287330E-002  -8.3393072858806826E-003   6.5372760130133184E-002
   23.494461352588800        22.388525483142399        15.293126694151200     
   6.7376076950036862E-002   7.4887992737498757E-002  -3.8277276818097852E-002
   15.252800131819169        1.2401272963928625        28.296673112760001     
  -4.3604614054653310E-002  -1.7169131630579437E-002  -6.2392198308048673E-002
   11.996833647682065        14.056122523484978        11.663158544577804     
  -3.7407904549013388E-004  -5.1403694089914791E-002  0.10292618792074289     
   13.865267107848181        15.214479266795458        27.580121726039280     
   6.2971618379036823E-002  -3.7600805195495357E-002   4.9612687095441789E-002
   27.654533600243713        24.173640974843472        1.7278722839694527     
  -1.7267990144013230E-003  -7.7245750993027537E-002   2.1840921126218459E-002
   9.2226876438887562        2.5379211547732159        24.300888137620444     
  -4.7397565470364209E-002   2.6837017799072545E-002  -1.0017443307324511E-003
   25.023121268097409        8.4885828643090981        7.3811224264109434     
   4.9813509339746327E-002   7.1516296539437793E-002  -5.0238991994200635E-002
   21.573268308746826        2.5797814220906305        18.447535026572517     
  -2.4229367215252293E-002  0.10402721129014980       -8.0948312458244600E-003
   3.7219937913612666        14.649410696879045        10.992146237278002     
  -9.1964466300236344E-003   4.0382973025690029E-002   3.0062248284550425E-003
   26.976435763909073        3.3988294459237940        23.862863504356781     
  -1.9537043002018327E-002  -3.6756250943099579E-003   7.5175670775588926E-003
   24.737767942937158        15.254797696365241        18.968875981274344     
   2.8040169939381868E-002  -2.8009975889960900E-002  -3.1242655798272401E-002
   7.1258279835828233        26.324495727631366        27.977672287243351     
  -7.8674366727104102E-003  -2.4848728456435366E-002  -2.2998670148570256E-002
   15.022819702928439       0.98520435583119093        24.031345111623931     
  -3.8598713989389396E-003   6.9021405797666274E-002  0.10584933504036985     
   2.0678116455169886        23.827058517244723        11.234622751133150     
   7.5630769545213333E-002  -6.4205598549998480E-003  -5.1577076312385235E-002
   26.732166181642967        18.208587972526015        24.638201095306755     
   4.2304063281557960E-002  -7.3847263805941116E-002  -9.0998288834093846E-003
   26.567319993768940        1.3198536458037342        18.045068840153789     
  -5.1951854354359887E-002  -3.2668318203847573E-002   1.7499684252686571E-002
   22.633924833287953        14.419540088662725        28.692030180458293     
   1.4812365768279698E-002   1.6086301700767098E-002  -2.2803270006338642E-002
   17.455868701883258        10.539533388258462        3.7137495194932848     
  -3.0514031916877198E-003   1.9206445069889295E-002  -5.1041758644314074E-002
   5.1821601321849950        17.826951192535518        4.9458899408147836     
  -3.9546489753262484E-003   5.0712229864991611E-002   4.4535071312891465E-002
   22.870318353859965        26.984297690700462        10.430793185564255     
   7.1666965347726125E-002  -9.6802648841914807E-002   7.2819196078161674E-002
   13.807286196533644        2.0780277765148010        5.5762496687221521     
   4.0751566530503732E-003   3.5411544963589753E-002  -4.0562958944194503E-002
   24.825177603178627        19.605430591051551        3.2187028842836574     
  0.10396052847354520       -3.3928197029148115E-002   8.3142315318918789E-002
   13.084288682318052        24.234592120663731        4.2443274207370392     
 -0.13551648389344209        5.3443067750656569E-002  -1.0143246625554631E-002
   18.619088482492433        17.616528234159539        24.274208362362067     
   7.2226756279438031E-002   4.0347995946291973E-002  -9.0452533740366631E-002
   21.566924216017714        12.101708346975816        20.567460004590643     
  0.11716871887169830       -2.0179930624853990E-002   7.6617931039597700E-002
   21.455978909856977        6.0785391418069619        21.241846483425562     
   3.8385640337257172E-002  -3.3558526216927252E-002  -3.3981870502437533E-002
   18.557711971752035        17.629019375973812        11.890913102039748     
   4.1587332769975761E-002  -4.4638971047100205E-002  -1.7946127485112279E-002
   9.9371033870335825        4.9404424011444963        26.104476929579203     
  -5.9838859614640492E-002   5.4229996092369309E-002  -3.2279549760157455E-002
  0.59967461826130009        27.188769521961945        1.9114585958248715     
  -3.7072420579882409E-003   1.8479938113053467E-002  -1.6676498347726547E-002
   5.4405525835111144        3.3440095807982857        10.207272044091427     
  0.10238618395613906       -3.9867078439433143E-002  -5.1679886255701239E-002
   2.1635514792062351        16.275669558891945        22.536807314544710     
   1.8012765469376014E-002   4.8125276120697898E-002   5.3956114427847632E-002
   21.393412718655295        22.476594271723393        25.325254495538111     
   5.0431693386972370E-002   8.0443156406672461E-002  -4.4121756183875989E-003
   7.9596445964820983        1.8491465027887342        27.927037594191471     
  -1.5149208132443697E-002   5.2469658896725821E-002  -9.5564927143775208E-002
   8.6918162780225288        16.016238495868091        18.726070813803066     
   5.9213800173226770E-002 -0.10965847076670368        1.3850282249693351E-002
   18.972863734114096        10.546656161459920        23.931944677692005     
   7.1238197348624507E-002   6.4801060285985630E-003   1.9919465086976257E-002
   1.6592706177904750        20.780024776645508       0.77858940224511397     
   1.4067968431114342E-002  -4.4703241413592026E-002  -3.4625035532165525E-003
   24.469470944770780        5.5846728078191807        25.835721005667818     
  -1.1226877945851548E-002   1.1681422571154244E-002  -2.8317126754163025E-002
   3.9787647928110061        19.165991838791875        16.375580725323825     
  -9.4879143578262565E-003  -9.3663939589124483E-003  -2.9980297822869387E-002
   24.011663935725998        8.6727330212872840        19.106089494842866     
  -3.4867550803955281E-002   1.5956217591921111E-002   4.0534460318435522E-002
   12.980187608103291        6.7191312031638031        25.994149990115062     
  -4.9554397989263171E-002   9.7939283654978657E-002   2.6108589172704120E-002
   23.258034613421067        2.4415170162464950        4.1947398185415565     
  -6.0308665730360329E-003  -3.7831046506590894E-002   1.8496582531371106E-003
   20.842426608185946        4.2105993328433398        7.3152079461793482     
   5.9905019311058731E-002  -1.6793972944205763E-002   7.8213407827117151E-002
   18.126183688231915        3.1486934412173957        15.354212279873044     
   6.3132263842271621E-002  -1.4556192132594063E-002   1.0562483249754871E-002
   24.254097323304880        5.0327506914774212        8.9359584547337896     
   3.7749201389099700E-002  -1.2912043422291240E-003   1.0476677043077922E-002
   2.7178182233670523        13.052697512301947        27.819107479915584     
   9.6808461851189090E-002   2.7308502484109015E-002  -4.2300531275803396E-003
   27.451177747181703        1.0386848453811686        9.9819097004858381     
  -2.8345880335020491E-003  -5.4755306344991282E-002 -0.10055494252861459     
   24.834743504990087        3.7671801348329526        20.868029635886280     
   6.9421607100352391E-003   2.3619427240372033E-002   4.5910574804504320E-002
  0.83341333011988761        10.003720598725957        8.1665003679296788     
   2.5220844426353313E-002   6.9394872168338090E-002  -8.2475458487767730E-002
   9.9094777344018894        6.1319575371974029        12.105759836422449     
   7.7818674960897696E-003  -6.5135210828839191E-002   4.4449297784917415E-002
   27.524109566994120        27.125519619189244        15.591636221763851     
  -4.3827404690162733E-003  -1.3088075401244926E-002   1.0577458737204224E-002
   4.1498119953874921        18.299709148673607        26.137326596434345     
   4.4317996889167550E-002   3.3995731639388967E-002  -5.2228130210704792E-002
   10.372502255744049        14.770474013311183        28.431403637553366     
   3.8120237399507734E-002  -1.5299805019905627E-002   4.1388829436676149E-002
   22.602613741603115        20.950384304678714       0.26730481106184562     
   5.1775238052914084E-002   3.8602116847308021E-002  -2.1228899482949386E-004
  0.60576241296127686        17.226128985641132        17.083194023508401     
  -1.0077586260784494E-002   3.8555804462623612E-002  -3.4930218723301029E-002
   28.544520136899145        24.280759966195699        5.1737765387983234     
  -1.5290545248659410E-002  -1.0955592856385313E-002   8.6172035892178062E-002
   7.1772986101227509        13.472834180774493        22.230748408502322     
  -4.0734109953722779E-002   7.1518328278548815E-002  -2.5319927052180894E-002
   4.7153802841874910       0.77316555486198446        27.071646009936963     
  -5.6740144344963925E-002  -1.0604971977734414E-002   6.2466678513497381E-002
   26.873905098651303        7.4166782602338399        17.208441644537455     
  -3.0608664374290492E-002  -2.4854710120077807E-002   6.8008652803537961E-002
   11.032898327954102        15.407057818375053        24.959932871460779     
   3.0782510060674749E-002  0.12877611679862913        5.5052272615781384E-002
   11.900832465317592        24.093442733310319        21.688764879613171     
  -7.7824226764499072E-002   5.9889967190599339E-003  -4.2145519370112058E-002
   1.8217734881100771        2.5928071245166073        3.8534765153121078     
  -1.9079502691310188E-002   4.8938328806359968E-002  -6.3304945553700448E-002
   18.077665256843769        28.360487948440504        21.069673137832297     
   2.1381917544096345E-002  -5.8484158201517492E-002  -1.5990191696544451E-002
   12.112394766242645        27.143950014198637        18.709526997096319     
   6.1979932661084508E-002  -6.9633340374518557E-003   3.1179568210902158E-002
   19.356228736140800        7.4892793616102216        6.5709778525953091     
  -6.6310621970031250E-002  -2.9966107508857490E-002  -2.0019503438203193E-002
  0.87989408731376795        10.102022630211167        19.270624495669178     
   1.0181456389746621E-002  -2.5509080989990916E-003  -2.8246628965687373E-002
   13.144522751151786        3.4103641774105378        24.771905260240501     
   1.0445862882235471E-002  -5.4905409800575379E-002   6.9228214532127495E-003
   8.4339892462389390        23.037729719880929        20.537831765708074     
   8.7314908135126698E-002  -2.0011876368610668E-002   4.4147383080573907E-002
   1.1394839406764412        24.362536335590701        20.708274497095573     
  -8.6382922448685236E-003  -3.7394782595338828E-002   3.1521802310141483E-002
   25.740776103503482        9.0409629400089973        8.3400146556580866E-003
  -8.4899817792439512E-003  -7.2474092056884182E-002  -1.0829117647775917E-002
  0.84048331574103841        2.9464849540287954        26.973594640136604     
   7.6049034440612354E-002   5.0297002329969732E-002  -7.8378745156745880E-002
   12.494696399991385        20.657708734530953        20.106855368686961     
  -6.8854352786571316E-002 -0.11918137086449138        6.1435998472586850E-002
   26.018089767043900        11.407174180438123        5.6199064073646392     
  -1.6861909449591306E-002  -5.2595536538586219E-003  -1.4864563849529180E-002
   16.137182154145375        21.861051680399797        18.888276635226173     
   2.8817455970252476E-003  -1.1383309697855464E-002   3.1059046448461403E-002
   2.6558656110612806        16.690018428502761        14.157173030582866     
   3.3844597353202381E-002   6.0046216408237311E-002  -7.6307957432916448E-002
   13.740437188724734        18.940647211998211        1.0407090878668643     
   9.5437426297712125E-002  -1.4202566206779777E-002  -2.0108869914833565E-002
   26.779307847667777        10.040279869021285        22.047020478671982     
  -7.7781462724942144E-003   8.5301830672364787E-003 -0.10741513838591531     
   16.705264336628460        15.324729000727828        2.0151549887921414     
  0.10527020841113828        8.3025019785234647E-002 -0.13197948962010764     
   4.2411557969903795        7.4158562276718669        4.6775169586008332     
  -4.3614948366853680E-002  0.10930040356589564       -5.6797875500621785E-002
   24.903875281842659        17.793777227554827       0.33663301670175444     
  -2.2275553704836790E-002   2.5918996410376167E-002  -1.7154922003525742E-002
   13.183816758708719        27.009012920340776        22.210460812069087     
   1.9992709621049334E-002   2.8739345239850184E-002   2.0454944589620282E-002
   1.3944148999056771        3.4932732064383738        10.604120059458497     
  -2.8567565520317112E-002  -4.3506112163885627E-002  -1.1875561465273644E-002
   21.823994834719606        26.635524303838988        27.679947130838240     
  -6.6566456228191800E-003  -5.0317014785781732E-003   2.1263508235676118E-002
   16.306782517909838        24.291328839725661        11.877573660952198     
  -4.4730564658213852E-002  -3.8852569883782329E-002  -1.8077648487975741E-002
   24.748298500329668        7.1710245189478430        22.331758579627081     
  -7.5180129771339602E-002   4.9234212142924547E-002   4.3625099310294043E-003
   3.8916622225947006        22.683581789099353        14.921349254960148     
 -0.11389535020080810       -7.7804561607870250E-003  -4.5120362378357301E-002
   8.3157405771544006        25.956975656409483        18.130550138603624     
   3.9196382909101983E-002  -2.4357352717545414E-002  -9.0198891991451327E-002
   7.4675538205148051        22.191438116222411        17.441398540924691     
  -4.4962003306280279E-002  -1.9673661378931300E-003  -6.9633329639453775E-002
   14.946699690673253        23.418850003268993        24.212133311369598     
   6.6109428898595390E-002  -2.2859473456669232E-002  -2.5628599530438681E-002
   11.654950545039183        14.128715134685677        20.130035113147116     
   1.3114140818832611E-002  -8.6224111364294989E-002  -6.0616321231667616E-002
   5.1596074633462434        8.3453708191591467        12.338104070999783     
  -9.2554792866590633E-003  -9.0567571418443377E-002  -2.7104071407664177E-002
   26.647595132208743        2.8824134640071013        12.954782384764862     
  -3.7820435608076991E-002  -2.9333415131003990E-002  -1.5736257418554212E-002
   24.642676935118658        24.771557838816904        18.876104516109109     
  -2.7209327548436444E-002   3.5361383335131356E-002   3.2995307186277794E-003
   15.789268035209751        23.119926188356342        2.4011619191114231     
   3.1003018482811378E-002  -8.5223583147418333E-002  -5.0088254197358247E-002
   18.486278555027457        28.595211056510824        16.875285088876790     
  -3.5391001805194229E-002   2.0007900655556399E-002  -2.2397155848602635E-002
   6.3914703820755774        15.354435909761607        12.912854952408273     
   1.6870053821297328E-002   2.7718188662243973E-002  -2.4881983094239963E-002
   15.164586533622071        3.7922469701281925        2.8048554863529596     
   1.4938619289934982E-002  -5.8597059695479362E-002   1.2062553007696347E-002
   15.438202780185403        15.218106934040749        11.798307941588407     
  -1.9637434091648347E-002  -6.5047585036281108E-002  -7.6369790937171125E-002
   4.8164855436472749        25.213353348863013        12.415562870932435     
   8.6664351906285977E-002  -7.4449323142508517E-002  -2.4002804018449689E-002
   11.645266021824108        2.0358068307808819        27.875258493134154     
  -3.3314163856694194E-003  -2.0813873230105223E-002   1.7357713406912830E-002
   24.849659261495319        19.197140477889700        13.625083222222514     
  -3.8970517622334923E-002  0.10751167263703321        4.0272204693301707E-002
   4.1628558764466339        13.903859864404918        6.5765325271368287     
   9.4594393368067298E-002   4.3721146871221958E-002  -5.7500162093311623E-002
   12.728266843570738        17.800024552585160        12.437718621587592     
  -8.1774382649363153E-002  -3.9444279043658402E-002  -1.7560377796771290E-002
   4.5729039552902835        1.0381685748906544        2.6179417691092310     
  -5.7587866688968488E-002   9.1029193838187111E-002  -7.7420437939639736E-002
   13.094803994208542        12.620373534055380        5.4251121122712300     
   1.1910966265199762E-002   2.2760425599639505E-004   5.6870904214008637E-002
   19.765252816442938        23.832921985022864        9.4607655595052016     
  -5.8816359898696075E-002   9.8934453952077318E-003  -8.7606177668946073E-002
   26.662660694156706        11.160513597003387        17.118474934076989     
   3.2854618885678095E-002  -8.2472019123337167E-002   2.9035429021564734E-002
   15.996553531058893        18.694826105257018        13.829464085377209     
   5.1307251995181075E-002  0.11828082836012822        1.7505368367189376E-003
   9.3150452172830533        12.568923919519886        13.823052887209746     
   6.3666567930757048E-002   5.6652505614381350E-002  -3.1864888308701558E-002
  0.56781214019973569        21.263449252581399        8.5515143984482567     
  -3.7686712593393464E-002   1.2882033294372795E-002   3.7451227819952478E-002
   21.269871751045581        5.3463957317139332        16.001435250009980     
  0.13864018019445168        2.5267290666725634E-002  -9.1127028385901490E-002
   14.558879546818977        9.2322401256514528        4.9235847761367397     
  -1.7733315944581787E-002  -4.6249812045931711E-002 -0.13975495886662662     
   20.301445624730729        26.072753292128674        5.9983581286984267     
   7.9892115657680743E-003 -0.14050695885360834        2.4268449325297876E-002
   12.630387470050385        21.831846064992792        27.503953368867084     
   1.0329443166192370E-002   1.7409467770285920E-002  -3.2800251554590105E-002
   26.424591670520833        19.162042923063776        10.358606013766954     
   2.9129816874273927E-002   3.9031134548387345E-003   6.1903919498326979E-002
   15.500994157899191        26.742825475919073        15.562127072484992     
  -4.4094849977663858E-002   4.9872972392337733E-002  -6.6475188803718693E-002
   3.6969587751727198        26.851726304227466        5.3072690462164669     
   7.6324004254412206E-003   4.5448834757589381E-002  -8.3111249901843993E-003
   25.660680502924215        27.282443722684310        1.7443859860884017     
   7.8759210678163438E-003  -8.4359662686332909E-002  -1.1996794760238846E-002
   17.816809417729651        24.929995625664603        17.598965801080652     
   3.2804931918877012E-002  -3.0999861448718379E-002  0.11929600055811876     
   4.6470144532263005        25.660838606454121        25.942895338077747     
   2.1760108983023243E-002   1.1690280660472717E-002   5.8791444153862898E-003
   15.942369746205191        11.835809934887516        1.0491164777094435     
   2.7845524044039019E-002   1.1158884971271814E-002   3.6529215535860112E-003
   24.895149777498119        23.719419448679528        24.604329803225827     
   1.7055747680301887E-002   4.5124275064793773E-002   7.4820996395568579E-002
   5.9284176805002184        19.393500647707359        1.5612739076963240     
   5.4038972879264985E-002   7.7071767819349463E-002  -4.7581989085457743E-002
   16.292507280984548        22.859274617674426        7.8566943952724051     
   6.8407243625774397E-003  -1.1449389355588580E-002   1.0269586124042523E-002
   18.941728169879784       0.22897292583966319        24.659801937468419     
   2.8285512592774450E-002   3.8656477360741917E-002   4.0923009223669440E-002
   17.424809314626692        9.4526866424102298        9.0476436240038129     
   5.9067390878617676E-002  -8.1051768517373862E-002   8.1436001133313216E-002
   15.871811084786588        11.315352295010920        14.244077391097747     
   2.7604831528692909E-002  -6.5546818633633042E-002  -3.9101684702652136E-002
   27.591743555830917        3.7022587743137048        6.9048440164234703     
  -2.0578901290497043E-002   3.9997056063081262E-003  -6.5086288505155063E-002
   25.075701404755677        23.065939513062521        5.7121198781906504     
  -5.1309447933324676E-003   3.2252190459392448E-002  -2.0566780047133876E-002
   1.8802459669308416        9.4405659248311196        25.144035157464735     
  0.13350387723383200       -7.3148305452767556E-002  0.14071853528023190     
   19.514209817551439        27.654295943733448        9.1724741840321009     
  -1.5488288927492736E-002   6.4366668370625060E-002  0.10562473782331472     
   21.502704095370603        1.6867754683762741        13.435050565245962     
  -9.4484772653291513E-003  -1.6850782708151515E-002   1.0127788458347602E-002
   4.3765802386859631        16.127855433906578        18.318236391512158     
  -2.5330924520320382E-002  -3.5116510504629168E-002  -4.1676717545335265E-002
   7.6117359390601687        6.7559302174076441        19.272326028144196     
  -8.3735040037659303E-002   6.8048555822220316E-002  -3.7261975447217051E-002
   7.3661479999721218        19.262976918742375        23.782580632830992     
   5.9561669477293508E-002   4.6181957011004549E-003   1.4872563220455957E-003
   14.072796222336988        16.989222665573966        23.868452672676259     
  -5.6408485829888763E-002  -5.0748661108861393E-002   2.5568768802673603E-002
   5.2495337524905974        8.9713127096116629        15.879856560648154     
   4.5095952801464396E-002   9.0561208498591728E-002   4.2276072661112229E-003
   1.0179737527425785        2.2864599310109774        21.061585595077783     
  0.13171772976216303        1.4095742430109769E-002   8.1250286458959514E-002
   25.120096160167471        21.270234620493337        21.813767396961961     
   3.8978829845846830E-002   6.5901650327426925E-002   1.5446422487085866E-002
   16.273662644839504       0.80806327024142055        8.3921296489917641     
   7.3310678775189334E-002   5.5835289443021130E-002  -6.2606433532705244E-002
   24.071380896529941        10.999109330401049        14.941055407975629     
   4.4488900256328678E-002  -1.5776747589091290E-002   2.5129373764515704E-002
   5.7659108942709727        14.850926747880983        25.880812224971738     
  -8.7055992132615126E-002  -3.3532847083167380E-004  -4.1176854695971016E-002
   16.885677652930134        26.547930637033357        6.6420474518902584     
  -1.8376692181976673E-002  -1.8105117352986429E-002  -3.9173469615023668E-003
   27.259225694869880        22.464483837007979        19.420705824343621     
   1.6545805698618594E-002   2.2689631051917861E-002   4.0675217995676263E-002
   5.7236339043965954        26.039383849471321        21.827579863273375     
   2.2078065598748642E-002   4.4819729595514904E-002   2.9585771321904559E-002
   8.4825721963622076        9.9457589624568978        17.471028757842102     
   4.0059830636020050E-003  -9.3486566998254264E-002  -5.1867274693939642E-003
   12.782871359429260        5.0721244877991820       0.93733897682667044     
  -2.7676901379574282E-002   3.4859365355059693E-002  -6.2370352909759307E-002
   16.248478153128413        22.045984339959588        28.109902219885189     
  -2.3264266600037269E-002  -8.8392684456220713E-002  -6.2636174551206026E-003
   22.489710995950336        28.030144804885435        2.7105763985589322     
   6.5297672922156352E-002   3.4263829946626981E-002   1.3967625616390174E-002
   1.8513836448419574        25.720413496470211        15.093670441449579     
   9.7353376676595091E-002  -6.5940910089457488E-002   8.3756363644354029E-002
   17.112090544617477        7.5717137473339173        2.3062818657635460     
   2.4669559395151565E-002  -1.4511221300850250E-002  -2.1968337499216968E-003
   20.682708850302159        1.6202066787172089        22.018175836575782     
   6.4902552251465781E-002  -5.4105962837368354E-003  -1.4693581134222748E-002
   8.0084992641893731        27.424025948943267        6.8871215114846107     
   9.9139666285295771E-003  -8.5293860318500572E-003   4.0915576912348720E-002
   23.772998948933974        5.5056840921480639        5.4634877432000941     
  -8.2819168450057823E-002   2.5755360824390012E-003   4.2779731803295196E-002
   6.7546970099912196        16.042980889132544        7.3940913212342601     
   2.2677215803941310E-002  -1.2835166102567012E-002  -7.5682700866145369E-002
   18.413621696846032        7.0615819799151316        17.738239726757882     
  -1.1428578320521066E-002  -7.6129125459106370E-002   1.4642232581193626E-002
   18.256494683813727        9.3529534645036438        27.965030547821410     
   5.5705223602890902E-002  -1.6809333277844733E-002   1.3719607973795863E-002
   26.468849689815183        12.226752616717697        24.581702267612719     
  -5.7318856025929683E-002  -2.6036857515122018E-002  -7.1985007660152797E-002
   23.609261657627613        4.9291975980294449        12.093756859377866     
   1.1587306401935500E-003  -2.6024124841556241E-002  -2.8924602152682031E-002
  0.56754546218829649        13.790387287273433        1.4273529105873028     
  -4.1884852314150178E-003  -4.3903294492046746E-002   3.6973098957028598E-002
   1.1072952627912696        16.980555852856345        28.505874463665126     
  -3.5390057755148030E-002  -5.2239703738505554E-002   6.4646600459393230E-002
   17.967920197177818        1.3939655883290964        2.6710745937675893     
  -3.5775900063560837E-002   2.7093956272832273E-002   4.8382185825484834E-003
   24.639590953713508        27.780671935563287        26.615915142712836     
  -8.3213593319038159E-002   4.3186978819889033E-002  -1.9200135926099073E-002
   20.294291276798241        5.3993937317088117        11.015534616411319     
  -8.5324348631123370E-002  -2.2617715484564175E-003   1.9641489387537330E-002
   8.2399839016134191        7.8230903070865807        26.960829947500436     
   1.6818549447023563E-002   5.3136743820520735E-002  -3.3507805189823874E-002
   27.562014638911442        25.052949036123959        26.657972589929077     
  -4.5709468145583035E-002  -6.9041218983309796E-002  -3.2666069531582305E-002
   11.024120506167140        10.125005017559175        27.401153981098304     
   2.5790564557974655E-002   1.5918177828543371E-002  -6.5568570843422713E-002
   18.725491862518982        18.914230647703157        20.495177203081337     
   6.9257071032737885E-002  -7.4222587588949770E-002   3.3982275774774758E-002
   6.6485191660631946        5.1240405867853784       0.10638795506636564     
   5.3667420273444212E-002   4.1075147373932773E-002   1.4126071810625791E-002
   27.807613962657559        17.904561225004013        2.6160656419493100     
   5.6334448171670812E-002  -5.6989601629416950E-002   6.4212880267586925E-002
   26.573891294543788        15.782940718448501        27.253334093576491     
  -1.5741799260724791E-003  -5.6864780442437479E-002  0.12162605703332273     
   2.0235315177579962       0.17345036844214545        17.241805619665534     
  -8.4145757690190684E-002   1.9770212990855469E-003  -9.8961840375627261E-002
   6.4416321659258706        4.6431279475082636        13.780259319680962     
   1.8011696717264637E-002   6.5036382963668017E-003   2.0687222117825470E-002
  0.51613963066481416        27.523609507797527        8.5255625382404698     
  -1.7772436046067312E-002   4.7360863277884017E-002  -2.5170191724918779E-002
   15.668860752639379        4.6230163431137319        17.408364544369451     
  -3.0346316854467918E-002  -8.0762233078352300E-002   4.8195888860650127E-002
   9.4341606065132577        9.0357160766949196        13.985764547216032     
   9.5995351560361972E-003   6.5773312122364841E-002  -8.5953385990085993E-002
   18.963914138440455        21.694956514014816        14.231710490607002     
   9.6282735775465977E-002  -1.4474789328392527E-002   1.0235660053692166E-003
   3.9277456768200798        6.6154383280066300        26.686829045757744     
 -0.12570659722906907       0.11954673897797649       -4.9950430610376809E-002
   12.734383441956860        20.231366666323119        15.420815550485308     
  -5.3504115007141518E-003   2.6950021303045659E-002  -4.2122573374368645E-003
   5.5578203607617018        1.6278750762994134        6.2438596590519921     
 -0.12514778425938050       -5.4560566073754736E-002  -3.8928108684219680E-003
   27.031566229091961        20.345205624701943        15.836871341292182     
   7.0581270342021149E-002  -3.1324014164000227E-002   9.6321419966092281E-002
   14.693680572949503        12.026047833716721        8.9093323151699320     
   1.3557400882469803E-002   4.9011465858056810E-002   5.3526666556601495E-002
   25.553427534089302        26.891984340573856        8.4578495341782283     
  -6.2178429884431313E-002   6.7387447715001741E-002  -7.4423429314004419E-002
   2.8568262834256650        27.859345875515270        11.986159922426511     
   8.2833051935309779E-002  -2.2115350433976937E-002   4.3325889970014554E-002
   11.619080574422339        8.1152177308619589        18.256997839633353     
  -8.2874286324007597E-003   7.0906635932988876E-002  -7.3053037708196615E-003
   17.382308260583347        17.025782926961330        27.811277257469385     
  -1.3172322145700719E-002  -1.7419731254007093E-003  -3.4774012352226241E-002
   12.473172526615658        23.812119753473770        11.748395912019578     
  0.15577680551628814       -8.6049157497676304E-002  -3.7418762477533341E-002
   15.600872622992370       0.41323252264041710        19.077595784132139     
   1.2222180359714126E-002  0.16792559472561353       -3.2264265950011424E-002
   19.339898882401933        23.283128269724784       0.75340358796162543     
  -1.3101043603124410E-002  -3.2822906678642523E-002  -9.0890743273658578E-002
   17.873382249305749        12.222197057295128        6.5722937961754280     
   1.5033200211957084E-002   7.1562129879217132E-002  -7.2169431039187298E-002
   28.238175891866540        12.348868067764604        27.305066541703344     
  -7.1946116505748878E-002  -3.9766812598044064E-002  -8.9639449957954712E-002
   26.433364787304988        18.999163078230552        19.230349200276077     
  -3.4916815675176860E-003   3.1684142956885597E-002   2.3384791499988636E-002
   17.899614039371333        2.2398631094344248        11.807310799102176     
  0.10073422811639554        1.9493594462339603E-003   6.7947659957386830E-002
   15.268667832170369        17.407244102222155        17.110057231258502     
  -3.7853402337581804E-002   6.9920988516314906E-003   3.5389361445415288E-003
   10.124970852328367        12.477487006180217        7.1213204977198075     
   2.6068460704441038E-002   3.6234022624964141E-002  -1.1004471589604480E-002
   16.648843044340101        25.943753436009537        22.909465788724273     
  -2.1814302970325473E-002   6.3582149369621324E-002  -8.5423828902662757E-002
   23.331235261890239        15.111032804176537        4.1148377137568684     
   5.1218094841563089E-002  -1.3665365756124651E-002   2.4530755920285762E-002
   5.7117797065563209        16.584070104092376        22.964003625121816     
  -2.7601317763671075E-002   2.5740098143385608E-002  -4.7912620585739883E-002
   11.833853458842077        6.5774176644091655        14.884075454944904     
   1.4813023837887070E-002  -5.2977745832424289E-002  0.10750554028319163     
   20.080164550711679        11.287388830091592        8.9825265780246593     
   2.4782767291455506E-002  -4.6758408133560553E-002   3.0179955505970923E-002
   12.233407170662643        6.4443647444092633        4.4257790268533892     
   3.2571889934053452E-002   2.9746734514485302E-002   6.9582563229005828E-002
   27.790839374922140        26.326738425350712        19.006466159104242     
  -6.9355832199179318E-002   2.0880879968830871E-002  -2.7332829435157302E-002
   3.9336830913313023        2.1711790812916054        18.977642992928985     
   1.6205773839922073E-002  -6.1563283882453109E-003  -3.2866801208169330E-002
   14.768744270813949        3.3209691082778137        21.384151590000169     
   9.8929423690333515E-002  -2.5420145956916291E-002  -4.4986500031327613E-002
   1.7301954338600993        5.7427579584213824        1.8602523512504299     
  -8.7104708582106422E-002   1.2685466117239790E-002  0.10923983599282520     
  0.78763530099207724        15.325305387750797        25.488972376039094     
   6.9475178290605150E-002  -3.3808353997193549E-002   7.5994038567147660E-004
   2.3210302276869230        4.6101718492844874        23.905274706493021     
  -1.1431413072827188E-002   1.3916330060979654E-003   2.2914457250043180E-002
   20.491581027909831        17.685114985307468        14.755945391840447     
   4.6431996128128053E-002  -1.4680573346604602E-002  -1.1118540882999698E-003
   15.902817246363284        7.8635004555653962        19.754237890910495     
   9.3053499626793074E-002   3.9575037437073718E-002   1.8774033703288046E-004
   1.3333232353362983        25.934884088838995        23.677722547771356     
  0.13051477724072344        2.3746878736789108E-002  -2.0643532556804300E-002
   10.396658029559502        10.266616907237944        20.224896491761079     
   1.5345134606210441E-002 -0.11204992536771105        1.8504290442437468E-002
   13.212537799130688        14.992854285041330        14.863390557646861     
   1.7065676379192897E-004  -4.1442972376106939E-002 -0.13683253259713690     
   18.558658322144904        8.8075310718530009        14.992729860784889     
   6.5883681673293365E-002  -3.9122001241569247E-002  -1.4588871558290268E-002
   24.269258681004473       0.59620691862684549        12.716518224566906     
   5.3489263719692898E-002  -6.7606470186993520E-002  -9.9424730428117392E-002
   19.033269385407550        12.759313464435348       0.83319328637630896     
   2.1804495134236188E-002  -6.0804668099943185E-002  -4.3917428366703481E-002
   23.526869012361725        20.703489146746321        19.067144799051153     
 -0.11611232365512283        3.2950827782979787E-002   1.3762986446571887E-002
   17.770179425338366        19.613851305422529        16.638770441944288     
  -7.0533804975782613E-002  -2.4413387538515623E-002 -0.13901139495264281     
   6.5913980577953009        19.646810432993764        7.6523255378212802     
   4.8450729564084409E-002   5.7306638335115491E-002   1.2062813107298821E-002
   13.572008649731339        17.207583557539696        20.400959580458519     
  -3.4879140651835894E-002  -3.8723698548318752E-002   2.0139536067969258E-003
   2.6856064386050771        11.177489610584637        12.292507999218902     
  -1.7381757683288649E-002  -5.0509468466346318E-002   4.9178577937004114E-002
   6.2238200044364893        6.1246027110855499        22.968299544865541     
  -3.1424789144646359E-002  -7.4295389869992977E-003   1.8744518394163877E-002
   14.908558789229694        13.581062276272458        17.519328114859412     
  -2.5527860211312779E-002   2.8199616452679984E-002   1.2150046131425639E-002
   4.2611519031855023        27.809136349502459        8.5792450066991996     
   2.2324546226158690E-002  -3.6321471986717264E-002   2.0227458735348074E-002
   2.0975676219408013        23.371036031460477        26.536116172587867     
   2.2542640857044757E-002  -4.8810697015475045E-002  -8.0913335468490218E-003
   9.5409924532464423        8.5361010462853404        23.304994031489350     
  -5.9107029143011056E-003  -6.4809381104179616E-003   2.3096337864261335E-004
   10.163079710750118        7.0700819706694604        8.8227360051896966     
  0.15240972398560251        6.3003086554545715E-002   2.7682345936350612E-002
   23.499414385737822        15.535295258423256        13.314706106965014     
   8.3619035857326163E-002  -2.9749111937785823E-002   6.9651278537021530E-003
   13.341256099820452        7.1248638466650833        11.287083369392281     
   6.2003235618922188E-002   7.4703129281248670E-002  -9.5424332713655250E-003
   16.861188849165352        5.8460649164565019        9.7597388800639049     
  -2.9203070817158804E-002   1.3267111806492357E-002   3.5372684118989486E-002
   22.792785789225299        23.278195382883229        11.488695420830288     
  0.10512202395967565        1.3895548420187881E-003   9.1705255328623766E-002
   22.877452667240640        23.447147038107001        22.029831341470153     
  -6.0018097485697773E-002  -3.4546789539940288E-002   3.0624254495014443E-002
   24.480848479984292        5.3872619106675668        1.1755384913744729     
   9.3326457072068755E-002  -7.2047302142500561E-002  -6.5856286948720019E-002
   19.750383390792742        19.869179810991760        27.894514372941448     
   8.7138200380629277E-002  -9.1748425887952095E-002   9.9136718852401287E-002
   10.841472456096268        28.381190061300277        9.7133259221344694     
  -4.0483317529459710E-002  -5.0956222766386769E-002   1.0445027945441181E-002
   9.1378469760523551        2.7014285343651574        12.059050712725146     
 -0.10189051848269308      -0.23059583241133530       -5.3746310638377141E-002
   27.616614031737100        20.618821280790016        27.679168277013446     
   7.3165517713072378E-003  -4.8921266585444635E-002  -5.7414345247797254E-002
   21.512865089819339        10.730977310157193        1.6827447174613310     
   8.6305579595594206E-002   2.0198842825688488E-002  -2.3013851072844396E-002
   12.633514371044082        10.422713156648779        1.8784126953710334     
  -5.9160037618925403E-002  -4.6806327656476526E-003   4.2971991857462595E-002
   4.1743259550305991        24.491573343154258        8.3417158161476159     
   6.6281685186676792E-002   3.3473581988004354E-002  0.14328639295220996     
   26.021937842017682        12.763476557856579        12.293329144834937     
 -0.10215792286972863        4.7416892893352498E-002   5.4056677761280446E-002
   10.077877119225123        21.542250781526072        24.554117337802232     
  -6.9001529723313568E-002  -4.1903367489800718E-002  -5.6840188311684040E-002
   26.449797541818700        23.537567851709511        9.1542687418871154     
  -5.5507245166801139E-002  -7.7818167910034229E-003  -3.6060766351450058E-002
   6.5503597474022754        21.118514556529682        13.299958749709871     
  -2.2207446251449828E-002  -8.4541751291271838E-002  -3.1394096038339460E-002
   15.207321036221787        8.6114982537493052        27.977254759691103     
   5.1167232685348805E-002  -6.3246782862997550E-002   7.7185572578631588E-003
   8.0000407756653793        13.816007056906424        10.267160353797948     
   4.1115532746515649E-003  -8.2763403437881508E-002  -4.0508696456338709E-004
   23.420740397055955        27.278255399047769        23.178085504134859     
  -7.6083483515313632E-002  -5.5651308248440237E-002  -1.6959709619798109E-002
   13.020627992303250        23.663243103103465        17.337860402538674     
   8.6869724891978611E-002  -4.7013349582561079E-002  -5.8466266545409089E-002
   23.953206004919902        18.270163942415017        21.690319600921860     
   8.4353291948866566E-002   7.4630234942714424E-002   6.6173601897401846E-002
   14.780620048230480        25.647392367509113        19.543139010504756     
   1.3040373987902863E-002   4.0624169949462212E-002   2.4776215700643329E-002
   13.666958135479684        1.7786002082542345        10.639271952723725     
   8.0780260204849436E-002  -5.3883528414677397E-002   1.4604954471200965E-002
   16.985402252604210        13.054853639901513        23.518149246445979     
  -8.2276000783929951E-002   9.6357035604047164E-003   2.5343607826779670E-002
   12.475734538041680        28.535860272598306        12.836996615557648     
  -2.3118468914508975E-002  -2.1259874444136077E-002  -6.9675559755007027E-002
   26.056997423603789        13.828825541461603        1.7494658700715791     
   4.0975082551823340E-002  -6.7934546080142488E-002  -8.4666323790648201E-002
   8.4779545770523281        12.038962147875422        25.167857807990590     
   2.7933131839425609E-002  -4.0503562261035839E-002  -2.5231608587860575E-002
   8.7107986131476718        17.223751952401798        11.650599299948286     
   8.3043965003084849E-002  -1.2003036736524478E-004   5.4729374114306686E-002
   19.376179769532207        2.3143397718916887        28.508008233130429     
   2.8384830880007563E-002  -4.9655310068754704E-002  -2.1042293489606682E-002
   26.930848369381994        16.317391787738725        22.008096762685831     
  -8.2106794873487765E-002   6.3978071093403754E-002   1.0493378604157477E-002
   28.077990262431559        6.2029396624923061        24.675820544194963     
  -9.8224297484682407E-002  -3.5379152027194549E-002   1.9380853770951108E-002
   27.705773905839536        17.631182255021606        13.386184576103572     
 -0.17676865280348347       -3.9276770198599271E-002   4.8576439634820466E-002
  0.54905284100726803       0.79225414193148336        13.431753003189048     
  -7.9485927191710933E-003  -7.3285236763268813E-002   6.5714984550065539E-002
   4.4313214141890072        5.7429575590252213        17.020151984439870     
   9.9381109272598488E-003   1.6492705226266217E-002  -3.4491219088803385E-002
   19.067503579741253        21.071260853676112        6.4402493794235394     
  0.13910058985754956       -7.7242656675799354E-002  -2.1231614197282154E-004
   10.107727905829650        20.424872980076771        12.498345909527695     
  -7.4790623976486795E-002   3.9014264294761521E-002   1.3677061279164413E-003
   12.687792132938966        14.960154657650349        3.3020234708335199     
   8.9347738467375135E-002  -2.1768167337557891E-004   9.3418635371747730E-002
   9.1546809310100734        19.802462064054001        3.4710779012151924     
   1.8448245918796211E-002  -3.8118704044861132E-002   2.7341651842646371E-002
   6.0403492875799065        11.607700785505463        13.140573062054230     
   3.8321788091039741E-002   9.8782608962706825E-003  0.10316003143035345     
   2.9966296817998304        22.868606442727899        23.495689232210438     
  -2.3843105834868646E-002  -6.7049617189087654E-002  -1.2693574983159778E-002
   13.776115816974285        9.1141647056784318        8.2578696208555336     
  -5.4875567802524179E-002  -8.5640561516085231E-003   2.9877049585430419E-002
   20.273707440987693        14.845202575234884        17.699757316624677     
  -3.3993507962515636E-002   2.9754712981470165E-002  -4.8712088796375980E-002
   10.873336037186291        3.3420820734896619        4.0996828598235107     
   3.1854429962572026E-002   6.6564985079925381E-003   4.2048891941620543E-002
   7.0081267249502854        9.0267252514970551        5.6124223297906681     
  -1.9202484051244653E-002  -5.6475050234095485E-002   7.7141650569905768E-002
   9.9151224156161355        12.429275869147130        3.4676945684255642     
   3.8276595652011025E-002   8.3510597405300299E-002  -1.3630757619592546E-003
   7.7448347739682886        23.200419466059696        2.1018987989351947     
  -7.8480223525961346E-002   2.4352938866183917E-002   4.6873913038663867E-002
   13.174865419092423        20.408634404517368        23.915073461771243     
   1.1054325439007674E-002  -6.0584716694800207E-002   6.2966761990486064E-002
   27.589046228163028        15.462454632141164        10.798372071377955     
 -0.10721265124279787       -2.8208996879299369E-002  -1.8598686955384837E-002
   2.9146132674254135        27.405241465445414        20.716348451012013     
  -5.6718503068071927E-002  -6.0951019249749903E-002  -4.3545090455172943E-002
   22.184815256259547        11.494816173903063        11.539848483189063     
   1.7012975339404459E-002   3.3439963310992589E-002  0.11603460203200648     
   16.932810094149126        8.1645499583229952        12.017890996023189     
  -2.6923397816209574E-002  -6.9454503866966680E-002  -7.1701757454288570E-002
   21.907415694105943        22.918012208039880        5.8811840079941176     
   5.2603406346569494E-002   9.1979616500850944E-002   2.6787202091800616E-003
   10.443669556490660        25.148791415331690        8.8806968785268001     
   2.9841240449322307E-002   3.1001488449899127E-003   7.5186724405573646E-003
   24.417981920246529        15.879911906500022        24.526708043077697     
  -3.0941696528267622E-002   3.2871604648707586E-002   3.4106162301948753E-002
   26.645526906829879        6.7130922306126868        13.576275940488005     
  -6.2971417980005634E-002   4.1353447618540901E-002  -4.6161444138139718E-002
   21.182498220279577        19.728209442038384        23.067178736948197     
   3.7378828255045779E-002   4.0574281904074284E-002   5.9261583437626032E-002
   2.5270524611280538        16.009421433712820        3.5595273364261235     
   1.9317706336474286E-002   7.8277728872315835E-002  -5.0766453826631740E-003
   19.183458254281096        18.821902425717987        8.8964617744677117     
  -3.4427189045943232E-002 -0.13468373490450972       -5.6912643532987695E-002
   9.6650783738587656        26.740048469519063        21.938165740602770     
   2.2690194044902724E-002   1.2600978507512604E-002 -0.13191836867229031     
   8.1089180431395729       0.79974360471622297        2.8322043762455658     
  -1.4210253958910008E-002  0.10074271211674758       -5.9609589859883037E-003
   12.999537121808956        6.5047284366331972        22.837026095858029     
  -3.4724871400706590E-002   1.1305687834072995E-002   2.7159262316190928E-002
   23.539284440303209        2.0141796120681912        24.283126514797928     
   3.8260974173198049E-002   5.5021430295387377E-002   4.4673933204202564E-003
   24.165042644443481        28.325759450316742        19.905383841670673     
   3.9935506244194445E-002 -0.10167294622164133        3.2898737145670688E-002
   10.439203610611640        27.366447731703861        4.8221268300821478     
   3.9815930830341219E-002  -3.8536823342988797E-004  -4.7114659985698040E-002
   12.989070993332893        5.1267398885517244        19.211218776782580     
  -2.8469471403879724E-002  -7.7666646523008327E-003   7.8129324023619259E-002
   17.585644770857016        20.187510774296843        2.4872439078047193     
  -4.2870276411141793E-002   3.2768679758956821E-003  -4.3843740046710954E-002
   22.327558267030589        7.9234839265920023        13.510436718827101     
   6.2483742385091849E-002  -5.7202835902069298E-004   2.1069067199312716E-002
   3.8200639898408624        13.851105144484176        15.034305370592476     
   3.1890686374399936E-002  -2.3986843405492037E-002  -1.1994871734829280E-002
   17.176676567720342        3.7744365718185624        7.1438316054781286     
   2.2196929147079665E-002  -2.1071079684414785E-002  0.10811758550049178     
   24.070119359107839        20.584200371776490        25.972303898190212     
  0.11473156610713224        2.0419183601536703E-002  -3.0245068062332663E-002
   5.3713508045748473        3.4750584805629274        25.271157824023316     
  -3.6608393981614876E-002   1.6419714882358639E-002  -6.7191898700895729E-004
   28.116040125538856        4.5426978567220102        19.553793497089114     
  -2.3228766123602113E-002   4.3444974352725735E-002   4.9613541081562136E-002
   22.680795550793853        1.4694704340401081        28.405863116188090     
  -5.5424322545875468E-002  -1.7534814774298013E-003  -8.9195817193493912E-002
   17.941577392516528        11.727414451525663        11.474372485112504     
   1.0183672130899084E-002   3.9883775971895748E-002  -3.4672155202223984E-002
   20.892815166907333        15.704666806513881        22.250830715214835     
  -2.1472358937068631E-002  -1.3598310664337199E-002  -9.2575104291253471E-002
   11.640981426442508        25.996213685371455        14.843377310408922     
   1.8448480648958352E-002   4.1928860198794729E-002   1.9750934060923708E-002
   1.4569672034267325        13.521797275907954        9.0713447720400140     
  -2.6882475347023930E-002   1.7691855642719887E-002  -1.1738035081536142E-002
   15.592932730455276        26.944051345269610        3.6179469745319390     
  -7.6536582112506107E-002  0.14496834028362413       0.14266835958195892     
   7.4885586286000523       0.22987051418788784        19.708342532694282     
   4.8651255116595439E-002   6.7758314056507993E-002   4.4149159399916524E-002
   3.1818227278480986        5.2643084176059727        13.333053914356530     
  -1.8577909944400704E-002   4.2647832327661200E-002   3.1451241136072672E-002
   1.9960515948827893        7.9954908219482554        15.145935155929401     
   1.9612920011331254E-002  -7.3867412550962325E-002   9.5308337065767006E-003
   24.791382436104783        8.9541310652455568        11.111814447954451     
  -2.1213589574609237E-002   2.7166199081546149E-003 -0.11175022695882790     
   27.673277913414914       0.34011372424724207        4.7678661549398020     
  -8.1007401428676490E-002   2.2277557419076940E-002  -4.4111558091282928E-002
   10.736754030752520        18.204594960883540        22.487310869720648     
  -7.1491640819036154E-002   4.6716926344316401E-002   5.2433611153298497E-002
   5.7349560008550382        1.7809942088221797        21.991179854233504     
  -8.2220351595148317E-002  -2.2454591925925020E-002  -2.1979052700675999E-002
   24.100758436263131        25.978055807393698        13.986667050226911     
   6.7105938540561938E-003  -4.1941916437228374E-002 -0.10339050030686245     
   6.6878057740744818        24.219991347848453        5.8047227178997636     
  -5.3133583802650423E-002  -3.6989629751660439E-003   3.4827386460155187E-002
   23.156694519125171        17.736094186330018        10.981057210957346     
   5.3644260095877978E-003  -5.4401081199700312E-003   1.0937447678814986E-002
  0.94441352031551196        20.999142113506423        12.840223588886028     
   2.8480044754386528E-002   8.3819237557591256E-002   1.2633046045655259E-002
   6.9670914988898618        13.166336840844114        16.950534799627704     
 -0.10112731761907652       -8.5546945626435861E-002  -3.5701833467853300E-002
   24.700836608979607        8.3329761503323834        3.8156210470091478     
   3.5063646259219448E-002   1.2935593033552906E-002   2.2695984077775479E-002
   7.7766853594340759        10.592248567601350        28.505098942286129     
  -8.7713764537962740E-003   7.4669143042440836E-002  -5.8643368115834468E-002
   20.470981891438740        14.615675978274112        25.959941730906962     
   5.0553356279772026E-002  -1.1817769890602020E-002  -5.0408012896544577E-002
   10.984914840714330        9.0989920497310717        5.9880100676856598     
   4.4512276199749026E-002   5.6598033251843746E-002   3.4058177974739721E-002
   28.630390385838698        4.3532959550613617        15.750559691850937     
  -9.9393932165593377E-002  -5.0346807185428062E-002   3.8293957227005189E-002
   15.376939768927434        20.310859087675425        5.1330405204104315     
  -9.4872984558929396E-002   8.5914093751872075E-002   1.3311129059351501E-002
   27.347158909906710        5.7737732146638292        4.0227493531897212     
  -6.8857172012391873E-002  -2.7239973890596549E-002   6.0963375984514311E-002
   26.592816466107042        20.094522654322123        6.2062014351885066     
  -5.7658576414745359E-002   3.4809960592568717E-002   3.5133928834760693E-002
   5.7614112006236988        21.935317674381622        25.655886819391451     
   1.1565115162489375E-002 -0.11796645462299840       -4.2967539126347626E-002
   1.5415369339225968        17.694364225156445        7.4852086645929452     
  -3.8350371510587594E-002 -0.14347322471882382        7.4851973865743937E-002
   5.6014688698808470        8.1430089583018770        1.1031459057445701     
  -1.7364964990440507E-002   2.1893951724432622E-003   3.0609768927944748E-002
   23.842409571250563        17.757651607550546        16.099934902594864     
   5.4167560561947603E-002  0.10816840862425828        1.4562968787332120E-002
   2.0488919810549060        27.276669744196319        26.730188232093276     
  -1.0277989252874016E-002  0.13438329692897780        1.3919476026838176E-002
   20.139692701346757        14.711501848568719        12.562975780635462     
   4.0243843898182662E-002  -9.6491821459540987E-003   3.8240433922935621E-002
   24.838639127950533        8.8160849934331917        25.365250003202192     
  -2.3654403370378111E-002   3.5245720087220427E-002  -3.8004041330808362E-002
   4.9443638480156187        21.545309474918621        5.4420099874377161     
  -4.2274963095958663E-002   4.1477652557669734E-002  -4.9732173222317252E-002
   21.908031223657783        9.8289812089109780        5.0539036850934167     
   1.6429784141448786E-002   2.2414679882609194E-002  -1.4180988921921978E-002
   27.867833605961046        22.261696083382631        23.747862417709637     
   3.2417862039581358E-002  -1.1035191381768108E-002  -5.8553875605087194E-002
   3.1995962909002142        4.3591170643336472        7.3798028780067000     
  -3.0301492935405929E-002   1.4828214803030005E-002  -6.7291289728287962E-002
   8.8905311469570538        1.8526754152578853        6.4558279768331444     
  -6.6491648792699184E-002   2.2827920895479411E-002  0.10800046757501537     
   26.448835602018434        13.710084689128287        7.9680154609605127     
   7.6824171136871053E-002  -5.2571479366486908E-002   4.1834367881330957E-002
   17.780148213570847        11.363832424272619        16.995430548130340     
  -8.9736819853067831E-003  -3.1636060874796465E-002   8.7109486049593621E-002
   11.053966352033274        10.849724424927921        10.233912297277298     
  -9.8656290195723514E-002   8.6289975853788822E-002   4.2442422686477368E-002
   15.206627247568061        22.460614514155580        14.382013370763108     
   4.7065342046894200E-002   1.6887002425457421E-002   2.4410845107623477E-002
   25.612866779450798        2.3228565936968102        27.344691906759969     
   3.9506357514041100E-003   4.6559985394869323E-002  -2.3848979691316424E-002
   18.034050242602998        21.688807242483353        25.522253925969725     
  -3.0803398503219444E-002  -5.2768883761078239E-004  -3.3796825237230627E-002
   17.985533131066273        7.2464633841750441        24.822112163297486     
  -5.2060880262318247E-002  -1.3005137000356534E-002   6.5709223906038741E-002
   6.9222411753976694        9.8869009662329912        21.342758664790836     
  -2.6127577715064774E-002  -8.0642176526122725E-002   6.5286073453157206E-002
   27.601778297785941        6.7100670018247524        9.0495768771531306     
  -7.3663305197422035E-002  -4.5831271462439323E-002   7.3080214474478725E-002
   21.106727005458144        9.6182050318892109        17.060564872239773     
   6.0508525727625627E-002   6.3244615629650086E-002  -3.9623948477322563E-002
   6.4939867964314733        28.073377020989280        24.368574083603992     
  -4.8388564571303768E-003   1.8010303357504195E-002  -4.1622204166371898E-002
   21.369512255118082        16.850690344809710        2.4894955559274656     
  -3.1008532474392902E-002   9.5959710382112928E-002  -7.4143196220299246E-002
   11.666379524334284        1.7958217562741663        21.044629829847029     
  -8.7127813458384565E-002  -2.5734567778712660E-002  -1.4085100331149377E-002
   13.916312930377609        10.572599864276548        19.423063547192491     
  -9.1772751550724521E-002  -4.2614295185382393E-002   5.6353503045225996E-002
   19.206494586409978        14.387166991412080        8.9711422415268736     
  -3.6253221858334225E-002  -6.8828914177610657E-003  -4.4184287340961519E-002
   13.491759001906043       0.76081081954030383        16.459419049527114     
   2.4682403473917893E-002  -9.9373192071498220E-004 -0.10816039440771862     
   15.911351722394125        20.764829175193675        22.120581469339186     
   3.9345790767238480E-002  -9.8827095105034398E-003   9.0332704787487225E-003
   17.793287932381283        26.596379862040706        26.926734622150363     
   1.8998027651300303E-002  0.16046127860370307       -5.0352059046555641E-003
   17.755399836766415        23.729689606039493        4.7955912454128224     
  -1.6006521111645085E-002   5.3800715384636211E-002   8.5134890955371953E-002
   10.235215438958752        3.3009146055067848        9.1662091608776652     
  -8.4544236960632457E-002  -3.6984471252316693E-003   7.0554911479500756E-002
   9.1384744134547997        23.725033648256243        15.230654529620930     
  -2.0543977752030063E-003  -1.4857380145567025E-002   1.3813730967231376E-002
   21.622035069179251        1.8350552696759168        9.8437128431670153     
   6.2847644768622729E-002  -6.8899807426371654E-002  -1.7881812624065435E-002
   24.636290840495803        24.258242262677758        28.503178324781057     
   2.3318108394119939E-002   8.6487731710391841E-002   7.8372614582577459E-003
   26.126195362831986        14.625092946573455        16.083332102456339     
  -7.6257243690177764E-002   5.5270541597589040E-002   5.3562592658569419E-003
   4.4227192862096603        22.987010391417734       0.17075655713461485     
  -4.6117363926594657E-003 -0.10725392787737827      -0.13738724214067435     
   25.490254670755988        26.328908976870416        5.1669458925852521     
  -5.4284763263552270E-002  -4.7634441487268329E-002  -8.4849511837898878E-002
   4.0439360541711320        11.926309200403917        23.102513660225597     
   6.5819410846726586E-002  -7.2949023199161106E-002  -8.6863520846704265E-003
  0.44413076308745097        13.639900310022460        13.675027240018339     
  -4.9543234262045648E-002   7.2881525000884637E-003  -5.3693483482679582E-003
   4.0104052165041377        7.5192712646013140        8.3398126763102880     
  -2.3219733627446677E-002  -4.6169207371920762E-002   2.1500755488875513E-002
   11.783394301520683        27.839717433516366        25.348419722758774     
   5.5721840008857035E-002   3.5941484565230837E-002   4.7085421154128186E-003
   15.696737734583250        17.557719149217466        8.1387959260992755     
   5.7926971518337108E-003  -1.7416067882761125E-002  -2.9893069629023820E-002
   3.1171893060451166        5.6731568766479930        20.710919910290169     
   5.4370008087945669E-003  0.12596185719065520       -5.0884218139006801E-002
   2.9547535422689690        23.669239803238966        4.0569845610423743     
  -9.1862880554604509E-002  -5.5981043663112240E-002   8.3706496069183067E-002
   5.6960378437735750        18.459451320296374        11.052211741905865     
   9.1537904854154764E-002  -9.1272912299681208E-002  -5.3958082458202647E-002
   24.768106049742652        16.481093727639745        7.3711895107350625     
  -9.6893051629825505E-002  0.10135146349124617      -0.13327541656473973     
   20.093174222588637        13.786625353185363        4.5107523123158666     
  -4.8372389122306729E-002  -2.7356473842433938E-002   3.5512616966026180E-002
   27.082548276035546        28.117634368882257        22.751999221802897     
  -9.9370267007118970E-002   5.4209549135228602E-002  -8.3053497473488109E-004
   27.582895701114566        15.575738888376813        4.7335409883337736     
  -6.2786453848905591E-002  -1.3402276073898239E-002  -9.3493833055208017E-002
   18.952170531377867        9.0981500482753486        20.070266536662182     
   2.3653562207912510E-002  -1.7405414460188100E-002  -2.6341058451575708E-002
   22.959882151815400        28.323284913461407        16.788252766750482     
   4.1551715375871066E-002   2.4700836494504254E-002  -5.2253534617364920E-002
   8.5209248308742662        22.215605107032335        8.6348615693521289     
   4.0431526658815164E-002  -3.0541349667672336E-002  -1.7713542399602933E-002
   11.153821399589580        19.120986254017897        9.6738521069824603     
   2.4221705436653473E-002  -4.8189999761000697E-002  -4.0784143513468908E-002
   22.937038883488867        24.649652074921576        2.9698343355311434     
   6.9393033944264798E-002   4.1794446426839507E-002   4.0164387258808693E-002
   12.020683302362906        3.3156522438473019        13.623278243608960     
  -9.0344813316606223E-002   4.7247872782984396E-002   8.7719815272943539E-003
   28.629555998727444        19.705572233752868        21.762665785930434     
  -3.0755767618228763E-002   6.3587355744046059E-002  -4.0197303274138096E-003
   9.7552371071809070        7.3984391959517684        2.3816707731739517     
   3.9917965617002414E-002  -4.7912271608909582E-002   3.6170447682563256E-003
   20.878165303904019        22.101769513697754        17.603372126997161     
  -7.5815111974725499E-002   5.6264154025834345E-002   2.2400972819881061E-002
   1.2255549876962464        20.680603914242074        4.0622459721472719     
   2.3351204936752291E-002  -6.2053180907075669E-003   4.9248862905927034E-003
   21.400834120912013        6.7640790608844883        26.932248203609902     
   3.7858260229487350E-002   1.8254705878689617E-002  -9.5979897278505144E-002
   7.5243924347961313        19.100676291050124        19.984697738303154     
   7.0482833072908577E-002   6.5240759095566661E-002   3.9527599631045504E-002
   21.076782543942258        6.4050922160186694        1.3513826812283296     
  -5.4768802302991089E-002  -5.1210555532631388E-002   6.1516176376580859E-003
   7.0785748797245827        11.733459219238510        7.2593387977837791     
  -4.2513842547727311E-002   5.6294454979963819E-002   4.8451123173054181E-002
   17.232288304272217        21.090074752877872        10.955923321718164     
   2.3869517209159134E-002   4.3745809964222546E-002   8.2962529038328500E-002
   15.474713924782632        10.300969101288270        22.458242166061311     
  -6.7356640136794724E-002  -1.1629004438433026E-002  -7.6533585270011605E-003
   13.694663799959518        4.7107100525773431        8.1109181999423665     
  -7.3558768874639094E-002   3.9280743116870354E-002   1.4169350957128252E-002
   10.912571188179754        12.888813421410276        17.075788476732054     
  -2.7198713364622023E-002  0.10269551803429884        2.2204592496469028E-002
   13.010802642822929        27.656174708491019        7.0643625062391937     
   3.2958791849731682E-002   5.4750095718969688E-002   1.5370872874458270E-002
   8.6317342720127339        21.224213962870031        27.881786714076430     
   4.8089067351628934E-002   3.9242007312982208E-003  -4.8921720963319166E-003
   14.100359874691286        20.949570278081698        10.632080028420177     
   4.1494517847707642E-002   8.6272267920424583E-002   4.5212061678360531E-003
   27.940980297658506        26.094937806794171        12.456425874015713     
   5.4539028105305018E-002   8.1290372243781550E-002   8.8149315420632493E-002
   17.480132772629464        15.047856961865049        15.474425964336907     
   6.8894157453248658E-002  -6.0049725217357956E-002  -9.0984430179487388E-002
   6.3315729921195869       0.26967249293204681        12.647966503014047     
  -2.2066563012452197E-003  -7.9196663721848130E-003  -5.5932405563466646E-002
   2.1894149081192396        17.941281417230254        11.068466965042296     
  -6.4420421832284205E-002  -4.9752824507825798E-006  -3.3619192196258564E-002
   7.1922757568604396        9.4805594085547895        9.5872306647001970     
   2.6309725856504478E-002   5.5295071421564965E-002  -4.8342613202704228E-002
   27.598363505985418        2.1148061117475576        1.4512175059784966     
   5.2147218964918605E-002   6.6585707438247599E-002  -7.9622766586817550E-002
   28.588634048021856        13.839158481343645        19.150798854475479     
  -3.6016378469944418E-002  -5.7195617074080621E-002  -1.6922339431398783E-002
   1.1250146100337217        13.293454787678687        5.0762101359978811     
   1.8870434296152674E-002  0.11354365098494687        1.6074044780909052E-002
   5.4048360238405389        10.584572665816600        26.093328209294999     
   8.5127435799821748E-003   2.2009341692044760E-002  -1.8246185050134513E-002
   6.3243789600024884        14.202506234141838        3.4973632910967023     
  -8.3116210149515384E-004  -2.7557827864234750E-002  -4.7718910252371370E-002
   27.813786295670756        28.504079547861000        27.017898422573552     
  -2.2210576578161764E-002   8.8661392452326085E-002   6.2803900861835085E-002
   17.418322710326024        15.425108016970459        20.210171858956265     
   7.2458256915775236E-003   4.0003468355071480E-002  -1.0906112099358534E-002
   6.1575790690361059        25.870970993527312        15.238280530097319     
   3.0727180630300322E-002  -4.2346794077244183E-003  -2.5111518965807066E-002
   12.132847337976205        10.511746480353207        14.601519296237273     
   2.6961891766808146E-002   2.1730765029797143E-002   2.6694894096602358E-002
   8.5517898203348697        3.4268433944965193        20.353967376377170     
  -2.4775136870418227E-002  -7.7796199598541227E-002   7.5080250492261649E-002
   21.104567045364451        10.665703716937761        26.328216934941477     
  -1.3041523934466989E-002  -8.0863485057614069E-003   1.0319646954553337E-002
   15.140700470129783        5.2417538711263498        13.591415680791355     
   3.5388847328812069E-002  -2.6497994690946842E-002  0.10939221016723891     
   3.0783265946913332        10.378712098121191        5.9355221722155980     
  -1.7186550087176455E-002   3.9545874686008481E-002   3.9464991262877155E-002
   20.689184149480596        25.702812842376556        19.606838068080048     
  -2.7373319529578652E-002  -6.3918899179179700E-002  -2.7619508125511501E-002
   14.583117240625123        7.4499908076422434        16.053569518542936     
  -1.5878158871251496E-003  -7.2115628630127337E-003   4.2703114228032038E-002
   19.822912102858016        4.0075482445841937        24.866301093884694     
  -5.5444071619127365E-002  -3.5950032515781653E-002  -1.6184851319965297E-002
   19.212023146761958        26.754147565469811        2.1000714055353100     
   3.7238323423296839E-002  -3.8183457364277078E-002   3.5534318656122346E-002
   3.5789903510806464        12.127441678060642        19.320577494720474     
  -9.3399476461068359E-002   5.0201082637662611E-002  -8.5890821203261827E-003
   9.2802444225456355        28.214379869157380        14.269990580759364     
   7.4211428396107212E-002 -0.10361934331510787        5.9594668304317880E-002
   18.380826125743926        2.6500066332482821        19.528754727610760     
  -8.5062609687256305E-002  -2.7079074825383468E-003  -4.1108297794625534E-002
   20.535470758992201        25.988388939574069        24.537453073329463     
  -9.5429985279427532E-002   2.0382457088022023E-002   4.2368424106140196E-002
   20.585309413353269        25.648478660476126        16.010496477009735     
   9.1988525200248639E-003   8.6116812490541501E-003   6.9567156669592803E-002
   8.9533620936223119        16.287433099193130        4.5297004915779384     
  0.10858471848055151       -8.2305064337941714E-002  -2.6584773061333168E-003
   25.534479204991214        13.314710521382869        21.487121401453344     
   5.0835364737552007E-002   2.7876675164803084E-002   4.9042106775735325E-002
   4.5361622491338531        2.0555132502178459        15.291627869181831     
  -8.9154511279020982E-003   7.0740354707390513E-002   2.9472508009747876E-003
   6.0972682338563216        4.1570915004640652        4.1862420108486242     
   6.1264968477138138E-002   2.9427243135389459E-002   6.2341280140939342E-002
   24.027804505270577        2.9993713611850858        15.481045545699200     
  -3.5333501813289765E-002  -1.2504172058619411E-002  -8.7614369140343817E-002
   13.989694936944213        11.136786245618667        26.300504104802336     
  -4.9886304666942584E-002  -7.1346490561807224E-002  0.13449877117435841     
   11.720394715880476        21.733886165225538        2.1389997018413838     
  -6.6418169219847598E-002   3.6436400846903402E-002  -2.9626084552305726E-002
   19.725243329403519        4.4058586728015392        3.7459163527048962     
  -1.6328764887166610E-002  -5.8822921076649550E-003   4.2063477574963481E-002
   3.8228253523249700        11.586761923988758        2.5836944095634231     
 -0.14147677778875017       -7.6919389651025336E-002   4.5730223478220408E-002
   2.7081916628043907        1.0313975388736203        24.046821888899792     
  -5.0057286455971343E-002  -8.1007516054375454E-003  -3.6450564272931363E-002
   19.321942114407459        22.634429956725317        21.664168523253874     
  -2.7769334949109745E-002  -4.1665949575940914E-002  -2.7000540084771901E-002
   4.3508393605054847        8.6522720914343267        19.252600508128111     
  -2.7963059233150071E-002  -4.6105153838113380E-002   4.3143028669307110E-002
   23.252763983352626        20.981831367048834        8.8997382949597608     
  -7.6010090372951866E-002  -2.2933606516790481E-004  -5.5295521265307575E-002
   11.482059239971750        15.762544621864579        6.8077197109544940     
  -1.4435017253068469E-002  -1.9563323337480999E-002  -3.6520962342234224E-002
  0.69624382199955914        7.6696240296211444        21.858168990151047     
   4.8166502112239613E-002  -5.3140758716882404E-003   3.7215973283099392E-003
   4.6891102556087967        15.432387870532668       0.43256321495821404     
  -4.4930993207344151E-002  -7.1335716021479437E-002  -9.4692064501684925E-004
   12.514296105167293       0.67111914640073245        2.2586182114112332     
  -2.8193336913213780E-003   3.0132560034233254E-002   3.1864590980049450E-002
  0.92512816680650567        7.3102627894406593        6.1437787235352035     
  -7.1239696015479331E-002  -4.9466268999542186E-002  -2.1287812360575718E-002
   21.363611514046660        20.615944984281253        3.2964444301455256     
   3.0749731182802557E-002  -7.8691172722520741E-002  -5.5016748479678960E-002
   23.101867616441403       0.43890775291455975        7.1626505911659057     
  -8.2675266828704547E-002  -1.4762704239965460E-002  -2.8527675946512731E-003
   10.346413609453409        23.558245027420210        5.6873851589597804     
 -0.14170170234494048       -2.6974698351260470E-003  -1.5432555004395460E-002
   12.883691170830248        22.796568646621484        8.0795180633005135     
   8.7713021598167476E-002  -9.3074915582115666E-003  -8.4320882696840133E-004
   7.3885188603853047        27.188633029872367        10.211631992738120     
   9.7222175349642156E-002   8.5629258525644087E-003  -2.6410735130470799E-002
   21.876551708361728        17.894739534303874        25.614323288127753     
   1.0255188664393265E-002   4.8779909640112723E-002  -8.9229518709787875E-002
   21.986765824327378        8.0897637301432059        8.8420273274097312     
 -0.11276157535431829       -1.8500043584821980E-002 -0.13811399901515345     
   8.1568047839758826        23.971202457731767        23.694667832582638     
   5.8858805939472077E-002   5.3000600186602111E-002  -4.4326978186241123E-002
   21.634403678048752        16.524086945664976        6.8229068967569075     
  -6.7866241303258079E-002  -6.5111797543591546E-002 -0.10027502268377213     
   9.2568944092783028        4.3526461760987187        16.874708672514803     
   5.7696280134755487E-002  -1.1209583897857209E-002  -3.8372889539624193E-002
   17.983857607933661        5.4300969394201957        28.527267995539749     
  0.10667332286247419       -2.4103104730288715E-002   8.8763855634901745E-002
   1.6613881941849491        21.282584086523610        17.578941296873399     
  -1.4857401235521215E-002  -2.3676472427485114E-002   2.4101096182235597E-002
   9.7782133764506067       0.57741367069430449        17.561919186353695     
  -9.3028246940414006E-002   1.3639894364561870E-002   7.5036687678768699E-002
   8.0269498785123847        17.947387891599142        27.844044374977258     
   1.3669116376457638E-002  -2.8681883724169851E-002   4.3476595782501057E-002
   28.227888711301954        6.6455572365589086        28.261709154438787     
   2.0475203531828360E-002   2.6515752625772094E-002  0.10413077190867438     
   26.858499795943906        23.776725778425558        15.555050043521407     
  -1.9640665725421596E-002   8.4962789482098441E-002   6.4247868203287706E-002
   21.635805310157444        17.692677608618055        19.397279459277602     
  -4.1247832830759272E-002   2.8647484629539841E-002   4.9717682353824358E-002
   19.692262704531284        25.614666122677711        12.444215729038614     
   1.8130091324708240E-002   2.7308325825409576E-003   1.9470348995581494E-003
   13.687083608937623        13.581784184762443        23.591271265555928     
  0.13987187545039620       -2.5899795623892698E-002   2.6244537187564098E-002
   16.107400065314422        3.7079717745444354        26.100692175784907     
   2.7733604279000904E-002  -3.2183741349186626E-002  -4.3598636759369473E-003
   22.694174395388341        14.476021309036334        9.3589051332896851     
   4.0831026364702129E-002   2.6826175273047176E-002   3.3229822836811550E-002
   22.525741296218548        12.518323981330628        24.129020563427222     
  -1.7952384021552709E-002  -2.0867884730365837E-002   1.7301807684352789E-002
   28.172931011245062        9.9471684577371100        13.193422272394081     
   1.5731098761272919E-002  -8.6979957909046109E-003   6.4135098595554052E-002
   9.6525799246786939        19.497959068269626        16.004655704290290     
 -0.13909110064837715        6.3768821423387020E-004  -7.5424064011765709E-003
   10.674963457760301        25.257755116208706        1.2949958971063009     
  -7.3009151523798568E-002  -7.7241756279265994E-002   1.2682506326959131E-002
   5.1511061777105436        26.068771837578428        2.0683144901190444     
   3.2908986718987038E-002   4.6351500649454258E-002 -0.11311975265514597     
   12.149347781055607        20.197678787167749        5.4282206039768086     
  -2.0067209938786901E-002   4.1174419606831901E-002   5.2330379879940173E-002
   15.388200999939475        19.060697075920469        26.098378341864276     
   1.9976003078481099E-002   6.6747490409686680E-002  -1.1068090034731698E-002
   28.631443487234471        9.5086967848938730        2.9705999943966654     
  -2.1310341223277414E-002  0.10232729023426927       0.10168095692792525     
   16.537219602793030        12.962533823138159        26.804708889252872     
  -2.3363879702245616E-002  -2.3090893504454545E-002   2.9599184265166223E-002
   1.9023807787336093        9.2917238667117914        3.3577600262751701E-002
  -9.8887314695792101E-003   4.5410322820963175E-002  0.10465419622759738     
  0.77806077003995477        12.604620988620221        22.229815324593915     
  -5.4216846649792544E-003  -7.4189660090406201E-002  -1.3562286631963934E-002
   4.8781811990639445        24.080236911806132        18.688533653923113     
 -0.12635579749670386       0.10561182108996760        2.3560308323848353E-002
   6.6286167186840119        16.612901656663404        16.034256574292161     
  -2.7151715571893054E-002   5.9608674637582446E-002   9.5333077464893785E-003
   2.0774952961117696       0.98558279254043224        6.9291832150578934     
   5.1219714822786311E-002  -2.5907261673117538E-002  -8.3018338141263373E-003
   16.009952075336948        6.4860092271377310        5.5128771926031028     
   6.1393836599608578E-002  -6.7083805540341698E-002  -5.8928080730307440E-002
   11.899609669927409        17.545524828674861        17.406025560347917     
   6.8316467524072499E-002   5.0368625719937221E-002   1.2915046475044977E-003
   25.743969607982113        22.836964288159642        12.560633891979188     
  -1.7546952308062681E-002 -0.10058638568414698        7.5765990293570298E-002
   4.2532457403980235        11.276443172640009        8.9069645816104011     
   4.6368700857765788E-002   2.2594960982930009E-002   7.0453205983919218E-003
   11.977306429228108        10.533169019903900        23.287917437372901     
  -2.1471633609291630E-003  -1.1276221324223951E-002  -1.2775592504517413E-002
   10.826725813632626        17.475809118462678        1.3885644189244366     
   8.2039446583681452E-002  -1.4222337726697174E-002  -4.1103032660499292E-002
   4.9972495007441120        27.263567985481860        17.968541932149428     
  -2.0914574212463287E-003 -0.12479354626019708        1.4412351265437393E-002
   1.5635119514932281        19.468706540190254        25.038908322273972     
  -5.8161773885160523E-003   6.1267650825920859E-002  -2.1736923834034853E-002
   8.7087031346394692        23.769946066764444        11.650346875613199     
  -5.2825778881246406E-002  -9.1749962635632055E-003  -5.5921729408393239E-002
   11.683685071992388        18.319249347706137        26.524772256829202     
  -8.8406494848926633E-003   5.2878010908799740E-002   2.4239149602405405E-002
   28.715986506590685     
