   24.660511778588166        4.0220679671969322        17.407706415761076     
  -2.9344071138618258E-003   8.3340150738934624E-002   9.8240029452428768E-002
   12.766130382542373        26.664639377760935        7.6885562423747196     
  -2.9323316440643513E-002  -7.5778158141125582E-002   2.5810229652240415E-002
   20.169088957153527        16.884957771834706        19.498473388297487     
   4.7383413563724767E-002  -1.1662699361347133E-002 -0.13832427362482375     
   7.6602316144918339        6.0478126415594557        10.200151441548654     
  -1.5324411153501822E-002   1.1292545019060852E-003  -3.3794512776263996E-002
   9.5146269230938092        9.1260919875541369        4.6834467839938450     
   7.3540905212609115E-002   2.4215267288697603E-002   3.8086521197477109E-002
   15.585668581269967       0.48639952587364099        17.388315022391989     
  -9.1208452897995437E-002   7.3959434229884324E-002 -0.10965592996410010     
   6.9799400184910745        21.785116448322626       0.23515075013425030     
  -4.6146939895123418E-002   2.8383821999894514E-002   2.1255172746933351E-002
   20.646875577418360        21.807082989204499        19.050270849351197     
   2.9906134069844032E-003  -8.1950385780137344E-002  -1.9011569912460342E-002
   3.6713060883669786        2.3166350871328150        22.747580231641734     
  -2.2423413405995723E-002  -4.9915445115417900E-002  -1.0927524612699272E-002
   1.5398803747379317        27.452556983218123        4.1128716176484978     
  -3.0899542802963090E-003  -2.7772757423110590E-002  -4.2788943992544959E-003
   24.663705852779675        20.387045931002131        27.395117704263786     
  -4.6620716403621885E-002   1.5355380822875409E-002  -1.6338834367944061E-002
   25.093668126300688        7.1246928095084492        6.6015214843928121     
  -6.3350273283775058E-002   6.5597354736824404E-002  0.14307901380916149     
   18.315030679166281       0.73268875345074991        7.7314745725171852     
  -9.3837393553617088E-002   7.3099346296329262E-002   6.0632597421443085E-002
   18.293229576016852        26.252163372714328        25.820668849462795     
   2.0902716333157472E-002  -2.2513189119341005E-002   7.9759391609751082E-002
   6.7366964877907369        26.246197027792945        9.3955538532592549     
  -5.1776572587287330E-002  -8.3393072858806826E-003   6.5372760130133184E-002
   22.444052280017161        5.2425521446427927        14.859430612735775     
   6.7376076950036862E-002   7.4887992737498757E-002  -3.8277276818097852E-002
   7.7171602942047244        8.1923931720607950        21.543177086656470     
  -4.3604614054653310E-002  -1.7169131630579437E-002  -6.2392198308048673E-002
   9.5963814032236723        25.033998292985601        17.267297627196989     
  -3.7407904549013388E-004  -5.1403694089914791E-002  0.10292618792074289     
   5.2483348595174419        27.473029528800129        4.0234659786655582     
   6.2971618379036823E-002  -3.7600805195495357E-002   4.9612687095441789E-002
   26.780726383343413        19.989820134086781        5.7411000275836921     
  -1.7267990144013230E-003  -7.7245750993027537E-002   2.1840921126218459E-002
   6.4161304463883830        15.386744568975001        22.992405716360370     
  -4.7397565470364209E-002   2.6837017799072545E-002  -1.0017443307324511E-003
   7.4122859732104134        21.893514243721729        23.902127046082864     
   4.9813509339746327E-002   7.1516296539437793E-002  -5.0238991994200635E-002
   25.396125534150052        20.723485421848199        9.0274485724436513     
  -2.4229367215252293E-002  0.10402721129014980       -8.0948312458244600E-003
   3.0816851707066459        26.479042650124139        13.601869053139900     
  -9.1964466300236344E-003   4.0382973025690029E-002   3.0062248284550425E-003
   25.502430184740550        22.052953589068572        15.126336419240610     
  -1.9537043002018327E-002  -3.6756250943099579E-003   7.5175670775588926E-003
  0.74936088908019005        19.309237039423728        10.182588599106433     
   2.8040169939381868E-002  -2.8009975889960900E-002  -3.1242655798272401E-002
   16.594368048208768        12.780250846230119        12.050486178381004     
  -7.8674366727104102E-003  -2.4848728456435366E-002  -2.2998670148570256E-002
   9.6855784302548340        4.7482773828177312        15.859759852780643     
  -3.8598713989389396E-003   6.9021405797666274E-002  0.10584933504036985     
  0.50031307548180581        9.8464664049394131        15.655441071427687     
   7.5630769545213333E-002  -6.4205598549998480E-003  -5.1577076312385235E-002
   13.782201113137592        4.4265798397948100        15.700972325168276     
   4.2304063281557960E-002  -7.3847263805941116E-002  -9.0998288834093846E-003
   14.308157316104074        12.302782522809405        7.6308554753917042     
  -5.1951854354359887E-002  -3.2668318203847573E-002   1.7499684252686571E-002
   13.423153840130432        16.202666673854342       0.86353761033241816     
   1.4812365768279698E-002   1.6086301700767098E-002  -2.2803270006338642E-002
   14.654735447520467        16.325162142501213        13.983008963993592     
  -3.0514031916877198E-003   1.9206445069889295E-002  -5.1041758644314074E-002
   15.301034098705038        9.3231899322619674E-002   9.7249290282118750     
  -3.9546489753262484E-003   5.0712229864991611E-002   4.4535071312891465E-002
   25.862001125259169        10.365369218869896        18.238725636555330     
   7.1666965347726125E-002  -9.6802648841914807E-002   7.2819196078161674E-002
   10.153533873234624        12.695745213878441        9.5793444324944588     
   4.0751566530503732E-003   3.5411544963589753E-002  -4.0562958944194503E-002
   4.4666397986804123        24.715430616671231        6.9115813049012429     
  0.10396052847354520       -3.3928197029148115E-002   8.3142315318918789E-002
   14.472106757435778        1.1563476669244357        14.281629396378971     
 -0.13551648389344209        5.3443067750656569E-002  -1.0143246625554631E-002
  0.98743730116597983        24.887837701737261        23.639870544997688     
   7.2226756279438031E-002   4.0347995946291973E-002  -9.0452533740366631E-002
   22.737621755779927        19.536427160275476        24.946427950404455     
  0.11716871887169830       -2.0179930624853990E-002   7.6617931039597700E-002
   13.479553682195039        13.497800437513719        10.795854495578306     
   3.8385640337257172E-002  -3.3558526216927252E-002  -3.3981870502437533E-002
   12.513885633923653        3.1961336829121665        19.021528989189026     
   4.1587332769975761E-002  -4.4638971047100205E-002  -1.7946127485112279E-002
  0.56884829970083095        25.080501787167186        10.535475782725193     
  -5.9838859614640492E-002   5.4229996092369309E-002  -3.2279549760157455E-002
   20.139980895825794        13.798665352927028        5.9925040723943530     
  -3.7072420579882409E-003   1.8479938113053467E-002  -1.6676498347726547E-002
   21.893542544111387        25.701454112983452        5.3429447743669272     
  0.10238618395613906       -3.9867078439433143E-002  -5.1679886255701239E-002
   26.950369677970553        7.2035066677897879        26.955455725444580     
   1.8012765469376014E-002   4.8125276120697898E-002   5.3956114427847632E-002
   2.1793130724893852        8.1317782634834987        18.046961247825354     
   5.0431693386972370E-002   8.0443156406672461E-002  -4.4121756183875989E-003
   10.303667964400400        22.218558614816633        6.6476279685946524     
  -1.5149208132443697E-002   5.2469658896725821E-002  -9.5564927143775208E-002
   9.3477115621295432        5.0601197239471549        20.086117667747732     
   5.9213800173226770E-002 -0.10965847076670368        1.3850282249693351E-002
   13.484352358958207        23.941628374563606        6.2352885237066511     
   7.1238197348624507E-002   6.4801060285985630E-003   1.9919465086976257E-002
   17.082094369758934        17.779299147246238        1.2612220511667982     
   1.4067968431114342E-002  -4.4703241413592026E-002  -3.4625035532165525E-003
   5.1346165145611353        1.2600789445492155        7.8653058987518403     
  -1.1226877945851548E-002   1.1681422571154244E-002  -2.8317126754163025E-002
  0.52789032834452820        15.845691407388488        8.5390765478919395     
  -9.4879143578262565E-003  -9.3663939589124483E-003  -2.9980297822869387E-002
   14.338103435780599        8.5971842794837965        5.4529846962012787     
  -3.4867550803955281E-002   1.5956217591921111E-002   4.0534460318435522E-002
   1.4833257523050787        2.0105279016180444        13.473196591688581     
  -4.9554397989263171E-002   9.7939283654978657E-002   2.6108589172704120E-002
   19.084645130816735       0.62657155068583459        19.144061449561544     
  -6.0308665730360329E-003  -3.7831046506590894E-002   1.8496582531371106E-003
   2.8864984194264429        18.698833740934138        7.6509488662107943     
   5.9905019311058731E-002  -1.6793972944205763E-002   7.8213407827117151E-002
   24.911050835307790        13.199883474145270        16.594329011982147     
   6.3132263842271621E-002  -1.4556192132594063E-002   1.0562483249754871E-002
   24.271804872791677        16.421512075813784        17.213209727345266     
   3.7749201389099700E-002  -1.2912043422291240E-003   1.0476677043077922E-002
   8.0378288181379904        14.845064037079394        12.873866896265989     
   9.6808461851189090E-002   2.7308502484109015E-002  -4.2300531275803396E-003
   21.973430069731599        13.797961492420784        1.6689912308081822     
  -2.8345880335020491E-003  -5.4755306344991282E-002 -0.10055494252861459     
   2.3979595499475681        9.2760094622424756        1.8430643947884473     
   6.9421607100352391E-003   2.3619427240372033E-002   4.5910574804504320E-002
   19.845999454098834        4.8530582905688364        2.6043508640822393     
   2.5220844426353313E-002   6.9394872168338090E-002  -8.2475458487767730E-002
   18.593864753162588        14.420930267857067        8.7965860543672338     
   7.7818674960897696E-003  -6.5135210828839191E-002   4.4449297784917415E-002
   5.4801730898841576        12.925658827857477        2.6709105161818112     
  -4.3827404690162733E-003  -1.3088075401244926E-002   1.0577458737204224E-002
   17.709203015342940        9.8858656229691988        11.936662052037732     
   4.4317996889167550E-002   3.3995731639388967E-002  -5.2228130210704792E-002
   22.771585689496533        19.485010840115315        20.581250992688123     
   3.8120237399507734E-002  -1.5299805019905627E-002   4.1388829436676149E-002
   20.723066819324963        16.079005247412617        24.096702747417979     
   5.1775238052914084E-002   3.8602116847308021E-002  -2.1228899482949386E-004
   19.189702704169836        3.9941271428275780        5.7939406116476206     
  -1.0077586260784494E-002   3.8555804462623612E-002  -3.4930218723301029E-002
   16.224141951109463        26.484821285209136        5.8508512820831173     
  -1.5290545248659410E-002  -1.0955592856385313E-002   8.6172035892178062E-002
   17.679732305194896        18.771350346358240        21.109283983422131     
  -4.0734109953722779E-002   7.1518328278548815E-002  -2.5319927052180894E-002
   15.847073675042843        24.045436888982817        26.222991986840690     
  -5.6740144344963925E-002  -1.0604971977734414E-002   6.2466678513497381E-002
   16.389242231914867        3.6128627289922206        13.510997029034694     
  -3.0608664374290492E-002  -2.4854710120077807E-002   6.8008652803537961E-002
   23.875371570635902        5.2647211687179665        20.884794670119938     
   3.0782510060674749E-002  0.12877611679862913        5.5052272615781384E-002
   16.854449249471713        17.421507887414215        10.422990141472296     
  -7.7824226764499072E-002   5.9889967190599339E-003  -4.2145519370112058E-002
  0.81799364859006318        9.3419010504629263        21.079136166556111     
  -1.9079502691310188E-002   4.8938328806359968E-002  -6.3304945553700448E-002
   11.039931023822623        11.846427833747329        26.661372420203964     
   2.1381917544096345E-002  -5.8484158201517492E-002  -1.5990191696544451E-002
   16.279593288726147        19.641942632192229        13.760575336323416     
   6.1979932661084508E-002  -6.9633340374518557E-003   3.1179568210902158E-002
   24.508919016089916        25.147387240120679        15.138281418951951     
  -6.6310621970031250E-002  -2.9966107508857490E-002  -2.0019503438203193E-002
   17.579217041628876        26.055442577294130        1.5055699401721079     
   1.0181456389746621E-002  -2.5509080989990916E-003  -2.8246628965687373E-002
   3.0103595647359516       0.50303284788894709        10.443953951747053     
   1.0445862882235471E-002  -5.4905409800575379E-002   6.9228214532127495E-003
   1.1558754009922811        12.729752120730398        18.236184710338126     
   8.7314908135126698E-002  -2.0011876368610668E-002   4.4147383080573907E-002
   2.5083178182560268        19.568481873737557        19.352824792594028     
  -8.6382922448685236E-003  -3.7394782595338828E-002   3.1521802310141483E-002
   22.055868103593831        1.0866846087021853        15.674984937210530     
  -8.4899817792439512E-003  -7.2474092056884182E-002  -1.0829117647775917E-002
   2.5133291889802982        6.6675748255656879        24.964375186386309     
   7.6049034440612354E-002   5.0297002329969732E-002  -7.8378745156745880E-002
   18.019545005854347        7.4587750457362425       0.42256827123735580     
  -6.8854352786571316E-002 -0.11918137086449138        6.1435998472586850E-002
   21.628227218135240        7.9399024890048278        23.435745897579874     
  -1.6861909449591306E-002  -5.2595536538586219E-003  -1.4864563849529180E-002
   13.335081627962651        10.024379486900935        24.089820077661493     
   2.8817455970252476E-003  -1.1383309697855464E-002   3.1059046448461403E-002
   26.699970472209568        22.040313240129176        11.540117042308390     
   3.3844597353202381E-002   6.0046216408237311E-002  -7.6307957432916448E-002
   1.0957817256583495        21.988236893459131        7.8664485785910898     
   9.5437426297712125E-002  -1.4202566206779777E-002  -2.0108869914833565E-002
   4.8811371845018368        5.7980722499107822        8.7499149457214767     
  -7.7781462724942144E-003   8.5301830672364787E-003 -0.10741513838591531     
   17.627767534917393        20.894053558781639        9.1382168678818427     
  0.10527020841113828        8.3025019785234647E-002 -0.13197948962010764     
   25.782249263354913        21.387131903034668        2.9779085338783151     
  -4.3614948366853680E-002  0.10930040356589564       -5.6797875500621785E-002
   13.877442573704769        6.4947936006563811        8.8150113815202555     
  -2.2275553704836790E-002   2.5918996410376167E-002  -1.7154922003525742E-002
   9.3463280386316843        5.6080380902359215        23.535753028489616     
   1.9992709621049334E-002   2.8739345239850184E-002   2.0454944589620282E-002
   17.464806317274256        16.536462728770360        16.428314614477049     
  -2.8567565520317112E-002  -4.3506112163885627E-002  -1.1875561465273644E-002
   20.922134812676859        7.8426146036237068        17.428319437121761     
  -6.6566456228191800E-003  -5.0317014785781732E-003   2.1263508235676118E-002
   24.345480035216909        9.9787438755951925        10.148441941772520     
  -4.4730564658213852E-002  -3.8852569883782329E-002  -1.8077648487975741E-002
   17.005303534526607        22.940977598386379        6.2211312641912828     
  -7.5180129771339602E-002   4.9234212142924547E-002   4.3625099310294043E-003
   24.082837683217594        9.4021008956363445        25.977728575747253     
 -0.11389535020080810       -7.7804561607870250E-003  -4.5120362378357301E-002
   27.429510244710514        22.323953330465621        18.037568183867272     
   3.9196382909101983E-002  -2.4357352717545414E-002  -9.0198891991451327E-002
   19.374846164950927        24.757380194782264        8.1403025773204174     
  -4.4962003306280279E-002  -1.9673661378931300E-003  -6.9633329639453775E-002
   4.8725619563246703        15.028829924304640        11.622133135659105     
   6.6109428898595390E-002  -2.2859473456669232E-002  -2.5628599530438681E-002
   20.450230634623200        13.342261026354926        21.750347582672585     
   1.3114140818832611E-002  -8.6224111364294989E-002  -6.0616321231667616E-002
   3.0403375867213098        11.627286421083609        7.7618991067422396     
  -9.2554792866590633E-003  -9.0567571418443377E-002  -2.7104071407664177E-002
   18.326528835592416        15.552328575665394        13.151148319759546     
  -3.7820435608076991E-002  -2.9333415131003990E-002  -1.5736257418554212E-002
   26.411566581730632        16.235951844601807        27.644457813632293     
  -2.7209327548436444E-002   3.5361383335131356E-002   3.2995307186277794E-003
   6.3911758299149009        19.607699888447183        10.255307666536186     
   3.1003018482811378E-002  -8.5223583147418333E-002  -5.0088254197358247E-002
   4.1902424658095185        6.6602176390285672        4.0173165084220166     
  -3.5391001805194229E-002   2.0007900655556399E-002  -2.2397155848602635E-002
   8.8786805089947105        14.009948423502767        25.256511222471921     
   1.6870053821297328E-002   2.7718188662243973E-002  -2.4881983094239963E-002
   11.100583785813594        18.510608734068345        6.3681853893825719     
   1.4938619289934982E-002  -5.8597059695479362E-002   1.2062553007696347E-002
   27.569135810724230        13.576073461379053        26.278819074631567     
  -1.9637434091648347E-002  -6.5047585036281108E-002  -7.6369790937171125E-002
   5.5415215875885506        9.7512791807117516        9.1240160318804584     
   8.6664351906285977E-002  -7.4449323142508517E-002  -2.4002804018449689E-002
   9.1191247681991214        18.202941363820344        12.881004612503126     
  -3.3314163856694194E-003  -2.0813873230105223E-002   1.7357713406912830E-002
   13.607043565048805        3.4355682465161630        3.4948148464855842     
  -3.8970517622334923E-002  0.10751167263703321        4.0272204693301707E-002
   8.7305489161344489        16.043030056952439        2.4437881052389314     
   9.4594393368067298E-002   4.3721146871221958E-002  -5.7500162093311623E-002
   21.173692676529306        10.004722854637460        11.813334306210120     
  -8.1774382649363153E-002  -3.9444279043658402E-002  -1.7560377796771290E-002
   23.154850660747808        27.276011173083052        2.3284621135348362     
  -5.7587866688968488E-002   9.1029193838187111E-002  -7.7420437939639736E-002
   2.4712477771705892        5.2839052419677595        12.864021140171673     
   1.1910966265199762E-002   2.2760425599639505E-004   5.6870904214008637E-002
   2.0789274085923161E-002   3.2891796391745074        1.9894667325252702     
  -5.8816359898696075E-002   9.8934453952077318E-003  -8.7606177668946073E-002
   19.054141882507565        6.1069662824546764        25.051637572032885     
   3.2854618885678095E-002  -8.2472019123337167E-002   2.9035429021564734E-002
   11.323739186047890        27.483266559896311        11.046570705126745     
   5.1307251995181075E-002  0.11828082836012822        1.7505368367189376E-003
   22.441300445915292        15.692449578794841        9.0001362938414609     
   6.3666567930757048E-002   5.6652505614381350E-002  -3.1864888308701558E-002
   7.8822400546240186        26.106881322557875        22.909756804121216     
  -3.7686712593393464E-002   1.2882033294372795E-002   3.7451227819952478E-002
   16.320847767952703        9.6018905398712349        2.7833867439602331     
  0.13864018019445168        2.5267290666725634E-002  -9.1127028385901490E-002
   14.847326138616348        12.191372778328628        4.4111559910032234     
  -1.7733315944581787E-002  -4.6249812045931711E-002 -0.13975495886662662     
  0.31820572046140300        6.2217751480094279        15.241890132993960     
   7.9892115657680743E-003 -0.14050695885360834        2.4268449325297876E-002
   11.171046650344115        21.829563199988758        18.098933457248958     
   1.0329443166192370E-002   1.7409467770285920E-002  -3.2800251554590105E-002
   5.1671311872416341        19.052763977799195        17.284260993489958     
   2.9129816874273927E-002   3.9031134548387345E-003   6.1903919498326979E-002
   12.255656408538668        24.162089997854302        15.522196794907472     
  -4.4094849977663858E-002   4.9872972392337733E-002  -6.6475188803718693E-002
   13.558082231064112        15.744196013353672        22.522648732327628     
   7.6324004254412206E-003   4.5448834757589381E-002  -8.3111249901843993E-003
   5.4268910197355806        9.9972799821958134        4.1511367183752208     
   7.8759210678163438E-003  -8.4359662686332909E-002  -1.1996794760238846E-002
   23.237118914528747        18.454230856990005        7.2574140337988720     
   3.2804931918877012E-002  -3.0999861448718379E-002  0.11929600055811876     
   25.010873640784119        25.778681538789254        8.3368438191301752     
   2.1760108983023243E-002   1.1690280660472717E-002   5.8791444153862898E-003
   15.924011643151124        24.246902480339692        9.0736097617663916     
   2.7845524044039019E-002   1.1158884971271814E-002   3.6529215535860112E-003
   9.2184882385656728        17.284276339490283        26.346329437027663     
   1.7055747680301887E-002   4.5124275064793773E-002   7.4820996395568579E-002
   15.213926072488031        6.3785162294511775        18.294452205344836     
   5.4038972879264985E-002   7.7071767819349463E-002  -4.7581989085457743E-002
   17.620078564496513        11.002842938445607        5.6970994457819248     
   6.8407243625774397E-003  -1.1449389355588580E-002   1.0269586124042523E-002
   23.710967453229880        3.0556632453317980        1.9523441257397300     
   2.8285512592774450E-002   3.8656477360741917E-002   4.0923009223669440E-002
   2.8480696098204743        3.7156206183441647        7.4927220101678671     
   5.9067390878617676E-002  -8.1051768517373862E-002   8.1436001133313216E-002
   26.003785317397234        16.364080436852440        6.1820647047152528     
   2.7604831528692909E-002  -6.5546818633633042E-002  -3.9101684702652136E-002
   11.182447607893939        7.9140175538765796        22.140270790059088     
  -2.0578901290497043E-002   3.9997056063081262E-003  -6.5086288505155063E-002
   4.4755726848940443        3.2138262162321500        11.017175085055079     
  -5.1309447933324676E-003   3.2252190459392448E-002  -2.0566780047133876E-002
   3.2776378613996284        2.7907856217070917        4.3314898030891467     
  0.13350387723383200       -7.3148305452767556E-002  0.14071853528023190     
   13.843472616676500        7.5309976869779200        27.441785234482865     
  -1.5488288927492736E-002   6.4366668370625060E-002  0.10562473782331472     
   13.482072725525581        18.527053605110869        24.714717806806092     
  -9.4484772653291513E-003  -1.6850782708151515E-002   1.0127788458347602E-002
   26.152178789410186        14.160334130763927        2.8473058771151041     
  -2.5330924520320382E-002  -3.5116510504629168E-002  -4.1676717545335265E-002
   10.357863696340237        19.490736317794163        20.287739804164328     
  -8.3735040037659303E-002   6.8048555822220316E-002  -3.7261975447217051E-002
   19.769240463015784        19.221395448651126        12.088319147049823     
   5.9561669477293508E-002   4.6181957011004549E-003   1.4872563220455957E-003
   3.7373169745992492        25.638122915103867        17.010367194364086     
  -5.6408485829888763E-002  -5.0748661108861393E-002   2.5568768802673603E-002
   16.417701161418794        15.507263299315698        20.146635921403885     
   4.5095952801464396E-002   9.0561208498591728E-002   4.2276072661112229E-003
   9.7412796286458487        23.493945536883469        21.384614473160035     
  0.13171772976216303        1.4095742430109769E-002   8.1250286458959514E-002
   23.592067275420302        27.397486759579429        18.829515713265511     
   3.8978829845846830E-002   6.5901650327426925E-002   1.5446422487085866E-002
   9.9902819477060714        6.7671308735512934        7.8475893239319925     
   7.3310678775189334E-002   5.5835289443021130E-002  -6.2606433532705244E-002
   15.290778765001557        13.154117112583926        24.422175077979364     
   4.4488900256328678E-002  -1.5776747589091290E-002   2.5129373764515704E-002
   21.436144251265894        17.011213535787380        4.3037158386005911     
  -8.7055992132615126E-002  -3.3532847083167380E-004  -4.1176854695971016E-002
   10.654122138238783        6.0494257640499329        1.1982818598230751     
  -1.8376692181976673E-002  -1.8105117352986429E-002  -3.9173469615023668E-003
   24.973451624292736        7.6173175327597935        16.423144396728915     
   1.6545805698618594E-002   2.2689631051917861E-002   4.0675217995676263E-002
   8.3289488308502317        1.4048695199211754        9.9704110845428087     
   2.2078065598748642E-002   4.4819729595514904E-002   2.9585771321904559E-002
   10.255058973921624        11.947976266464789        13.606229489483406     
   4.0059830636020050E-003  -9.3486566998254264E-002  -5.1867274693939642E-003
  0.21421309341499872        15.962925054573637        24.125847784285568     
  -2.7676901379574282E-002   3.4859365355059693E-002  -6.2370352909759307E-002
   7.4378535643707089        23.658978285092882        5.4449569983256367     
  -2.3264266600037269E-002  -8.8392684456220713E-002  -6.2636174551206026E-003
   19.311100249955349        11.008505859634671        8.4942510846899300     
   6.5297672922156352E-002   3.4263829946626981E-002   1.3967625616390174E-002
   24.456690460676988        19.254603459057400        14.010333850052133     
   9.7353376676595091E-002  -6.5940910089457488E-002   8.3756363644354029E-002
   8.2937458719717547        27.622042816268767        6.5397326686621478     
   2.4669559395151565E-002  -1.4511221300850250E-002  -2.1968337499216968E-003
   16.830248703813115        10.227066912533369        18.023804114110948     
   6.4902552251465781E-002  -5.4105962837368354E-003  -1.4693581134222748E-002
   12.060507838248551        4.5888088682765673        13.260853329583400     
   9.9139666285295771E-003  -8.5293860318500572E-003   4.0915576912348720E-002
  0.35361850059057187        18.526990191821493        1.6433522984180213     
  -8.2819168450057823E-002   2.5755360824390012E-003   4.2779731803295196E-002
   18.089158851740883        6.4225309166017990        11.352045008189833     
   2.2677215803941310E-002  -1.2835166102567012E-002  -7.5682700866145369E-002
   10.429627992649772        19.266022548031355        1.7647892013896105     
  -1.1428578320521066E-002  -7.6129125459106370E-002   1.4642232581193626E-002
   7.6958776988463038        25.017133841800664        2.3771010120125280     
   5.5705223602890902E-002  -1.6809333277844733E-002   1.3719607973795863E-002
   16.098255085051782        4.4833349710971513        27.473806339547259     
  -5.7318856025929683E-002  -2.6036857515122018E-002  -7.1985007660152797E-002
   25.420905702115814        17.120882295576418        9.8150822913740257     
   1.1587306401935500E-003  -2.6024124841556241E-002  -2.8924602152682031E-002
   19.400232467907610        23.234065162116980        2.9726157954862091     
  -4.1884852314150178E-003  -4.3903294492046746E-002   3.6973098957028598E-002
   21.968125254744375        20.609073531890012        2.3870237567119488     
  -3.5390057755148030E-002  -5.2239703738505554E-002   6.4646600459393230E-002
   14.616460003345662        24.068211055007659        1.6260910270540345     
  -3.5775900063560837E-002   2.7093956272832273E-002   4.8382185825484834E-003
   9.8580322993008451        20.882936659267262        26.359826838964537     
  -8.3213593319038159E-002   4.3186978819889033E-002  -1.9200135926099073E-002
   6.0424963020955520        15.309342280105643        27.160118734638814     
  -8.5324348631123370E-002  -2.2617715484564175E-003   1.9641489387537330E-002
   24.525150926469696        14.587325807285444        24.526923069636926     
   1.6818549447023563E-002   5.3136743820520735E-002  -3.3507805189823874E-002
   16.740718062780815        6.8512838162819429        6.9013052619774493     
  -4.5709468145583035E-002  -6.9041218983309796E-002  -3.2666069531582305E-002
   12.032037059420496        19.252211286747720        15.097884796837230     
   2.5790564557974655E-002   1.5918177828543371E-002  -6.5568570843422713E-002
   16.602087316181009        25.304864201298965        19.145858262947293     
   6.9257071032737885E-002  -7.4222587588949770E-002   3.3982275774774758E-002
   10.948421094560310        12.943379469644778        22.660932743807596     
   5.3667420273444212E-002   4.1075147373932773E-002   1.4126071810625791E-002
   1.4526790426039387        21.996684814648642        4.3728480181196110     
   5.6334448171670812E-002  -5.6989601629416950E-002   6.4212880267586925E-002
   2.7417538653790530        21.937600716507514        11.663314270175180     
  -1.5741799260724791E-003  -5.6864780442437479E-002  0.12162605703332273     
   12.762082581543229        14.993171096237441        25.572538200263484     
  -8.4145757690190684E-002   1.9770212990855469E-003  -9.8961840375627261E-002
   22.440650713415565        5.9293049679382346        4.7281536511574771     
   1.8011696717264637E-002   6.5036382963668017E-003   2.0687222117825470E-002
   17.067549286472467        22.377828093433500        20.706255354293624     
  -1.7772436046067312E-002   4.7360863277884017E-002  -2.5170191724918779E-002
   6.1386372123717070        24.192084088146057        13.824888001027762     
  -3.0346316854467918E-002  -8.0762233078352300E-002   4.8195888860650127E-002
   3.0420568320699348        4.9526000591990744        19.500866319081872     
   9.5995351560361972E-003   6.5773312122364841E-002  -8.5953385990085993E-002
   4.5524813121377337        16.990253532376570        20.761179281105985     
   9.6282735775465977E-002  -1.4474789328392527E-002   1.0235660053692166E-003
   11.834533539612965        13.928116060030900        2.3892354984809892     
 -0.12570659722906907       0.11954673897797649       -4.9950430610376809E-002
   25.190492468578483        6.8052505054290346        2.9091875474871460     
  -5.3504115007141518E-003   2.6950021303045659E-002  -4.2122573374368645E-003
   1.0636654773531113        12.107368607341986        3.3645402506700659     
 -0.12514778425938050       -5.4560566073754736E-002  -3.8928108684219680E-003
   6.9136538014280848        13.835165421734381        15.623348440065458     
   7.0581270342021149E-002  -3.1324014164000227E-002   9.6321419966092281E-002
   25.654460403978170        4.8459509917766423        13.039007459339903     
   1.3557400882469803E-002   4.9011465858056810E-002   5.3526666556601495E-002
   26.534219011482161        1.1107610447599936        19.336334645188490     
  -6.2178429884431313E-002   6.7387447715001741E-002  -7.4423429314004419E-002
   21.475843823779115        2.9705781329744649        19.700692505472041     
   8.2833051935309779E-002  -2.2115350433976937E-002   4.3325889970014554E-002
   2.6389696285555559       0.43058017448611818        1.0921424917826732     
  -8.2874286324007597E-003   7.0906635932988876E-002  -7.3053037708196615E-003
  0.14463227349136665        2.7933088740758549        22.639222069395576     
  -1.3172322145700719E-002  -1.7419731254007093E-003  -3.4774012352226241E-002
   6.6372395406719962        8.0788155856959030        24.704692447897280     
  0.15577680551628814       -8.6049157497676304E-002  -3.7418762477533341E-002
   9.1003300824033406        10.284405753260009        7.6255988361115863     
   1.2222180359714126E-002  0.16792559472561353       -3.2264265950011424E-002
   18.234137292686810        1.9083241280800136        26.114964233546047     
  -1.3101043603124410E-002  -3.2822906678642523E-002  -9.0890743273658578E-002
   25.534685584631998        6.3479600417520379        9.7348097127099553     
   1.5033200211957084E-002   7.1562129879217132E-002  -7.2169431039187298E-002
   2.8708671037448874        12.625577744979484        13.960009518333726     
  -7.1946116505748878E-002  -3.9766812598044064E-002  -8.9639449957954712E-002
   6.2299537289466826        4.5486134205666087        6.1189884184846886     
  -3.4916815675176860E-003   3.1684142956885597E-002   2.3384791499988636E-002
   15.251341006548541        18.951646705673834        6.7604561742058413     
  0.10073422811639554        1.9493594462339603E-003   6.7947659957386830E-002
   22.556070090107855        23.359613362220220        8.4528277517544677     
  -3.7853402337581804E-002   6.9920988516314906E-003   3.5389361445415288E-003
   5.9172741312342012        11.697264098113672        12.332730571703097     
   2.6068460704441038E-002   3.6234022624964141E-002  -1.1004471589604480E-002
   10.696665590781521        25.822186734814515       0.80429633195609573     
  -2.1814302970325473E-002   6.3582149369621324E-002  -8.5423828902662757E-002
  0.85881812600261298        13.006404020195099        21.823749459046343     
   5.1218094841563089E-002  -1.3665365756124651E-002   2.4530755920285762E-002
   12.114615829781926        6.7129876029802125        19.147181300834774     
  -2.7601317763671075E-002   2.5740098143385608E-002  -4.7912620585739883E-002
   24.254227809958262        23.687031288701530        19.045645788189969     
   1.4813023837887070E-002  -5.2977745832424289E-002  0.10750554028319163     
   13.602998126471697        12.982052078064999        20.204730376725063     
   2.4782767291455506E-002  -4.6758408133560553E-002   3.0179955505970923E-002
   19.859044758195161        1.6474744433529773        1.5992557132235772     
   3.2571889934053452E-002   2.9746734514485302E-002   6.9582563229005828E-002
  0.64652655119166402        3.5158044692765205        26.459744555789975     
  -6.9355832199179318E-002   2.0880879968830871E-002  -2.7332829435157302E-002
   14.956197961698351        6.5570548321241544        24.300313786638725     
   1.6205773839922073E-002  -6.1563283882453109E-003  -3.2866801208169330E-002
   25.852677590788062        16.690539573623369        20.307818765605901     
   9.8929423690333515E-002  -2.5420145956916291E-002  -4.4986500031327613E-002
   16.874628182107351        16.402997787681414        5.5421788875798423     
  -8.7104708582106422E-002   1.2685466117239790E-002  0.10923983599282520     
   13.512263248877805        22.825475347481401        21.029487893117967     
   6.9475178290605150E-002  -3.3808353997193549E-002   7.5994038567147660E-004
   13.250636584852359        21.068336874386528        1.2190121342308007     
  -1.1431413072827188E-002   1.3916330060979654E-003   2.2914457250043180E-002
   10.776671294532745        3.8038117342033089        9.9424563304277278     
   4.6431996128128053E-002  -1.4680573346604602E-002  -1.1118540882999698E-003
   5.5152509346286873        7.7112656342588881        11.848127363649491     
   9.3053499626793074E-002   3.9575037437073718E-002   1.8774033703288046E-004
   7.5538349223545751        5.2991743103311517        2.6698378732180879     
  0.13051477724072344        2.3746878736789108E-002  -2.0643532556804300E-002
   14.671092684879618        4.7975473881542188        21.544379857291688     
   1.5345134606210441E-002 -0.11204992536771105        1.8504290442437468E-002
   21.684177201768772        2.0224855325176061        5.3475322799458027     
   1.7065676379192897E-004  -4.1442972376106939E-002 -0.13683253259713690     
   10.174028026924306        26.849400497484950        20.172906749743291     
   6.5883681673293365E-002  -3.9122001241569247E-002  -1.4588871558290268E-002
   19.371952365710484        24.961295657810719        21.455046211639992     
   5.3489263719692898E-002  -6.7606470186993520E-002  -9.9424730428117392E-002
   14.770932013153251        17.799738529030016        3.4500188125136448     
   2.1804495134236188E-002  -6.0804668099943185E-002  -4.3917428366703481E-002
   24.836025707679784        2.2551060587273035        7.8516559695687684     
 -0.11611232365512283        3.2950827782979787E-002   1.3762986446571887E-002
   15.773330761196958        16.768243554974639        25.807010707070258     
  -7.0533804975782613E-002  -2.4413387538515623E-002 -0.13901139495264281     
   3.1014265421616161        21.847235244108262        22.827387052867429     
   4.8450729564084409E-002   5.7306638335115491E-002   1.2062813107298821E-002
   19.490852277063723        17.790917229662210        7.9802744321735943     
  -3.4879140651835894E-002  -3.8723698548318752E-002   2.0139536067969258E-003
   17.406005629468712        7.6220012956380225        20.755777496566147     
  -1.7381757683288649E-002  -5.0509468466346318E-002   4.9178577937004114E-002
   19.936388828090514        7.8124716907745961        14.129905836642624     
  -3.1424789144646359E-002  -7.4295389869992977E-003   1.8744518394163877E-002
   14.492844091832126        12.305572693614810       0.21279686074767132     
  -2.5527860211312779E-002   2.8199616452679984E-002   1.2150046131425639E-002
   21.518995925965072        16.117430888666711        12.303547709137534     
   2.2324546226158690E-002  -3.6321471986717264E-002   2.0227458735348074E-002
   4.4342025325007377        11.478523740955501        16.722604744266736     
   2.2542640857044757E-002  -4.8810697015475045E-002  -8.0913335468490218E-003
   4.8381972120845971        21.677718857885960        5.7424991012856710     
  -5.9107029143011056E-003  -6.4809381104179616E-003   2.3096337864261335E-004
   13.850543523509717        27.180886076483024        27.558403840122491     
  0.15240972398560251        6.3003086554545715E-002   2.7682345936350612E-002
   5.4391696487592700        8.1414864359963346       0.91243765186852122     
   8.3619035857326163E-002  -2.9749111937785823E-002   6.9651278537021530E-003
   19.123545191668907        15.060431320677864        27.031659229581152     
   6.2003235618922188E-002   7.4703129281248670E-002  -9.5424332713655250E-003
   25.864859518793434        1.2919188753143744        15.830172878017658     
  -2.9203070817158804E-002   1.3267111806492357E-002   3.5372684118989486E-002
  0.19845990484751111        14.856191308452733        15.454703271869770     
  0.10512202395967565        1.3895548420187881E-003   9.1705255328623766E-002
   8.4580087795704149        23.264695282925015        11.590857312862768     
  -6.0018097485697773E-002  -3.4546789539940288E-002   3.0624254495014443E-002
   21.759213042485666        12.425669744829772        25.733426154412165     
   9.3326457072068755E-002  -7.2047302142500561E-002  -6.5856286948720019E-002
   7.9162172158975137        12.913738652025806        5.2387301661621084     
   8.7138200380629277E-002  -9.1748425887952095E-002   9.9136718852401287E-002
   13.097464452955201        20.518554752025963        8.8534344839829870     
  -4.0483317529459710E-002  -5.0956222766386769E-002   1.0445027945441181E-002
   19.131750588565538        19.455586167474930        24.646954030537287     
 -0.10189051848269308      -0.23059583241133530       -5.3746310638377141E-002
   8.8064797198248872        24.113186532442100        26.107083184596682     
   7.3165517713072378E-003  -4.8921266585444635E-002  -5.7414345247797254E-002
   17.999108826047699        4.8543295940083828        16.634887394577031     
   8.6305579595594206E-002   2.0198842825688488E-002  -2.3013851072844396E-002
   25.624474988288892        27.126050675768187        4.8673515786422987     
  -5.9160037618925403E-002  -4.6806327656476526E-003   4.2971991857462595E-002
   1.0088803209164343        3.3430029913117045        16.623854667349544     
   6.6281685186676792E-002   3.3473581988004354E-002  0.14328639295220996     
   25.057096112601553        10.918280983860503        6.9839194725638931     
 -0.10215792286972863        4.7416892893352498E-002   5.4056677761280446E-002
   3.4214782892061097        14.806741797077763        16.973795512611719     
  -6.9001529723313568E-002  -4.1903367489800718E-002  -5.6840188311684040E-002
   8.9671158225310581        10.314588105989595        16.383619378043583     
  -5.5507245166801139E-002  -7.7818167910034229E-003  -3.6060766351450058E-002
   12.022079674299039        4.6151931142096645        25.902754691360830     
  -2.2207446251449828E-002  -8.4541751291271838E-002  -3.1394096038339460E-002
   18.781691284959340        7.6550191046447997        4.3754288016891270     
   5.1167232685348805E-002  -6.3246782862997550E-002   7.7185572578631588E-003
   18.799773073451536        22.136922184317253        14.000308792721270     
   4.1115532746515649E-003  -8.2763403437881508E-002  -4.0508696456338709E-004
   27.068149748929478        6.7031937229504504        18.856280284160228     
  -7.6083483515313632E-002  -5.5651308248440237E-002  -1.6959709619798109E-002
   25.337450203591253        13.654269420711337        9.5967306327849240     
   8.6869724891978611E-002  -4.7013349582561079E-002  -5.8466266545409089E-002
   20.513920566991782        9.4002080230977008        26.593123155844641     
   8.4353291948866566E-002   7.4630234942714424E-002   6.6173601897401846E-002
   25.524899466654649        22.731118607663536        22.829060077206108     
   1.3040373987902863E-002   4.0624169949462212E-002   2.4776215700643329E-002
   1.4249311608595825        6.2613354903832192        10.153638513484639     
   8.0780260204849436E-002  -5.3883528414677397E-002   1.4604954471200965E-002
   4.6146312867617656        13.338705628873047        19.987006812754004     
  -8.2276000783929951E-002   9.6357035604047164E-003   2.5343607826779670E-002
   14.899149142629177        7.7245171992008990        12.090176904960730     
  -2.3118468914508975E-002  -2.1259874444136077E-002  -6.9675559755007027E-002
   4.5630795480888908        21.839001221670749        25.686289349859262     
   4.0975082551823340E-002  -6.7934546080142488E-002  -8.4666323790648201E-002
   21.043316067224019        3.8164084861845620        22.863519127660101     
   2.7933131839425609E-002  -4.0503562261035839E-002  -2.5231608587860575E-002
   6.6586093187854853        4.5917136813797095        17.996646640937858     
   8.3043965003084849E-002  -1.2003036736524478E-004   5.4729374114306686E-002
   3.5140219257173415        24.598526026342942        3.2167523166595058     
   2.8384830880007563E-002  -4.9655310068754704E-002  -2.1042293489606682E-002
   5.3206880896224495        7.8007645416984106        18.689534738521942     
  -8.2106794873487765E-002   6.3978071093403754E-002   1.0493378604157477E-002
   14.082670692905282        27.214653835556131        20.604164337084814     
  -9.8224297484682407E-002  -3.5379152027194549E-002   1.9380853770951108E-002
   11.629507041607127       0.65524201511990132        15.882493092120693     
 -0.17676865280348347       -3.9276770198599271E-002   4.8576439634820466E-002
   23.300691120979995        23.785172092685730        1.8920071099374944     
  -7.9485927191710933E-003  -7.3285236763268813E-002   6.5714984550065539E-002
   2.4493883124255165        18.794639866833741        4.1306959959083658     
   9.9381109272598488E-003   1.6492705226266217E-002  -3.4491219088803385E-002
   17.658715739219708        15.606448162842595        23.426161606112515     
  0.13910058985754956       -7.7242656675799354E-002  -2.1231614197282154E-004
   15.660087532312717        25.540622826733578        14.950344805877375     
  -7.4790623976486795E-002   3.9014264294761521E-002   1.3677061279164413E-003
   9.3096642419527740        3.1459187482186821        6.5386943839500287     
   8.9347738467375135E-002  -2.1768167337557891E-004   9.3418635371747730E-002
   11.720660751658077        6.9332067937091111        11.122396935293935     
   1.8448245918796211E-002  -3.8118704044861132E-002   2.7341651842646371E-002
   24.010304781770170        2.2154376663586040        22.337857082959470     
   3.8321788091039741E-002   9.8782608962706825E-003  0.10316003143035345     
   13.749983863123035        16.408540056793132        9.0098788238270657     
  -2.3843105834868646E-002  -6.7049617189087654E-002  -1.2693574983159778E-002
   6.2303859106354640        17.319484096409269        14.576539407443381     
  -5.4875567802524179E-002  -8.5640561516085231E-003   2.9877049585430419E-002
   10.825981845952050        24.031181477683489        9.5443882941489324     
  -3.3993507962515636E-002   2.9754712981470165E-002  -4.8712088796375980E-002
   10.840820368690292        25.384877641611133        4.7487888277595109     
   3.1854429962572026E-002   6.6564985079925381E-003   4.2048891941620543E-002
   24.736996567027784        5.8868364136357378        24.430092443700545     
  -1.9202484051244653E-002  -5.6475050234095485E-002   7.7141650569905768E-002
   8.6724526500810999        13.039165652895869        1.5309504864987118     
   3.8276595652011025E-002   8.3510597405300299E-002  -1.3630757619592546E-003
   5.2610439430770244        16.984596656570982        5.5049549386640928     
  -7.8480223525961346E-002   2.4352938866183917E-002   4.6873913038663867E-002
   6.0482192079256745        11.804136143717086        22.579830283745945     
   1.1054325439007674E-002  -6.0584716694800207E-002   6.2966761990486064E-002
   16.236957173853426        9.4866617706566903        25.967821098638129     
 -0.10721265124279787       -2.8208996879299369E-002  -1.8598686955384837E-002
   23.875536423164338        13.788683874820412        6.0243490436634968     
  -5.6718503068071927E-002  -6.0951019249749903E-002  -4.3545090455172943E-002
   15.799350172820953        5.8838359411238406        3.3634527111532160     
   1.7012975339404459E-002   3.3439963310992589E-002  0.11603460203200648     
   21.291991859695173        21.477966203839024        5.5571474376906904     
  -2.6923397816209574E-002  -6.9454503866966680E-002  -7.1701757454288570E-002
   16.049531124976941        22.699043923207352        11.979181609725217     
   5.2603406346569494E-002   9.1979616500850944E-002   2.6787202091800616E-003
   25.808101929375990        7.7737558868731806        22.126244857210612     
   2.9841240449322307E-002   3.1001488449899127E-003   7.5186724405573646E-003
   10.863673250730074        27.385621731305598        25.249776233859404     
  -3.0941696528267622E-002   3.2871604648707586E-002   3.4106162301948753E-002
   15.295420041958044        22.294369704603241        16.331484834309325     
  -6.2971417980005634E-002   4.1353447618540901E-002  -4.6161444138139718E-002
   16.024551452276754        20.615270839496290        26.955343369031681     
   3.7378828255045779E-002   4.0574281904074284E-002   5.9261583437626032E-002
   21.447379290051984        18.581109207403031        15.690125168300138     
   1.9317706336474286E-002   7.8277728872315835E-002  -5.0766453826631740E-003
   11.956446658958951        6.1756053320078781        5.2937263761235043     
  -3.4427189045943232E-002 -0.13468373490450972       -5.6912643532987695E-002
   6.8304594405546535        12.974626569052992        9.0349568222555021     
   2.2690194044902724E-002   1.2600978507512604E-002 -0.13191836867229031     
   3.3540822477782046        23.053778027164679        19.210692019435339     
  -1.4210253958910008E-002  0.10074271211674758       -5.9609589859883037E-003
   19.360400941610543        3.1560726019125309        9.7573648439966600     
  -3.4724871400706590E-002   1.1305687834072995E-002   2.7159262316190928E-002
   11.251362968433995        13.101806429598124        17.472358591304808     
   3.8260974173198049E-002   5.5021430295387377E-002   4.4673933204202564E-003
   18.869483392109959        22.767894514914239        24.709022800871434     
   3.9935506244194445E-002 -0.10167294622164133        3.2898737145670688E-002
   19.589352253192889        6.8628344882395282        8.6314113416153528     
   3.9815930830341219E-002  -3.8536823342988797E-004  -4.7114659985698040E-002
   8.3112476416446466        2.3274852141502747        23.389090734804537     
  -2.8469471403879724E-002  -7.7666646523008327E-003   7.8129324023619259E-002
   18.701178696015464        1.5781674058946351        16.136818575212502     
  -4.2870276411141793E-002   3.2768679758956821E-003  -4.3843740046710954E-002
   5.2521804662506018        4.0742790279021008        25.305481466431043     
   6.2483742385091849E-002  -5.7202835902069298E-004   2.1069067199312716E-002
   26.615036371406863        12.690950692169624        12.751127619000201     
   3.1890686374399936E-002  -2.3986843405492037E-002  -1.1994871734829280E-002
   10.250433501407406        10.061335624485395        19.672484284829313     
   2.2196929147079665E-002  -2.1071079684414785E-002  0.10811758550049178     
   16.565425625496040        1.0102552827895763        22.411866048791705     
  0.11473156610713224        2.0419183601536703E-002  -3.0245068062332663E-002
   5.1883234138623129        27.017103979046290        24.923910409382021     
  -3.6608393981614876E-002   1.6419714882358639E-002  -6.7191898700895729E-004
   15.680333242340181        20.577002233107986        23.554852023107241     
  -2.3228766123602113E-002   4.3444974352725735E-002   4.9613541081562136E-002
   5.8263222369798644        11.473212696929215        25.722395591017811     
  -5.5424322545875468E-002  -1.7534814774298013E-003  -8.9195817193493912E-002
   10.614224731291374        15.717070675657185        19.842232787323002     
   1.0183672130899084E-002   3.9883775971895748E-002  -3.4672155202223984E-002
   21.481367173115714        14.810490167425726        15.939839544617012     
  -2.1472358937068631E-002  -1.3598310664337199E-002  -9.2575104291253471E-002
   25.504986258441946        23.235984895404552        5.5212765780508315     
   1.8448480648958352E-002   4.1928860198794729E-002   1.9750934060923708E-002
   9.6897545644474850        20.475548649549353        9.6680336002678686     
  -2.6882475347023930E-002   1.7691855642719887E-002  -1.1738035081536142E-002
   21.183162524590635        24.977716600697516        18.296626172268404     
  -7.6536582112506107E-002  0.14496834028362413       0.14266835958195892     
   12.243980854968308        22.488287890711700        12.289060415002632     
   4.8651255116595439E-002   6.7758314056507993E-002   4.4149159399916524E-002
   4.6123942259885435        1.5212390375248388        17.675532071147916     
  -1.8577909944400704E-002   4.2647832327661200E-002   3.1451241136072672E-002
   2.7804520870102056        21.527977163895223        1.0724797487202384     
   1.9612920011331254E-002  -7.3867412550962325E-002   9.5308337065767006E-003
   25.805918073310771        2.9399274156045139        4.6951156368294749     
  -2.1213589574609237E-002   2.7166199081546149E-003 -0.11175022695882790     
   22.224773734275310        12.296128621202984        8.8974303182157684     
  -8.1007401428676490E-002   2.2277557419076940E-002  -4.4111558091282928E-002
   6.3183058472243268        3.7717727042533644        14.315578140164963     
  -7.1491640819036154E-002   4.6716926344316401E-002   5.2433611153298497E-002
   22.916638380855044        4.7659143243364994        7.4729013312055237     
  -8.2220351595148317E-002  -2.2454591925925020E-002  -2.1979052700675999E-002
   1.9050044120607139        15.813340421694157        1.9940070929350551     
   6.7105938540561938E-003  -4.1941916437228374E-002 -0.10339050030686245     
   8.7370341052983758        19.510217604011679        16.887974848983724     
  -5.3133583802650423E-002  -3.6989629751660439E-003   3.4827386460155187E-002
   23.024905763598706        19.141737482929891        11.041228561399059     
   5.3644260095877978E-003  -5.4401081199700312E-003   1.0937447678814986E-002
   18.471740700311454        19.942379019069524        16.781814176844073     
   2.8480044754386528E-002   8.3819237557591256E-002   1.2633046045655259E-002
   8.2173078076527162        20.845777428583204        3.7750243817765639     
 -0.10112731761907652       -8.5546945626435861E-002  -3.5701833467853300E-002
   5.4073980781775894        24.930180774554668       0.22543864754204590     
   3.5063646259219448E-002   1.2935593033552906E-002   2.2695984077775479E-002
   22.976396865407633        24.846686081527167        25.554884996801757     
  -8.7713764537962740E-003   7.4669143042440836E-002  -5.8643368115834468E-002
  0.86771190326306935        20.956078263523995        25.732288715388393     
   5.0553356279772026E-002  -1.1817769890602020E-002  -5.0408012896544577E-002
   12.037063394578201        23.416096330033660        26.386221734386748     
   4.4512276199749026E-002   5.6598033251843746E-002   3.4058177974739721E-002
   23.655589832821608        8.5693470733675312        13.117970356998805     
  -9.9393932165593377E-002  -5.0346807185428062E-002   3.8293957227005189E-002
   25.140318238524081       0.33404499646568009        10.661062976819768     
  -9.4872984558929396E-002   8.5914093751872075E-002   1.3311129059351501E-002
   3.7349070493683953        5.0719756076802138        16.595259410515919     
  -6.8857172012391873E-002  -2.7239973890596549E-002   6.0963375984514311E-002
   24.559870881460625        11.497660139189740        3.1904530221495970     
  -5.7658576414745359E-002   3.4809960592568717E-002   3.5133928834760693E-002
   10.950960490762437        16.507051343205649        10.920938480445388     
   1.1565115162489375E-002 -0.11796645462299840       -4.2967539126347626E-002
   6.0986726128522921        7.8445878294050368        15.343873763815933     
  -3.8350371510587594E-002 -0.14347322471882382        7.4851973865743937E-002
   24.949208522004199        3.1568196660971406        26.532554375533042     
  -1.7364964990440507E-002   2.1893951724432622E-003   3.0609768927944748E-002
   21.999417982204765        17.048992105066940        26.808852078212045     
   5.4167560561947603E-002  0.10816840862425828        1.4562968787332120E-002
   3.5726477088548183        18.456116913640159        11.845397688873167     
  -1.0277989252874016E-002  0.13438329692897780        1.3919476026838176E-002
   22.088796463118651        12.858098488665556        18.678197205380371     
   4.0243843898182662E-002  -9.6491821459540987E-003   3.8240433922935621E-002
   17.905385080489744        4.3839169722538651        22.181395450041414     
  -2.3654403370378111E-002   3.5245720087220427E-002  -3.8004041330808362E-002
   18.402409009767911        12.639115490747292        25.380683799589104     
  -4.2274963095958663E-002   4.1477652557669734E-002  -4.9732173222317252E-002
   27.321022516130434        8.8404940755789756        12.467374251663625     
   1.6429784141448786E-002   2.2414679882609194E-002  -1.4180988921921978E-002
   4.0566762674908521        15.404201982682570        8.1308816090109008     
   3.2417862039581358E-002  -1.1035191381768108E-002  -5.8553875605087194E-002
   3.3611445649028502        14.413958517962660        25.067528665252702     
  -3.0301492935405929E-002   1.4828214803030005E-002  -6.7291289728287962E-002
   2.3633127787479151        27.034214110279361        21.625678030509647     
  -6.6491648792699184E-002   2.2827920895479411E-002  0.10800046757501537     
   6.4337549503978746        22.600020902720427        8.9349655462835997     
   7.6824171136871053E-002  -5.2571479366486908E-002   4.1834367881330957E-002
   25.579890573532307        15.898189428008065        13.056127846836723     
  -8.9736819853067831E-003  -3.1636060874796465E-002   8.7109486049593621E-002
   1.7203200547820445        25.285279757436484        27.045687670812889     
  -9.8656290195723514E-002   8.6289975853788822E-002   4.2442422686477368E-002
   5.7970403459530662        21.228745661085995        20.212097785414834     
   4.7065342046894200E-002   1.6887002425457421E-002   2.4410845107623477E-002
   2.3598798130064433        5.3578479876810388        1.0340370349151653     
   3.9506357514041100E-003   4.6559985394869323E-002  -2.3848979691316424E-002
   1.1913753030315313        23.848113947183680        14.579602316410417     
  -3.0803398503219444E-002  -5.2768883761078239E-004  -3.3796825237230627E-002
   3.9600882807191797        24.698856516676102        10.630929987571283     
  -5.2060880262318247E-002  -1.3005137000356534E-002   6.5709223906038741E-002
   22.696788278187476        10.535696759013769        15.849318289005238     
  -2.6127577715064774E-002  -8.0642176526122725E-002   6.5286073453157206E-002
   26.372858700089118       0.21067711599591823        1.0346963027633234     
  -7.3663305197422035E-002  -4.5831271462439323E-002   7.3080214474478725E-002
   27.146223002664698        25.197326967234929        20.368640082429639     
   6.0508525727625627E-002   6.3244615629650086E-002  -3.9623948477322563E-002
   14.578437376684899        2.4199435526302562        24.754754370618777     
  -4.8388564571303768E-003   1.8010303357504195E-002  -4.1622204166371898E-002
   27.455019305082224        9.0340003420822832        5.0393749313800296     
  -3.1008532474392902E-002   9.5959710382112928E-002  -7.4143196220299246E-002
   5.9613269541485989        5.4699887244433629        21.617008161582486     
  -8.7127813458384565E-002  -2.5734567778712660E-002  -1.4085100331149377E-002
   6.9059379374195196        22.330235554482449        17.094336132335481     
  -9.1772751550724521E-002  -4.2614295185382393E-002   5.6353503045225996E-002
   3.0135065859284369        9.2713340078508857        10.924849039517943     
  -3.6253221858334225E-002  -6.8828914177610657E-003  -4.4184287340961519E-002
   17.309645326803725       0.17437303314030558        12.694743627332924     
   2.4682403473917893E-002  -9.9373192071498220E-004 -0.10816039440771862     
   15.343820262594120        13.475665206064276        17.061780924157848     
   3.9345790767238480E-002  -9.8827095105034398E-003   9.0332704787487225E-003
   15.928976780181744        9.9168541314025873        9.0876318215495839     
   1.8998027651300303E-002  0.16046127860370307       -5.0352059046555641E-003
   12.757648824488232        13.734760855393970        14.339573757006420     
  -1.6006521111645085E-002   5.3800715384636211E-002   8.5134890955371953E-002
   3.1561168894626479        8.5452360149720050        14.361333759616915     
  -8.4544236960632457E-002  -3.6984471252316693E-003   7.0554911479500756E-002
   4.6291882449179882        2.9595016535533420        1.2613075520270847     
  -2.0543977752030063E-003  -1.4857380145567025E-002   1.3813730967231376E-002
   6.6778054465252916        27.001451384110837        15.659221547284430     
   6.2847644768622729E-002  -6.8899807426371654E-002  -1.7881812624065435E-002
   7.8680034224446906        16.330895586399080        9.0499145151036231     
   2.3318108394119939E-002   8.6487731710391841E-002   7.8372614582577459E-003
   13.618266175519116        2.4543815475002839        11.344382721668293     
  -7.6257243690177764E-002   5.5270541597589040E-002   5.3562592658569419E-003
   15.852277022096873        25.181164749162324        22.506170431322271     
  -4.6117363926594657E-003 -0.10725392787737827      -0.13738724214067435     
   6.9081299872418418        25.657993888402235        19.335176284634752     
  -5.4284763263552270E-002  -4.7634441487268329E-002  -8.4849511837898878E-002
   12.931753115869913        25.329072756667635        23.733414083824186     
   6.5819410846726586E-002  -7.2949023199161106E-002  -8.6863520846704265E-003
   18.578452679993482        19.187777704719867        4.7100340653744404     
  -4.9543234262045648E-002   7.2881525000884637E-003  -5.3693483482679582E-003
   11.862039705166183        21.537782561230742        23.500726223170695     
  -2.3219733627446677E-002  -4.6169207371920762E-002   2.1500755488875513E-002
   24.737458116948737        12.520377137762743        5.8698052010392895E-002
   5.5721840008857035E-002   3.5941484565230837E-002   4.7085421154128186E-003
   8.8751666526442250        9.6703389015234791       0.89121142194739034     
   5.7926971518337108E-003  -1.7416067882761125E-002  -2.9893069629023820E-002
   13.306152308451070        16.371207979719586        17.688295221257953     
   5.4370008087945669E-003  0.12596185719065520       -5.0884218139006801E-002
   1.6569953025942554        15.789640670241662        12.636368356683938     
  -9.1862880554604509E-002  -5.5981043663112240E-002   8.3706496069183067E-002
  0.67823972889133066        5.7684067463445228        4.4419598906706739     
   9.1537904854154764E-002  -9.1272912299681208E-002  -5.3958082458202647E-002
   18.235546054611657        23.411973979241402        17.150326875677170     
  -9.6893051629825505E-002  0.10135146349124617      -0.13327541656473973     
   10.250738886600915        22.767716261788511        1.6012522233248931     
  -4.8372389122306729E-002  -2.7356473842433938E-002   3.5512616966026180E-002
   16.640350587407312        2.8034103252071643        19.271116311158583     
  -9.9370267007118970E-002   5.4209549135228602E-002  -8.3053497473488109E-004
   4.2509739970971401        8.2477106827686395        22.042723869604423     
  -6.2786453848905591E-002  -1.3402276073898239E-002  -9.3493833055208017E-002
   16.784405868356973        7.1897973194493376        14.594155670533924     
   2.3653562207912510E-002  -1.7405414460188100E-002  -2.6341058451575708E-002
   13.404835324662232        10.074186696542361        17.779625032979478     
   4.1551715375871066E-002   2.4700836494504254E-002  -5.2253534617364920E-002
   8.3636861452281295        1.0965728922493538        3.2369675672524463     
   4.0431526658815164E-002  -3.0541349667672336E-002  -1.7713542399602933E-002
   8.8528195699006105        7.4392388971367645        18.169944305324716     
   2.4221705436653473E-002  -4.8189999761000697E-002  -4.0784143513468908E-002
   18.826692282253006        14.314345781635167        3.1869975765131908     
   6.9393033944264798E-002   4.1794446426839507E-002   4.0164387258808693E-002
   27.555333530995615        18.285240505648897        16.783744154140429     
  -9.0344813316606223E-002   4.7247872782984396E-002   8.7719815272943539E-003
   24.388239333388956        20.126030102278413        17.989026378550722     
  -3.0755767618228763E-002   6.3587355744046059E-002  -4.0197303274138096E-003
   24.483080591197471        25.989781203075886        22.301680718544546     
   3.9917965617002414E-002  -4.7912271608909582E-002   3.6170447682563256E-003
   22.590120502838715        6.1879272473634002        26.757965784974193     
  -7.5815111974725499E-002   5.6264154025834345E-002   2.2400972819881061E-002
   23.355473182475244        11.589741323916135        21.327623892880492     
   2.3351204936752291E-002  -6.2053180907075669E-003   4.9248862905927034E-003
   16.147279056338625        21.219346849243895        3.3754799221852383     
   3.7858260229487350E-002   1.8254705878689617E-002  -9.5979897278505144E-002
   10.086506529064044        16.771131124869889        22.920968316213514     
   7.0482833072908577E-002   6.5240759095566661E-002   3.9527599631045504E-002
   11.639767281617965        1.1205659232882064        4.9125510637051137     
  -5.4768802302991089E-002  -5.1210555532631388E-002   6.1516176376580859E-003
   11.679676235680470        2.3030512211539595        23.572720552216968     
  -4.2513842547727311E-002   5.6294454979963819E-002   4.8451123173054181E-002
   21.177600055483712        27.388372024969961        22.426026165933870     
   2.3869517209159134E-002   4.3745809964222546E-002   8.2962529038328500E-002
   2.7832987265635065        18.653090467616433        23.781693826786174     
  -6.7356640136794724E-002  -1.1629004438433026E-002  -7.6533585270011605E-003
   6.4140794704253272        20.663197686630575        13.882360896720481     
  -7.3558768874639094E-002   3.9280743116870354E-002   1.4169350957128252E-002
   21.973403500044565        9.0132938636087960        7.9284274495737073     
  -2.7198713364622023E-002  0.10269551803429884        2.2204592496469028E-002
   13.344468348207281        2.7675409789803513        7.5602945777508159     
   3.2958791849731682E-002   5.4750095718969688E-002   1.5370872874458270E-002
   26.059772407930012       0.42019531836975810        24.555039510032628     
   4.8089067351628934E-002   3.9242007312982208E-003  -4.8921720963319166E-003
   7.5252639426729040        16.781933938839849        18.070029070250747     
   4.1494517847707642E-002   8.6272267920424583E-002   4.5212061678360531E-003
   16.121688492355410        2.3457598126439736        5.1386705356208884     
   5.4539028105305018E-002   8.1290372243781550E-002   8.8149315420632493E-002
   4.7416573416732492E-002   10.061870672370331        9.3051252676312544     
   6.8894157453248658E-002  -6.0049725217357956E-002  -9.0984430179487388E-002
   20.461575970973193        13.220788194120113        11.400274344036742     
  -2.2066563012452197E-003  -7.9196663721848130E-003  -5.5932405563466646E-002
   14.263298581205301        27.274942922135228        3.3157386840652738     
  -6.4420421832284205E-002  -4.9752824507825798E-006  -3.3619192196258564E-002
   26.897262972322821        26.930052979093219        13.495230753660250     
   2.6309725856504478E-002   5.5295071421564965E-002  -4.8342613202704228E-002
   13.471477053180179        18.905972720422930        21.237614218260077     
   5.2147218964918605E-002   6.6585707438247599E-002  -7.9622766586817550E-002
   27.571637476546940        2.9326700298056254        10.742633564576799     
  -3.6016378469944418E-002  -5.7195617074080621E-002  -1.6922339431398783E-002
  0.46560115552905473        26.263207904441970        17.056674590089589     
   1.8870434296152674E-002  0.11354365098494687        1.6074044780909052E-002
   3.6259434613330739        18.048799325425531        27.262727348950218     
   8.5127435799821748E-003   2.2009341692044760E-002  -1.8246185050134513E-002
   17.039671040810386        12.167184213122137        21.203630543585824     
  -8.3116210149515384E-004  -2.7557827864234750E-002  -4.7718910252371370E-002
   19.419995230240531        12.306735554052445        14.671494277297374     
  -2.2210576578161764E-002   8.8661392452326085E-002   6.2803900861835085E-002
   26.096016628176308        11.012097832585537        23.960430704423800     
   7.2458256915775236E-003   4.0003468355071480E-002  -1.0906112099358534E-002
   19.164590979091500        26.141906160427649        15.025774198699361     
   3.0727180630300322E-002  -4.2346794077244183E-003  -2.5111518965807066E-002
   12.490990069208291        20.882104753251717        4.7343477267566838     
   2.6961891766808146E-002   2.1730765029797143E-002   2.6694894096602358E-002
   2.4684480593782068        8.1303459473973234        7.0085303401768693     
  -2.4775136870418227E-002  -7.7796199598541227E-002   7.5080250492261649E-002
   2.7049445570572379        11.740281539709242        27.492661350030449     
  -1.3041523934466989E-002  -8.0863485057614069E-003   1.0319646954553337E-002
   23.041429195814867        22.512747857094094        12.724886539924551     
   3.5388847328812069E-002  -2.6497994690946842E-002  0.10939221016723891     
   3.8839511454180982E-003  0.94714836814396119        7.7506352417736704     
  -1.7186550087176455E-002   3.9545874686008481E-002   3.9464991262877155E-002
   8.7146628789391283        9.7560848127659181        10.816577857403276     
  -2.7373319529578652E-002  -6.3918899179179700E-002  -2.7619508125511501E-002
   12.231178836746007        9.2414660597292126        2.3107224665993784     
  -1.5878158871251496E-003  -7.2115628630127337E-003   4.2703114228032038E-002
   27.310164414446401        24.993572113359932        2.5712509770743317     
  -5.5444071619127365E-002  -3.5950032515781653E-002  -1.6184851319965297E-002
   23.452660587633073        12.976250476119979        13.068043946707981     
   3.7238323423296839E-002  -3.8183457364277078E-002   3.5534318656122346E-002
   16.363473558713768        1.6609937162443238        1.3823303124009685     
  -9.3399476461068359E-002   5.0201082637662611E-002  -8.5890821203261827E-003
   10.469951499337306        16.328156070403349        15.986378558596609     
   7.4211428396107212E-002 -0.10361934331510787        5.9594668304317880E-002
   9.1064999664264352        7.5108614879943545        13.685113433889310     
  -8.5062609687256305E-002  -2.7079074825383468E-003  -4.1108297794625534E-002
   12.561604956541192        10.149149231212485        12.292240049575772     
  -9.5429985279427532E-002   2.0382457088022023E-002   4.2368424106140196E-002
   8.5146984370453325        1.5824803450102458        17.588975083107659     
   9.1988525200248639E-003   8.6116812490541501E-003   6.9567156669592803E-002
   6.2229175600405311        1.9601222768616517        20.470019617907571     
  0.10858471848055151       -8.2305064337941714E-002  -2.6584773061333168E-003
   2.3839317094861796        10.446398281740564        24.570971254000433     
   5.0835364737552007E-002   2.7876675164803084E-002   4.9042106775735325E-002
   27.536516595580760        20.386222200906904        20.930094358145798     
  -8.9154511279020982E-003   7.0740354707390513E-002   2.9472508009747876E-003
   13.995203029314839        19.333827142327390        18.079839367827180     
   6.1264968477138138E-002   2.9427243135389459E-002   6.2341280140939342E-002
   9.5338410011096180        21.574448124125613        14.222781847552234     
  -3.5333501813289765E-002  -1.2504172058619411E-002  -8.7614369140343817E-002
   6.6018789895888723        18.340446131436305        24.311833497512364     
  -4.9886304666942584E-002  -7.1346490561807224E-002  0.13449877117435841     
  0.37500284054783306        19.496651296796362        13.486697498442926     
  -6.6418169219847598E-002   3.6436400846903402E-002  -2.9626084552305726E-002
   2.8085101947482496        20.870480600028777        15.642748288365935     
  -1.6328764887166610E-002  -5.8822921076649550E-003   4.2063477574963481E-002
   19.995941139066208        23.535073167977121        11.309355163213308     
 -0.14147677778875017       -7.6919389651025336E-002   4.5730223478220408E-002
   21.884034278188402        27.105553208574626        12.187931448282281     
  -5.0057286455971343E-002  -8.1007516054375454E-003  -3.6450564272931363E-002
   3.2929622316886693        14.198512199726256        4.9868969817194619     
  -2.7769334949109745E-002  -4.1665949575940914E-002  -2.7000540084771901E-002
   20.567634258605956        24.088772006153924        27.599529602125930     
  -2.7963059233150071E-002  -4.6105153838113380E-002   4.3143028669307110E-002
   18.558784282577225        9.7730888919433063        23.431696788417355     
  -7.6010090372951866E-002  -2.2933606516790481E-004  -5.5295521265307575E-002
   22.174276013880593        27.557636846564346        8.1638350946336669     
  -1.4435017253068469E-002  -1.9563323337480999E-002  -3.6520962342234224E-002
   26.109940965908045        23.708845388437439        26.526669911705184     
   4.8166502112239613E-002  -5.3140758716882404E-003   3.7215973283099392E-003
   4.9980186535417275        24.544720133819300        21.881786352336409     
  -4.4930993207344151E-002  -7.1335716021479437E-002  -9.4692064501684925E-004
   18.808103824113974        13.677435713242986        18.318605687658771     
  -2.8193336913213780E-003   3.0132560034233254E-002   3.1864590980049450E-002
   23.187224403762620        8.5110836774454608        19.894971037164471     
  -7.1239696015479331E-002  -4.9466268999542186E-002  -2.1287812360575718E-002
   24.595947108049849        17.304293548842320        2.6677203845152078     
   3.0749731182802557E-002  -7.8691172722520741E-002  -5.5016748479678960E-002
   6.5472200085168373        7.9646037075115412        6.2566415497881582     
  -8.2675266828704547E-002  -1.4762704239965460E-002  -2.8527675946512731E-003
   1.7122444651313511        12.973133891732003        10.729286578517964     
 -0.14170170234494048       -2.6974698351260470E-003  -1.5432555004395460E-002
   13.321178628246342        15.304049771756372        5.7502499960546318     
   8.7713021598167476E-002  -9.3074915582115666E-003  -8.4320882696840133E-004
   9.9737073088601385        15.454371734901153        6.2728114298685087     
   9.7222175349642156E-002   8.5629258525644087E-003  -2.6410735130470799E-002
   11.632605291136130        11.903940639390820        5.4148760753297580     
   1.0255188664393265E-002   4.8779909640112723E-002  -8.9229518709787875E-002
   11.997827659508701        9.5930565163439123        8.7126876253392602     
 -0.11276157535431829       -1.8500043584821980E-002 -0.13811399901515345     
   23.423594979741637        3.0572439090666768        11.906054120684807     
   5.8858805939472077E-002   5.3000600186602111E-002  -4.4326978186241123E-002
   23.040823760028243       0.63471855325197057        25.837290786206271     
  -6.7866241303258079E-002  -6.5111797543591546E-002 -0.10027502268377213     
   21.486917525469625        10.410208714557546        4.7075244430461627     
   5.7696280134755487E-002  -1.1209583897857209E-002  -3.8372889539624193E-002
   7.2334416867160334        19.583661635299219        7.0764885491333365     
  0.10667332286247419       -2.4103104730288715E-002   8.8763855634901745E-002
   20.298219167616917        2.7814638627039860        12.843949455243765     
  -1.4857401235521215E-002  -2.3676472427485114E-002   2.4101096182235597E-002
   10.588988119876918        1.4556119946147035       0.79695470712605287     
  -9.3028246940414006E-002   1.3639894364561870E-002   7.5036687678768699E-002
   9.0509539642003141        2.0713903187702631        13.824048045584050     
   1.3669116376457638E-002  -2.8681883724169851E-002   4.3476595782501057E-002
   22.108972747927115        5.9253142026238370        10.796884721490359     
   2.0475203531828360E-002   2.6515752625772094E-002  0.10413077190867438     
   19.429457640102019        20.290030846329081       0.21685782611891832     
  -1.9640665725421596E-002   8.4962789482098441E-002   6.4247868203287706E-002
   19.234876950437897        11.449990968974173        1.7924399918804292     
  -4.1247832830759272E-002   2.8647484629539841E-002   4.9717682353824358E-002
   16.241116469180220        3.5532052903859284        8.7279790203070480     
   1.8130091324708240E-002   2.7308325825409576E-003   1.9470348995581494E-003
   22.988900554602584        15.586647928639385        21.158375609046445     
  0.13987187545039620       -2.5899795623892698E-002   2.6244537187564098E-002
   2.1795285339902084       0.37339861925852075        25.304158537186240     
   2.7733604279000904E-002  -3.2183741349186626E-002  -4.3598636759369473E-003
   9.5870794374649648        25.585467853256308        13.520733972396403     
   4.0831026364702129E-002   2.6826175273047176E-002   3.3229822836811550E-002
   13.481198419277764        18.677371642860209        11.876358556229940     
  -1.7952384021552709E-002  -2.0867884730365837E-002   1.7301807684352789E-002
   11.816198820778052        7.6668941834238922        15.778155741280608     
   1.5731098761272919E-002  -8.6979957909046109E-003   6.4135098595554052E-002
   13.660175516185037        24.933438240766478        18.287914669523094     
 -0.13909110064837715        6.3768821423387020E-004  -7.5424064011765709E-003
   15.509133476109664        10.567034777437325        14.587697516474753     
  -7.3009151523798568E-002  -7.7241756279265994E-002   1.2682506326959131E-002
   21.777154037125921        7.9653041743383310        1.9590038844661462     
   3.2908986718987038E-002   4.6351500649454258E-002 -0.11311975265514597     
   5.4422257952991719        19.452315134913437        2.0131336865952427     
  -2.0067209938786901E-002   4.1174419606831901E-002   5.2330379879940173E-002
   7.7697843891060350        27.648131037654107        27.042443127281846     
   1.9976003078481099E-002   6.6747490409686680E-002  -1.1068090034731698E-002
   8.3081375899025289        3.6871789163287314        27.079437944151941     
  -2.1310341223277414E-002  0.10232729023426927       0.10168095692792525     
   21.793191037718010        22.310650748271463        15.968706613571277     
  -2.3363879702245616E-002  -2.3090893504454545E-002   2.9599184265166223E-002
   1.3425617776533236        15.946840180527667        19.437345063442447     
  -9.8887314695792101E-003   4.5410322820963175E-002  0.10465419622759738     
  0.83674253550255384        5.8680699666565035        22.194026529428044     
  -5.4216846649792544E-003  -7.4189660090406201E-002  -1.3562286631963934E-002
   10.665528309171059        8.3363173074846593        25.415169512786523     
 -0.12635579749670386       0.10561182108996760        2.3560308323848353E-002
   27.338840687096916        4.5359575057692183        7.6608886593465009     
  -2.7151715571893054E-002   5.9608674637582446E-002   9.5333077464893785E-003
   6.1597415944800913        4.8106192172015269E-002   12.391198670757035     
   5.1219714822786311E-002  -2.5907261673117538E-002  -8.3018338141263373E-003
   25.252396018831224        17.823114812045901        23.377670108846395     
   6.1393836599608578E-002  -6.7083805540341698E-002  -5.8928080730307440E-002
   27.085378851510754        10.371498907420985       0.80631933592644822     
   6.8316467524072499E-002   5.0368625719937221E-002   1.2915046475044977E-003
   19.068239153514011        27.654833813633900        4.1894426055926806     
  -1.7546952308062681E-002 -0.10058638568414698        7.5765990293570298E-002
   25.536555139024873        13.602633810671165        19.837165273784812     
   4.6368700857765788E-002   2.2594960982930009E-002   7.0453205983919218E-003
   14.108975034969900        9.2724331018921653        20.945071301331765     
  -2.1471633609291630E-003  -1.1276221324223951E-002  -1.2775592504517413E-002
   14.362608245212707        25.604093431087730        12.019611697143501     
   8.2039446583681452E-002  -1.4222337726697174E-002  -4.1103032660499292E-002
   19.910533199498534        10.110349836369069        20.455804144714847     
  -2.0914574212463287E-003 -0.12479354626019708        1.4412351265437393E-002
   8.6233590247887939        13.126948215356258        20.402813208827748     
  -5.8161773885160523E-003   6.1267650825920859E-002  -2.1736923834034853E-002
  0.59366720668056971        25.105091242258382        5.8713487334756360     
  -5.2825778881246406E-002  -9.1749962635632055E-003  -5.5921729408393239E-002
   22.026225883916727        22.518470737460621        22.246448299635460     
  -8.8406494848926633E-003   5.2878010908799740E-002   2.4239149602405405E-002
   27.658439261495467     
