   6.3587581297998188        6.5649851278482023        1.6778753624389786     
  -4.5489360157203035E-002   1.2919441595579164        1.5229229988249662     
   6.6580831406251608        4.7232747726480140        7.7686082140770729     
 -0.45457186096328278       -1.1747176836668016       0.40011177278183585     
   3.5228261053851546        8.1769768916990966        4.3217645237656708     
  0.73454060102836483      -0.18079588518830278       -2.1443114255275062     
   7.1623655677552271        6.0372300211846133        3.4307036534092195     
 -0.23755996734934590        1.7505772973247936E-002 -0.52388462246928014     
   3.3036674216112472        1.9513820896984964        1.6725272262246702     
   1.1400356507112221       0.37538656779932117       0.59041960186870124     
   4.2522517276694130        5.4180075147970754        1.6838581248886291     
  -1.4139190651694864        1.1465237133638568       -1.6998929930159863     
   1.9117624863668525        7.2700394521857419        1.6747307675976590     
 -0.71537270991666380       0.44000776016791721       0.32949899954963985     
   6.8430210212172433        4.8205024105747247        5.1207321223683362     
   4.6360673581600169E-002  -1.2703999374062089      -0.29471852996007836     
   3.0235760379146908        1.9919360866172564       0.67723522789777357     
 -0.34760913833690521      -0.77379231039080165      -0.16939916086816859     
   1.4067756317528772       0.60486809592337565        3.1631002029064241     
  -4.7900661929866264E-002 -0.43053499939068118       -6.6331685021770975E-002
   6.6360121723389094        4.8551273811691429        4.1108906468258875     
 -0.72271722258748594       0.23804006107506975      -0.25328561861825283     
   5.1206857515645687       0.70775164526218859        6.2056446077017871     
 -0.98205984570093841        1.0168942410503310        2.2180197012734086     
   5.5079597566959686        8.4140436084458123        8.4444511457834892     
  -1.4546730654411468        1.1331905771430753       0.93993026677913039     
   2.0683577552308705        8.1282013419629084        4.9092138757561532     
  0.32403519847369888      -0.34900084698511624        1.2364350105737265     
   6.1815767505688379        1.1782521571596187        5.5488811070525390     
 -0.80264362330726813      -0.12927645615259245        1.0134125615979881     
   4.6057746005773303        8.0157159126695632        8.0833808773339690     
   1.0444681025619851        1.1609182846489294      -0.59337670727082381     
  0.72792606385047876        4.5469570441795284        4.4361363865082755     
 -0.67596141785436059      -0.26615693802009732      -0.96720770830577485     
   1.8664715509063150        2.3736259924819083        6.1028020722667122     
  -5.7989964470774209E-003 -0.79686323783119350        1.5955681165769895     
   6.0363551195322351        6.4560325231792532        2.7028175268636669     
  0.97618991400142718      -0.58289000243313194       0.76909893688236219     
   7.5966346998594734        3.4870410029552135        7.4086595707888039     
  -2.6768944879576713E-002  -1.1974683986200669       0.33857930707102246     
   2.9092116856164947        6.2229958943643870        2.1017562977001889     
 -0.73475998475838367       0.41602910599567344       -1.5529102431241759E-002
   1.2509649140288757        7.6797331483147673        8.4584991633433741     
  0.77221209570602800        1.1086500421239796      -0.77880795407131220     
   3.9174036418013509        3.6029838016298168        1.7968687395714813     
 -0.37560514573085857        1.6126362487921324      -0.12548657349336989     
   2.7137098710434207        1.9634667270271864        2.7236912805309608     
 -0.14256388315835439       0.62601933982045566        4.6602682800596776E-002
   8.0198623781704477        1.9085462935885253        4.8832663083487793     
 -0.30286444622060810       -5.6979767029624290E-002  0.11653778873476084     
   1.0502920462597167        8.2287013557346285        4.3939178884512646     
  0.43468044471956707      -0.43421237470221108      -0.48432557812496568     
   2.8103088805374692        6.9008707647651306        2.9526008950785769     
 -0.12196148878875805      -0.38520652191158561      -0.35652680385857644     
   5.7287559898537141        4.8480865600621303        1.6686336369251897     
  -5.9835964613561901E-002   1.0699740918888550        1.6408829236087252     
   7.7426415555808354        1.2360426394052424        3.7490849348330650     
   1.1724328565578281       -9.9531915075884755E-002 -0.79955101974310250     
   8.5300301687690165        1.2332882192171244       0.48926684072264193     
  0.65580019951468571       -1.1447848405300112      -0.14106610888819565     
   1.9870904518374544        8.3815087344168475        8.4657881903841901     
 -0.80536085207681718      -0.50642628471180473       0.27128118516593736     
   8.1800124261776510        2.7421007745369579        2.1958047540357661     
  0.22962220819003526       0.24937084162824139      -0.35349769879583526     
   7.3762117697501601        1.8080118496718551        1.7066681241128503     
  -4.7303040575322711E-002  0.29773949667601257      -0.79125249221896643     
   2.5770912228364180        4.4562679816810435       0.61759526735911585     
  -6.1305212451308301E-002  0.78614411674715434       0.69038542368877120     
   1.7804898031704268        1.8958805634586620       0.30675579577205614     
   1.1109857192876247       -1.5006406359020521        1.1288476711733670     
  0.78701031889931627        3.3181231052804963        3.6283868526698004     
   6.3173329907746212E-002  0.54895195522197548      -0.62880949263578889     
   1.8491265024479562        6.3500572527915438        8.3827251163484728     
   1.6116025276542252      -0.52595700400695600        1.2888773026686868     
   2.9230808888592268        7.5859197654759321        7.4723762477373263     
  -2.1007848958468904       0.82847773416688020      -0.15724123511476587     
  0.95714628628893017        1.4558243130314472        8.4493727644803283     
   1.1196636328549303       0.62547712297724090       -1.4022007597412214     
   1.0601421081986722        5.8793486757357272        6.7396080836326959     
   1.8163567102651621      -0.31283052982149340        1.1877358949601153     
   5.1898617689544633        6.5096515608202674        7.8291346904276189     
  0.59505656523179129      -0.52022634426404457      -0.52678905350200278     
  0.25672869675319632        4.5282296199554422        3.1791352822539825     
  0.64468939889571120      -0.69199608377998090      -0.27820197570438182     
   6.2139997496254384        3.4791628034505298       0.57979745937208449     
 -0.92762569431763808       0.84067674588034702      -0.50039957230736920     
   7.0592321323918474        6.0059435650735731       0.81505582280954947     
  -5.7469895151603195E-002  0.28647714099942578      -0.25852010646960788     
   3.0096330888392391        2.7874607854763802        4.3572648520742758     
   1.5871969417948193      -0.61802191010917529      -0.80114478582864368     
   2.6053413051331455        3.9257131962364955        7.1731372839038556     
  0.27923500184857414       0.74604100016585262       0.83643101541608145     
   2.5132953557446509        1.1156385888550453        3.4039218623858076     
  0.78179522295339021        1.2470347746497612       -6.8397818705368055E-002
   2.3571323620291267        5.5060470386750096        3.8202483693081319     
 -0.23484395930537194       0.81338789004556034       -1.4814533977594351     
  0.94874855614288123        5.8931791159224538        1.2940892310750072     
  0.91793598428530776       -1.6999323806947364       0.21470793011609510     
   5.7803627513877629        2.4365971509049764       0.11056239527001388     
   1.1043389313068841       0.10045500353352228       0.30879277698035251     
   7.9250533483532770        6.7342295923704336        3.4724272855099234     
  0.21808251473358997      -0.69299240696737041       -5.3675943748165131E-002
   1.8867638932734190        6.1629370793446476        2.6143779227709230     
 -0.17403975471136643       0.18108613354211542      -0.43897384635291831     
   4.6362282636816916        1.5740645386016343        3.8661353814974113     
 -0.14708223386081226      -0.14519841713799833      -0.46475642689194119     
   6.6157857869771668        5.0632493405098256        1.0718225391813885     
 -0.54051892419021108       0.24735426974560434       0.62836770518066309     
   6.8343827046458765       0.14942512541850483        8.4159649282689202     
 -0.76819533556144293        1.5182608189142963       0.40473696047940866     
   8.2750482013415123        7.0367860102072033       0.18071121559564673     
  -9.3490865771459875E-002 -0.58645921744560103        2.8673516379928932E-002
   8.0844852042055404        7.6313796521163759        5.7709054264275128     
  0.92865130601413515      -0.26034120491342011        1.2124690745748605     
   6.1234805405983090        5.7871654120064626        8.3084552491016996     
  0.97868024988569757      -0.22565098868152342       0.16374026713361778     
   3.5948317163361825        1.2130947556680063       0.27110388835717814     
  0.58519044938370579       -2.0016329391631511E-002  0.16241009402273193     
   2.9126521697843533        3.5740502687370297        1.5539156610847780     
   1.5007307495305349       0.42333809067776240       -6.5574544614352345E-002
   6.6500323562288415        1.4386439957766108        3.8286264017250753     
  -4.3941958613771363E-002 -0.84882013783264632       -1.5588089241820138     
   2.9618768877459001        1.8851303058181195        8.2512090870113433     
  0.10761780371789520       0.36614981860173074       0.71170856369613056     
   6.5635585341659635        7.6474986499789388       0.22822117314044377     
  0.39097508664000447        1.0757635906130913       -1.2785396469213903     
   8.0407807505076541        6.7717826268917651        7.7626164955351893     
  0.12063499013243192       -1.0097300576704966       0.68905575716515433     
   7.1851253598334033        7.2152851021210171        1.3980853869787708     
  -6.7941513203412282E-002 -0.20289215251673987       0.16397241806417381     
   4.8573945738852657       0.99084213746145444        5.0741893386537935     
  0.68702032257684709       0.52700392970237508      -0.80964369745046838     
   8.3670222359872355        1.8198567668107604        2.6547798316686420     
  0.59094227251315923      -0.23717852154792793       0.64161218797354047     
   5.1358028619768445        1.2749249763330148       0.12548327388901015     
  0.80262293527306172       0.59841239744905905       -3.2909170979007448E-003
   3.7401285990278073       0.28393701361481005        5.4448835957524988     
 -0.15622336408829088       0.59769446000380966      -0.54149040614305743     
   5.8285504184337853        3.3092134373403215        3.6598379592606669     
 -0.23703497600266163      -0.16983427651384131        1.3358442179551280     
  0.76243172291011874        1.7836310285881876        2.2311130437138029     
 -0.63146268614698298        1.1086815382690545      -0.39251107161983245     
   4.1268201391478243E-002   8.4941384653672198        7.0198176992088861     
 -0.87958921898977060      -0.16439893001667602       0.96836230504670906     
   6.1439561736415982        5.6262511364893966        3.6192170584597934     
 -0.47449740394768314      -0.38529925003049076        1.0542743324783215     
   3.4121699544396202        7.4304977965147696        8.3661099832210049     
  0.47719237050578361        1.9962953092045710       0.85342372728780369     
  0.29446748618363650        6.0263930285968872        4.0450719290175421     
  -1.2064359657263417        9.2841796711392852E-002 -0.65334244201593061     
   4.3270456484118718        3.2516946255184198        3.5970643293505304     
 -0.29577162808984447       0.75864499307131839      -0.98135717243221166     
   6.3925231657136763        2.8809693099763596        4.6922217443008369     
  0.33146380521650298      -0.90662502941469536      -0.24788093841196931     
   4.3051669809211619        5.6986797190989789        3.0120559494757941     
  0.96081674080620616      -0.10794603394608369       0.48334759045250630     
   5.4214980473237260        8.1040108138212563        4.7322870045394261     
  -1.0279513537142171      -0.46453644776846448      -0.31034357767429777     
   2.5903997287502545        4.3481355259898731        3.4432444902531207     
  0.15783356523714068       -3.9544334763618565E-002 -0.43788098528564978     
   3.0755883259725341        2.7787512697398746        7.6113373926507393     
  0.16193241099985387      -0.85114705086378317       0.10731800536523477     
   2.6668633076969606        8.1871423313641003        3.9363845342757386     
   1.3535610939903491      -0.31022534237081878       0.68437545678769141     
  0.74800179262871103        5.2580300378880462        8.3050835446662177     
 -0.13391133943676134      -0.57969622737214177       0.48865292457769699     
   5.1555314975025581       0.58421336071423191        7.6799214138276932     
 -0.13161222144661994       -1.1234978473396415      -0.16787365002537200     
   6.3855742132928253        3.0122538444959388        5.8352118626267160     
   1.1789168247768393       0.77970723387614038       -1.2150321440614980     
   3.2832068990122094        5.1400494999008730        2.4985862708710229     
  -1.0673844258022556       -1.8475569656553514       0.95238463945070506     
   1.9471663906494738        6.2176223872327778        1.5779994618769697     
 -0.26139436081217260       -8.1533925301741181E-002 -0.23043138606663457     
   4.4836911453829487        1.5250662212350772        2.1967910770006949     
   4.4672998073534607E-002 -0.17646476938411351       0.48147925465392211     
   2.4610473652540374        3.7176250821600165        4.5932050042864061     
  0.52466103667162733       0.93084015212767091       -1.1829306649813096     
   6.2222742826035056        1.9251138489503896        4.6563432710733466     
   1.4794768717758680      -0.22016905775779408      -0.31172894230970072     
   7.1733649557241570       0.90401861266022809        1.1107252497131141     
 -0.12057730349462213       0.13223542429384474       -1.6651561036948834     
   3.7087928780155481        7.2421671751294756        6.9036689932290560     
   1.6319052668652914        1.2870589800673733       -2.0459541923587410     
   3.0817991810336669        3.1245907736534102        3.2503205200462095     
 -0.67612162099980644        1.6943816008519894      -0.88048417092728681     
   3.4674836983393131        4.5410703903397662        6.9346900277421124     
 -0.34531700812532623       0.40179788177829928      -0.26593665950465495     
   5.4651429965192122E-002   3.1957289429299838        4.3697936190701618     
  0.30992821826737010       0.44551910337254674       0.31709381327402375     
   1.2047262215215220        7.3735114687721159        7.3306827719683980     
 -0.44285616356006141      -0.67443443546526738      -0.18409568665879122     
   4.6186779630702022        3.0522165266332060        2.3983539278208710     
 -0.10319173121713922       -7.8001746820107867E-002  0.32962821681050153     
   1.9800966422277813        1.1538336453241633        5.9544823589855236     
 -0.69341597359157692      -0.60229493587558680      -0.28024082240674641     
   3.6329374426680978        2.1615779484768138        2.9816084270843644     
  -1.1654470109748936       0.76323179481328529        6.7627898155141933E-002
   4.1183448145050177        6.4505390510823446        1.8537088323052640     
  -1.7656127471340670      -0.12061311152547724      -0.69945864190310703     
   6.1777962322674691       0.72386165237213973        7.9109264439450122     
  0.60762474661030819      -0.37758918488521104       -1.3982687896976624     
   3.9084528774817562        6.6114107308776831        7.8762961983749271     
 -0.69700374979565471       -3.0498231273004002E-002  -1.0794601730452003     
   1.0881170061623386        8.3714882215639914        1.0521269168190681     
   1.0248324463054781      -0.35436896815109559      -0.39729613142552711     
  0.82529462545037946        7.9003356264020983        3.3004351582441922     
  0.20329622022864421       -1.3366514951373885      -0.93967795228085071     
  0.35805667140798958        2.4600225589145026        6.0455990114407561     
 -0.14347901104433866       -1.4039840809255799      -0.42016898751556164     
   3.4329481409014067        2.9243172628803329        6.1229858482256354     
 -0.58629472664205484      -0.45472841148442683      -0.24394443356463913     
   3.4170163023141611        1.2081269080572041        6.1209023408039762     
 -0.42180067470502103       0.54817434656221031        5.1149528809546624E-002
   2.3965946611827578        2.8050714486654611        5.1850363914041591     
  0.48061070567300890       -1.3211412449781839      -0.77647120744284515     
  0.82358271271246331        4.8959116408306498        7.1223962118593764     
 -0.54863349391283889       0.31016371062171583      -0.34720209206188080     
   7.4194849333572677E-002   1.5257613814045605        7.0654284820728748     
  0.26152061536493704       0.42968907109236570      -0.38572203735892924     
   7.1787968521201506E-002   6.2625946057252984       0.99275648559007124     
  0.23157939807366190      -0.90837523534108378       0.18699444108841184     
  0.87741667789831546        6.7252894590538475        3.2175456612329896     
 -0.30442071508704499       -1.0083716772269975       -1.1838892117799238     
   7.7029244506180206       0.31424246241460696        4.0496023779384140     
   1.3434761311859542       -1.1541180015177097      -0.37209294907312979     
   4.3490541590191896        2.5715618361115373        5.2202864853168265     
  -5.1643822387645581E-002 -0.32265794720780050       0.26908034435393252     
   7.5772036508891887        7.9356341458079740       0.14740131457648253     
 -0.60412336899701746        1.6666525836127046       0.62430220229641453     
   6.8889416867560493        5.0961941523437595        8.5036660517801010E-002
   1.4664081232781430       0.67776791676788306      -0.89137106102427832     
   3.5820502193121562        7.1536959030055094        2.1607329323532065     
  -1.2676715260120430      -0.61146764778552198      -0.27222206023165157     
  0.92243987293660723        1.7719593318934890        7.4624237821339925     
 -0.89273066307827764        1.4111401801625143       -1.2001764064461342     
   1.2277847388768137E-002   2.7220796650338239        3.3885363528106183     
  0.18464453405202608        3.5283352215931736E-003  0.88161626654870895     
   1.7586192649283325        6.6356211328128545        7.0118990402007064     
 -0.91177484062405512       0.15336880102704728       -1.3580763722774483     
   6.3384091880205773E-002   7.9077590223816046        8.0718065304073061     
  0.50931432937789334       -1.2784863296817495       0.45010901242759760     
   8.3377156868744713        6.8701045874070488        4.4512699465339356     
  0.79536818652732610        1.8335967001815083        2.7136930065971853E-002
   2.3897643238021518        3.2654242911259068        6.3306544488238954     
  0.98696306483654905       0.87823063798021761      -0.49397146489872762     
   4.6828968290384196       0.84020586991142565        3.1395144940479884     
 -0.58422174421657258       0.19969807506144077       0.58057124472725774     
   6.4534902358687720       0.10712715526766359        5.0938682964351294     
   2.1492086286640264       0.39169509912438794       -1.4126568173584144     
   7.2636122210317042        4.0520018906622326        4.5743619315684620     
 -0.27490295807077858      -0.71696744034658899       -2.1664899964314994     
   1.6442893505257254        3.5634423227521914        2.5636506104748529     
  0.12384925069549459       -2.1781475466345475       0.37621099901248695     
   5.9349218141970885        7.1087546437241604        5.7708039937091513     
  0.16012766537765755       0.26988264368863085      -0.50847152365643622     
   9.1424052043135973E-002   5.9690972348453926        6.1749852355235708     
  0.45157221874483677        6.0506305632526701E-002  0.95963838006647395     
   2.0641846915574598        5.0467871259597921        2.8392497934351324     
 -0.68356108538463611       0.77313389561668089       -1.0305024789252262     
   8.5286678819838802        7.6944478442348618       0.82097535824706647     
  0.11831794237983635       0.70455064099552944      -0.12883957246561903     
   7.5717606454196158        5.3003024679206865        7.8207125753385842     
  0.12209301440525028       -1.3077486966791263      -0.18597505267847714     
   5.9830711377251564        6.8988123640223593        8.3251618951031183     
  0.50854407895243048      -0.48056176513568299        1.8493339622395997     
   2.1628676075577218        3.6281484808873916        1.0040953105345185     
  0.33732655224040708       0.18122345218935054        9.1138859521013568E-002
   2.4389634903483408        1.4380283693957288        6.9824081241558744     
  0.43166303203863909       0.17298572342368099        5.6627815340318258E-002
   2.7738958867235683       0.66606651337441702        4.3762434897410003     
  0.26439925302613132       0.69951929660969170        1.1598797032220780     
  0.58354872642311850        3.9316560403034346        2.2891805667104514     
  0.83771549224303132        1.1947713007254539      -0.73761893102008447     
   3.2754753175250952        5.8853008318893609        3.1787839417889496     
  0.10604533120011070      -0.17748914031597463       0.15919975781655712     
   6.7286098229542981        3.5930544428712601        1.3811468755106153     
  0.43848376167220743       0.59925509748282191       0.63439101428640332     
   7.9760593222337910       0.86569719339247442        5.0926455614619295     
  0.91566633836556688       -1.2564695171464479        1.2624259148691914     
   8.4488032759821969       0.19076489104244310       0.24588037118264339     
  0.42793180181294860       -1.0161108272601471      -0.60615672917023011     
  0.88153365161516817        6.6049047043754374        4.6125783055491061     
 -0.31901539770020815        6.2003683125170406E-002  -1.0089716607898178     
   2.4632697913632935        2.7545133207804260        1.1109959223437924     
  -7.9540222809593664E-002  0.49997544673860628      -0.31882749343760752     
   5.1708764552348345        7.0702402955651547        5.0705750472840876     
   2.0695853432145022       -1.1339495450073818        2.1814274174561477     
   4.6787616454057748        5.3522791505109781        3.8506509258457475     
 -0.24010041071441890       0.99781606505759191        1.6374012036903602     
  0.20649813460644850       0.34777705289105176        4.1293077860512151     
 -0.14647087761931490      -0.26122187337975744       0.15700160165282087     
   1.1564999691120832        3.8939705857589635       0.49767474753206020     
 -0.39268155504956898      -0.54437831283300886      -0.64607504719914255     
   2.9534887678265225        7.1325691844702153        1.2328001746055857     
  -1.2980657578348074        1.0548929115362944      -0.57763744276661666     
   7.1613665512362417        2.1917521799007780        4.4117800358178565     
  0.92332867570347366        7.1591554740790972E-002   2.3055539280837131E-002
   6.4280139837502652        1.5677644468813625       0.59540741428046307     
 -0.87444782822289746      -0.78670887613774443       0.39636863179164328     
   7.5970100902572479        4.4471718681246051        5.7326814212082668     
  0.69908024313583295        1.4038854425493927        6.5536628718927431E-002
   7.6494360329178335        7.6652115963041929        7.6155687488449004     
   2.0418963748880525       0.21851306897991130        1.2595469545271700     
   8.5657349510990244E-002   4.5574770012395387        8.3177553863071125     
  0.60425222559883462        1.0216114500735025       0.23945139457171272     
   2.3450860204792789        8.5117249545577351       0.95855562259182925     
   1.1364666662713925       0.86556210246253606      -0.97052879597855424     
   4.9197308878415917        4.0264341476248244        1.7897786547956054     
  0.68966967712078431      -0.24457211468689610       0.38955710279567252     
   2.9130317925614015       0.15658781279006462        8.2130513402422984     
  -1.3495473621420737       -5.1982826474787610E-003 -0.63832614246246766     
   1.0410692134826669        1.4250120904575017        1.0882429794476920     
 -0.28487661620471277      -0.28066664644720696       -6.0726954331155915E-002
   5.7178868408421861        6.9890045683112856        4.1294807390895087     
  0.25649410095827774       0.35173606071190500       0.63054973937920644     
   4.7647449398732684        6.9908303582245104        1.2281101955963072     
  0.34225553531803576       0.69479821395186026       0.45864045272831128     
   3.7447394961747076        1.3099916093754538        4.7993220728702450     
   6.2100996655513122E-002  -1.4492345305309013       -8.0404969296169124E-002
   2.8284493117796718       0.97351994203734549        7.6916629283571023     
 -0.42904903308864040       0.54039203285631909      -0.96686905959344438     
   8.2785627178925836        8.0023814272184826        3.9470534838097979     
 -0.36064409643879991       -1.3702688490280022       -9.7098984308262942E-002
   8.4097728341027995        3.5437348210192683        2.8371116464766302     
   1.0122485550664055       0.53116000620514658       0.21652699422772256     
   3.2720168461839334        5.2448583139026308        6.0214094695946052     
   1.5091780527799026       -1.0222200573271643        1.2983963177016384     
   6.4597100848565141        6.3236026495402786        6.2220489490402713     
  0.38242903206729456      -0.22495384807274432       -3.4055452354792973E-002
   4.4006750344114529        2.6205501940131271E-002   3.5248459552597637     
   1.0061233700470220       -8.3875397470740534E-002 -0.22778080146285246     
   5.5882143927949048        3.5784484216663395        5.4001565945197960     
  0.15368692245233884      -0.13222306860210054       0.63427579813767199     
   1.3345835551237517        4.2350960917677805        1.4042218528971326     
  -1.2838678599666671        3.9926119282662105E-002  0.66317404229148880     
   4.2421837393450845        2.1104382122743948        1.3356387566647729     
  0.35154359877164509      -0.19897153696195941       -1.1732378990995247     
   8.4521274546106451        6.0049526282225223        7.1912672795075867     
 -0.17716652636613844       -1.1801584006878372       0.22698479302514837     
   3.3452767608877774        6.1350136291184727        8.4788100429164075     
  0.86354581378265793      -0.26057932175335591       0.21268220942740729     
   7.8607155080494593       0.36028206068609459        7.6325434005113326     
 -0.88856044317958227      -0.40362497189711161       -1.1159160308408045     
   1.7450841581585550        7.6171004743765280        6.0336006270643834     
   1.7962713887911066E-002 -0.40342758920577970      -0.44839096746720841     
   5.1268476085923247        6.3747480207932705        3.2493570153029747     
  -6.4930156522901378E-002 -0.68059158042598145       0.57315926158955510     
   4.0574580351019982        2.2715073608664023       0.28176704705263944     
 -0.54861885919076669      -0.80982311099262194        1.0021555895718899     
   5.7107389156515103        1.1404683674417737        6.8816599289312173     
 -0.55460021046556573       0.42001218207120677        7.5002363026299465E-002
   5.7566492352706309        2.9829587322442244        7.8190642800544747     
  -1.2899822586250018       0.66948721067336447      -0.29764169193964818     
   1.7620963508232834        5.6434675195231891       0.52198692886131148     
  -1.3227033177246750       -3.5062122114898009E-002  0.30448358053416258     
   4.5348914174297192        4.2205246649672032        7.7135472827107119     
  0.26072219137668290       0.82372908169909753      -0.51944006377196517     
   8.0561363154636627        4.4588921167760560        2.4811286584223300     
 -0.70859099585952512       -1.0702812371153443      -0.50639142565558615     
   4.9626492597481535        5.0543707426825035        2.6968720911489088     
  0.39980692327702283       0.24676457498634255       -1.0164480313586046     
   2.0074041304023353        2.7071123582779797        7.6379033822351570     
   1.0736273889055037       -1.1506031329749116       0.52679533605878326     
   8.2013226463326134        2.0652859111925297        8.1759247051736459     
  0.83195566081961114       0.63674946928001575       0.21898323690825391     
   8.0996525462494677        6.9955654935035376        2.1393535484592663     
  0.87330009187644331      -0.88345632120701822       0.99543203239424827     
   8.3312424817964228       0.59348903627907390        6.1724649141011181     
  -2.4403034354394674E-002 -0.88152133546392331        1.8854546415027051     
   4.6551543131136555        6.4222537474038086        5.5413946068113571     
  -1.3044327282291543        3.0647906177615203E-002  -1.5341125562983211     
   4.9841886932892301        3.5795364950280479        4.5601675954799870     
  0.27921843398739232       0.10081980220060856       0.32069459384977866     
   2.3576812119787007       0.73507333810068287       0.22037848898167134     
 -0.27550940029805338       0.73419102510571532      -0.39018986533665961     
   7.1671095925197630        7.1681783633639267        6.8667134414046513     
 -0.47043047650629888       -1.2519811209039127       0.74713564321800452     
   1.8306898253841144       0.39977820391525754        4.0160867620389382     
  0.14881258636262454        1.0196219432990605       -1.3324546936803199     
  0.22587069046634412       0.18499738096622487        1.4770234773687196     
   1.4925809114628616      -0.22438907738753916        1.5867383378045608E-002
   3.8494300049929571        4.4784365827038934        3.2837479391245363     
  -1.9487114274215347        1.8532209246969480      -0.77433465769255971     
   5.7462126708149741        3.3522442475644816        1.6200991108385985     
  -8.2942409250404955E-002  0.41778089328755103       -6.5298673177395114E-002
   1.7487255982426646        2.0401711162017016        5.1382717390045034     
  -1.9400486742818635      -0.84580126213079065       -6.0346594302135952E-002
   4.2287750188552700        5.6179268995169203        5.1359626678065631     
   1.0941552083124813      -0.48558680053098835        1.4931805961730973     
  0.85990579690442992        2.8772291078821501        2.5354236949370672     
  0.21016766508810025       0.75977876815990686       0.82977368801540230     
   7.4564291347669229        3.3257719721639001        3.8830323584032520     
 -0.96389385701151120        1.0446443728621446       -1.1537165937903677     
  0.60365599383442081        2.0984260366953960        5.0074025495616992     
   1.2840830826117733      -0.34283352713453924       0.67164061989462109     
   1.2010514796829996        3.4882256661082094        4.6518363600087138     
 -0.12847223006498829        1.0991990457815140      -0.11324726985522052     
   3.6230786188121549       0.66840555001270019        3.7784658819298906     
 -0.20419815074804115       -2.7004174884662148E-002 -0.53906888533938169     
   4.1304005386737970       0.24314892584204628        6.3061556959916460     
   2.4148616518800723       -1.3339393495009093      -0.58006796498568580     
   4.7435110142702790        4.4234950067329653        3.4498531030973485     
  0.18946899414976978        2.6031929318876514      -0.50016264173934322     
  0.32551955814581479        7.6473346522727903        4.9294424372837939     
 -0.20309318638252505      -0.50882272478751245       -1.4089939109676044     
   5.5234386106287303        1.8606446288333713        3.8470978289521245     
  0.23304559736330352        1.1093605533855497       -1.1187749734431036     
  0.29410814536517549        1.4389356260679413        5.8015552946931432     
  -1.1153131377653169      -0.61646758284869863       -1.3895962847720202     
   7.2614462770707622        5.0993151744754019        2.9476131025555414     
  -5.4128263126395355E-002  0.49116953930133628       0.36251248087526722     
   4.6210432150976324        8.2456568913885881       0.78692685479377289     
   1.5615882204272546        3.0219090427736055E-002   1.0533288176135041     
   2.1514864429702341        5.5850810470371099        6.7449406770881222     
 -0.58680577891716879       0.10839194787053247        5.4860806495432138E-002
   1.9922954819092489       0.84552567353912167        2.2405763581675813     
  0.40411488648812333       0.56170205468253565      -0.17059199765244237     
   4.0451435205673079        2.3780018681556379        7.8251351532960225     
 -0.33816667077580065       0.98565440309247299       -1.3242454670328654     
   2.6470510473954683        1.9852255612737721        5.7977457167787403     
  0.79398606683017825      -0.21184134322185749       0.38027729203455857     
   4.0259890309754613        2.5693815501860726        6.8477356496459016     
 -0.42787733121075061       0.39902458980385236      -0.74274440094026084     
   1.6101308943814665       0.86729600636447257        7.7905876846501236     
  0.22963240962569725      -0.82126428507608484        1.6665575194850339     
   5.2886601726870826        7.7112929913024697        6.2156734068207307     
  0.38418398786169766      -0.72485172828175737       0.46785153261597473     
  0.63645009598052127        1.8331563280463068        3.4479234678749364     
  0.50493144772300402       0.46113571407250936        1.0786731890177128     
   5.4251229131656205        7.8708807319966390        1.9456347690437186     
  -1.0751583906020907       0.32369668980641675      -0.42371520857409462     
   2.6765458911724584        5.4858327262325828        7.6179412026143547     
  0.25122290610187870       -9.5435782572905442E-002 -0.50950318049290644     
  0.47505278919343930        2.9860484781653325       0.66778153288874753     
   1.5336100308425100      -0.39406467126540751      -0.69738349953899670     
   5.6423562818565607        5.7283002784860484        2.0000455643510904     
  -1.3503025675483111       0.19665087855164221        1.6934426785967116     
   4.9414242829426662        2.1016218134394808       0.67795922362534533     
   1.0770085010760528      -0.52409918993025217        1.1780642753526719E-002
   6.4904283257870992        7.6353564422345777        4.4691242838002161     
 -0.17721047087131650        2.1573180736237249E-002  0.35522133030895070     
   1.1414387282863112        5.3356772923571452        3.8278209363707925     
  0.71979166923111904      -0.22757915393650374       -1.7236030687770996E-002
   2.6560229762335910        7.1382480804902233        4.2878798556047952     
   1.4425210934145341       0.61349467246916201        2.9103622898746556E-003
  0.24077043268807263       0.94025588089971368        7.9765276722389320     
   2.0232481306681955       0.36812557956403996      -0.32001731557880730     
   4.6409914591083705        8.2383673950608731        5.5755092948716047     
  0.23788122359204988       -1.7370048574928372       0.28685465231228435     
  0.60031636880624717       0.58250734559553918        5.1469272496031202     
   2.6455316832902577E-003 -0.64245151516168086       -2.1211863640630737     
   2.6560953788226223        6.5259989755388936        7.3731129589942590     
   1.0213328988883035      -0.60647167741022812      -0.22615758715526713     
   2.1652757624245518        2.6002989832982575        3.9419595432509533     
  0.82919386692956909       -1.0480396727385284       -1.5412883064563148     
   4.3580669502949316        6.6374952135355265       0.32329537834367805     
  0.33801462909551683      -0.94259771705547768      -0.68081068462309147     
   1.1508289703769794       0.59486027400530794        6.1049682292151237     
  -1.7999804064291534       0.51080576564077929       0.21335466518920548     
   3.1294931558683414        1.8214111485069662        3.6590227529838222     
  -1.0934193972760304      -0.37845784013772082       -2.1549632227526438     
   5.8595276328720463        7.1807848746666876        6.9397745918462963     
  0.75108619952850242       0.88837104378264431       0.18699847316849977     
   6.4560533100607236        7.6550676122875174        1.8424667307581273     
 -0.54069859072724935      -0.60029716448076254        3.1220433090797528E-002
   1.4151545193203812        3.0439049668430425        6.9930149265913339     
 -0.26945308021004882      -0.78300089703323550       0.76236934991999850     
   3.4919185989894341        3.4396543289749628        4.9616708221686805     
 -0.48714902049964631      -0.11517317184281689       0.29057868084407462     
   7.0509406300249182        6.3127907311402423        2.5414037791866670     
 -0.39573446428395642       0.43715219440793357       0.18835076489154040     
   3.3149549553615936        2.8326350731779035        2.3123727092729056     
  0.34607649321411754      -0.56305770008480927       0.31356731352326533     
   2.8955625094698276        1.0117088380662733        2.3402788406195834     
  0.34945740964042488      -0.75666643717304294      -0.12543235194801458     
   6.0221039141798007        4.1896870502331938        2.3703855728548757     
  -9.1628081318621421E-002 -0.10046790251723321        3.5804085481415632E-003
   7.9195182830275606        5.0673337467641062       0.39823510501918058     
   2.3626649462135396       0.97667773560002280       0.42913343494376288     
   6.4922873097460823        1.7427318393265603        2.1447693815644229     
   1.2962674538728285      -0.46117256903522130       0.10797384179628966     
   2.7883109600389009        7.1726429561913552        6.3058296435798020     
  0.96117798469659810        1.1580525199424778      -0.14792738942278316     
   8.4614022857308946        4.2584288968366506        5.0512506751851278     
 -0.45270780588783527       0.20566758591896919       0.54834953201093439     
  0.52190490743438467        3.6421630542748096        5.6283071781907861     
   1.6296081023544651        2.1540964908441269E-002   1.4216205271060629     
   6.6731833907609905        3.0903781939501909        7.1487440843520424     
 -0.93040425085528389      -0.53554646328172606       0.47473908296119022     
   4.8512948050405402        5.1578993143573397        7.5436897009235073     
   1.4467524965750160       -1.1168817237502642       -1.0209082241774778     
   8.2802417140415283        3.6419657718641840        6.3118945626387459     
   1.3508217594757441       -1.4222897597807649        1.5368235332367761     
   4.3546284106935831        5.3091509803429249        6.1100775894450701     
 -0.62757488651001092      -0.78992650976103918       0.16191946775814606     
   4.1718887773004649        4.5579391038661230        2.3622323532090519     
  -1.5795131050386442       -3.5747108237835317      -0.83317862412501453     
   8.5248588960176956        2.1147827155705441       0.69247924388051096     
  0.11342163705287714      -0.75838049346980352      -0.89004072298947812     
   2.9791527808024219       0.98849174267215822        5.2751355520736816     
   1.3379144206862781       0.31312370792587502      -0.35676213948346758     
   5.2649667484829017        3.6642328513496780        7.8498535288764160E-002
 -0.91710255385091666       -7.2559457968304680E-002  0.66615446951528812     
   3.1490481900259155       0.11640276037807951        1.6764318469260164     
   1.0275027739130078       0.51890953358549363        2.2212345055460205     
   7.5538891449656056        8.2338126175212096        1.8622056840667165     
  -1.5836584243476162       0.73505959966221612       0.83798995441657798     
  0.81652419029810774        5.5163217227499555        2.8272417431882104     
  -1.0696659717577148      -0.64958858862449376      -0.88114010673543786     
   2.7109876997662639        7.7247083530258038        2.1701209776689243     
 -0.86047673984942497      -0.12063420409905441      -0.55901622523912053     
   7.8323597504698590        2.5430849198451373        1.1085628178135565     
 -0.34426120218010686       -1.3105714454693203      -0.48667321407164854     
   3.5540079105855451        5.7612555607552949        4.4934438403188715     
  0.79319759854591265      -0.98045553081179793       0.11965355091265763     
   4.3012686987963793        1.2773469926788783        7.9184227962914484     
   6.3737552581791965E-002  -1.2830033873067301       -6.2796831220058658E-003
   7.6415331414239258        2.3288423706123282        3.5325324626797912     
  -1.1794508564586623      -0.86271001463092345      -0.26291046508582877     
   6.7811052530569427        2.5804641511881354       0.82539306219308273     
   1.3466598358834383      -0.72880384635623996      -0.90634767185763399     
   7.2081613626898164        1.5355785582871007        2.9843260923568309     
   1.3076499371137940        1.1569225074083131        1.0258272600930007     
   1.6285432265850843        8.3600397526313355        2.0063945499521152     
  0.20215268226352434       0.62975838941669338       0.38408242469663778     
   4.1877810212385462        4.3111637574611432        4.4620908704460662     
   1.2522605785312999      -0.83530578256073595       0.22640690546366266     
   5.8900185075977838        4.7032996978844199        6.6270279360372548     
  -1.2754476412882438       0.14937327119904648       0.39287817244896978     
   3.0964919079913802        5.8909834731621009        6.7344712284488217     
 -0.35838393172077110      -0.32957188554981165       -1.0801148269024679     
   3.7082547907373593        8.1899346470281849        7.5598772582496601     
  0.63519825823281650       -1.0531255254792236       -1.3125025760418456     
   6.8867496256412002        6.4379168393965402        7.6257909494061398     
  0.43302113348887533      -0.62788872158817755      -0.39114195333593121     
   7.6081819873164456        4.1449388534946205        3.3289655842453780     
   1.2873526700035698       -1.8607181618004052E-003  0.84841813479233241     
   8.3515343208252002        2.7982260368348371        5.3944272800333932     
  0.44002339988968631      -0.76975968084486257      -0.32619893216608359     
   4.4832485109552653        8.4320371355593320        4.5317006035097567     
  -1.2728246008231112       0.99179200608631835       0.16266900265321690     
   1.4020164329907900        5.3228687951462419        5.4470943623024040     
  -1.5226791208901644      -0.54844979792305470       0.30044319112238727     
   5.9022165357370717        3.5860908580007411        6.5566882838436555     
  -2.7402785639034115      -0.60887091533268134       0.75303496480244370     
   5.7599232630838637        6.2597874245406375        6.8658351306961896     
 -0.12321957482901652       -1.1360722626326101        1.0187177456739649     
   4.9130267120918782        4.3611028903869533        6.5480282967567343     
  0.15406120886116609       0.25567093415911613      -0.53468500671902786     
   4.7047256672373319        3.1551723704039230        6.0837775802646155     
   2.1563459276726000       -1.1974204303234499       -3.2913379345918211E-003
   6.7934999363472448        3.5760996106399006        2.5628383309848646     
  -1.1594088681072332       0.60480153261252001        2.1202264794173410E-002
   1.8642107042376894        4.1761409192027310        5.2055612778902773     
   1.3850741552439521       -3.3745147334967294E-003   1.4481814502648322     
   6.9231233847419578        4.5638675140524487        1.8702716106107165     
  0.28598584664836924      -0.59091850235480636       0.42385197407940861     
   7.1787298579100263        6.6648069306195117        5.7799138934353067E-002
  0.59406672377069680       0.15313340998751113        1.5991931730931250     
  0.90059904476025388        4.1116498692581542        6.5988195510782219     
 -0.36961729797650716       -1.0394073032023803      -0.19677658269152049     
   8.1841452599545104        1.1780994472694957        1.5010682950308998     
 -0.85068443836848606      -0.13276052693804041       0.46315586634385936     
   7.7693926012306420        1.7670487871015901        6.4102775250830568     
 -0.52696945812626472       0.46125939676004857      -0.75513780647559536     
   5.7458242591939230        8.0512214465161325       0.98506777219303032     
  0.49380933897165780       0.10318945063401840       0.65184451765671303     
   5.8768759814607723        5.7848182168605407       0.78403914319024537     
 -0.29767809272055451      -0.87547971372450528        1.1958546274369435     
   6.6684270412563285        3.9530444501321327        5.4194498713829313     
  0.59336614779211205        1.2945864342979401       -2.1130484575371762E-002
   4.8552441632331789        3.2520858559243440        1.1340856443850171     
  -1.2166052680031629       0.37752076108903254       0.72664229244831335     
   6.6268093444329539       0.38696999526534626        3.9461784998453444     
  0.17136483510230133      -0.93918801680006059       0.97611462996643239     
   7.8548680385082079        5.0460715423699103        4.6647491176803282     
  -1.6620171355070814      -0.43729761036024012      -0.28831799288106991     
   3.4985034404295483        4.4546505624096255        1.5168892392180311     
 -0.87925373457993850      -0.94486646161090415      -0.67503867934209860     
   3.9938885469612071        6.4758253910717816        3.9337796721200258     
  0.26373619355811878       0.51838837477989608        1.7987755610315119     
   7.4054850803041097        7.2803090085039113        4.8656704700035860     
 -0.41736817435172036       -1.0766880048850198       -1.1115250686705274     
   5.4972988828173781        2.3409439626675512        2.0272275918693783     
  0.81546125126640345        1.4258736909283689        4.1525685982748702E-002
   2.0342289534274220        6.7668714076049321        5.0941660885341085     
  0.46260075090618019        4.8058698700838696E-002  0.11655492414017357     
   3.4593098406890377        8.0761099406687400        2.5557699952351070     
 -0.47966008894958023       0.50957764372454406       0.52871583264789701     
   5.9921551573045377        6.7352316237119298       0.78917993752440019     
 -0.97618680740327946       0.64106369684544595      -0.71559755558693872     
   8.4606962723940047        4.9448886696517400        6.1475002389793847     
  0.57944890220439915       0.62898502185856908       0.91867672339866258     
   7.9577805028617838        2.4218941580632904        7.1936239120763608     
  0.29946427569638873        1.2134661833866913       -7.8698469994658349E-002
   7.1098839638366353        7.5246297335009125        2.5709177889802572     
 -0.53369240904340631       -2.0878755696326974      -0.88226331204719655     
   5.9793426179859157        8.2584592622058395        6.7445952030960541     
  0.35174478826389788       0.19534114641204031       -2.0450066916539895     
   1.8314811601614860       0.99267962086836548        5.0035083035013859     
 -0.22028823376571730        1.5617197399242477       -9.2407154043147560E-002
   6.4635666862109824        5.5689470793666045        7.0078592329612022     
 -0.53830709927650533       0.17526147046182219       0.42102456038529640     
   6.5200637487593411       0.25634585522290898        6.2547434905717889     
  0.59312398266357391       0.85294560773381978        6.9253806929684705E-002
   1.9837760212067668        8.2678776942497798        2.9822489659027447     
  0.61908268216116824       -1.5761402864217429       0.50999825336677418     
  0.47582852570388745        2.5937214630629484        7.1049857384091482     
  0.61722901671678576       -5.9740021351593264E-003 -0.73037436647739118     
   5.2249746783822104E-002   6.0377314496631111        8.3241345147730712     
 -0.44133550251379977      -0.12039931470986981        1.2111656022643433     
   1.3754174796776066        4.4512966171979844        8.3305812470142033     
 -0.66457767038970661        5.0798209573227816E-002 -0.67966836373936512     
   3.1439464332461142        6.0633828404960743        5.4126410187418870     
  0.96862683023715390       -8.8676189206006052E-003  0.32661397986611435     
   6.5683798781657314        3.5485129038813819        8.0897852275303794     
  0.49437138810514608      -0.37184552666615345      -0.18594524181991087     
   2.6089646141521592        1.8700286419750110        4.6922487327951572     
  0.34409816537916493      -0.32664517753435429        1.6760454822120667     
   5.8909713602952420        4.8550908708863822        1.2316059550919078E-002
   1.7785758177156059       0.31653944422999208      -0.46886091148269821     
   7.7211763957309181        2.8731905419377703        8.2629818613479245     
 -0.56750558255526296       0.25453943334372980       -1.0416129599784198E-002
   2.2178382152878338        2.6874948669528358        2.4273913758537589     
 -0.36009376586241776       0.67348667334393897       0.76911217542789789     
   3.6513843481189943        1.1082787328570376        1.3745614303755804     
 -0.85919126826279757       -2.7182578067981276E-002  -1.3827190622813978     
   8.3806673396773448        8.4320481380249568        5.1161944079009185     
  0.15786791379321641       0.61828075628779189      -0.53748988951458587     
   1.6730503955295166        4.2563389704930339        7.3206948566393990     
 -0.33286583327136987      -0.21080185105109353       -1.4351049794018986     
   4.9890414812417037        2.2036902579853792        6.5667707540267903     
  0.28598948544982755       0.64998377817243802       0.30618019861467433     
  0.24889012153592205       0.89721744804258563        3.3299645404881533     
 -0.41673379170913666       0.27426023791285881      -0.18196374417153366     
   3.5305386325282733        6.7026065051912145        4.8034692670548349     
  -1.1864748188724143        2.2473081568681965        2.2116537141024226     
   6.9788778564744831       0.96234167713047114        4.9716164841271535     
  0.75419475901767707        1.0503935657738122       0.68440299339975474     
   1.7808140606125153        7.2994695247979262        2.8510020439717589     
 -0.28799590637467387       0.66112932848088024       0.48755908090305200     
  0.85582711724980953        6.6848310158273296        2.2197711442194308     
  0.30404069630124020       -1.1450971876186800       0.14774757225363408     
   1.2902917857961000        3.1018631012483286        1.5494690746312880     
 -0.32885437464623257        4.2113209454989094E-002  -1.7323589142643654     
   3.4320659049063269        2.2522643179138662        5.2514067817558034     
  -1.2557817357996308       0.34534806982712335      -0.68382009559299317     
   5.4016780828622926        6.8150513581549035        1.9796985845907802     
  -1.1082678276248437       0.72420867502511188       0.81282907570249463     
  0.77467325355836181        7.8186809192835298        6.6047983198026126     
  -1.2745849641297182      -0.34809246967683161      -0.34072063126216756     
   1.2723684343173574        3.5339008145176578        7.8528091674751153     
  0.10402804002684454      -0.65018617678631840       -1.6027659158386764     
   5.1415545376701042        7.3242836670659326       0.19693257086647797     
 -0.82368009490707172       -5.7341552298802993E-002  0.53989629405413686     
   4.4776895056981321        4.0613105055303524       0.77356283122666625     
   8.3159663031779768E-002  -8.4332891777161259E-002  0.16955298885143277     
   2.5046269313616065        5.1541571275396318        5.1929413351456084     
  0.44149941124582259        1.2993709929845021       0.19583825936717017     
   8.3702393424205290        4.2270661991031968        4.0903882769142097     
  -1.5676819181548132       -1.3261540300821550      -0.55345202552836248     
   7.5576041494178305        8.4607707754607020        3.1070790447521812     
  0.54355880803848955       0.20052836144330671       0.35183454571078604     
   7.5741235602915751        5.9986844922029103        4.3741947095574361     
 -0.13597441905599786        1.1575256631712358      -0.90909311133105597     
   4.4858608864800704        5.9944086385750897        7.1308977885961369     
  0.78368124862521582      -0.18319979810199527      -0.78142812652948901     
   5.6380771770773697        7.8061203760116662        7.5806872646857784     
  0.69003205243818300       0.87738620405474699       0.52797197664645756     
   6.9173249165745521        5.1958543403860613        6.1531626494753535     
  -1.5408108698901499      -0.78047931181884289       0.59363528799902998     
   8.4865320246671310        3.4584655737890930        9.3075724785904868E-002
  -1.4707268611103557        1.3318455829788591       0.20634994408903415     
   8.4330760518204659        8.4918119436952146        2.4463202983067642     
  -1.0674281296148962      -0.42227575619232949       0.94505801647573862     
   3.6462018468711395        7.4600848072334749        3.4521387333982005     
 -0.89382680961066807       0.53962615717948581       0.54464833286156844     
   5.6116167316620871        1.4084827324722884        1.2759025097864738     
  0.17928312891582679       -1.8287232591089626      -0.66608544300277217     
   5.5069233647130744       0.13642442178372960        5.5264673184522346     
 -0.59450982570437005       -2.2241307831211929        1.1603599178763124     
   1.2751344392349946        4.3149406681577425        3.4207375679820258     
 -0.26919275884926358        3.3940139067698175E-002  0.47451452680659184     
   4.2371960004444942       0.39334316362609378        8.4550159273428971     
  0.83970886643494147        1.6768333454129185       0.22575604080145056     
   2.2945558072665468        5.8851231769712609        5.8209073156585678     
 -0.15933002363824816        2.0832181615963989       0.21578057631924438     
   6.9144752738423794        1.3621355725119244E-002   7.3261037296980192     
  0.62386255150037462      -0.14958221706397745       0.59280556643649596     
   3.6761057221732103        3.3336944311512191       0.92162085465160359     
 -0.36669202072741242       0.54638132775567938      -0.58914099388588625     
   7.3322447311687950        2.8685952891571991        6.3167779764664891     
 -0.65534908664179414       0.64298912947633247      -0.77095121819450563     
   6.4327276163603146        6.3479298209245538        4.5568116673709422     
  0.25469552761950504       0.34747375071843384      -0.21983456535642473     
  0.30376803949286924       0.87011768334020267        2.2268100292863577     
  0.50254369779805386      -0.17106821776623787      -0.90770579290699538     
   5.8855018681230966        4.7575973615801246        5.4561522468520973     
 -0.46973561334697916       0.22986790090475606       -1.0431537258183343     
   3.8456763495314092       0.57780735086841339        7.3530529710415991     
  -1.0307576426901246       0.35387983840046705        1.6742299129041502     
  0.72941627952867272        6.7134862414842917        6.5529340741541375E-002
   1.1909330416748318      -0.81496631725099411       0.64851895243612723     
   4.0699487177738298        7.5379092221482153        5.2447759950461723     
 -0.13911057188946224      -0.49042416789771309        1.3503766281441083     
   7.8732250296266555        3.6237226542744372       0.91599906013819599     
  -1.5293758985543837        1.3376725305179262       0.65794505554770988     
   6.6492493199406244        6.9160414435789805        3.7779022304035665     
  0.72960983674671354       0.26178335367250116       0.37841842721714097     
   2.5958322531979308        6.1603866673785079       0.73967893496632087     
   6.1242999206416925E-002  0.72177576674217891      -0.36970835486162806     
   7.4778324255261950        5.5963558940056242        5.5084722055269113     
 -0.47751618443110783       -8.1802649235749522E-003 -0.52392047038188350     
   2.2342312385738783        4.2523128513920163        2.2457242760668628     
 -0.80705097842982232      -0.20160643630815650        1.0186284438147801     
   4.2988976388286630        1.4675396278197339        5.8621948522650582     
 -0.40503132203483960       -1.2501199968227297        1.0120687393821939     
   3.8332596627101463        7.7288379335501425        1.3047604063952245     
  -1.1419331028289219      -0.71047919839374185        1.1328939944601504     
   1.1275830660391160        8.3055035407590676        5.6809025091967298     
  0.93800689972528339       0.98042193422670865      -0.61425289443333075     
   7.5089496258279169        8.2281014904879655        6.6570537688364473     
  -7.5012251397430313E-002  0.27919683403840373      -0.64522997743450894     
   6.6512266428606894        4.3799236999555902E-002   2.9487644965434803     
 -0.48069618391076624        1.4875733518816618       -1.1493724030789616     
   1.7620898739606510        4.7067005348569761        4.3576715530171848     
  -1.3506607407661442      -0.39893885774942123      -0.21834809450511841     
   6.5810378954011988        2.6835074729075989        3.2520120877365342     
  -1.4226668577061654      -0.66060943363174462       0.87359548170214540     
   5.6712497656500958        5.7526218358676093        4.7264884385784107     
 -0.56199968238299636      -0.10669900749163669      -0.68494754890953002     
   8.3545267703204029        7.5467106752194031        6.8272598109187976     
  0.38262814176892013       -1.5404893556716452E-002  -1.6767091085335746     
   6.6406563825292375        3.8780095213484929        3.5796783504038387     
  0.60994087644688810      -0.15320237267986506       0.14003431639192096     
   7.5447431168436445        2.9826518710416723        2.7619010938317174     
  0.29450859699190157        2.4874806427533942       -7.8056072649412764E-002
   8.3485667522943583        4.7472446350089905        7.2191013032401443     
 -0.24813407801252452       0.83402200985876251        1.3197663331440108     
   2.3770218553474582        3.6094851026012869        8.0934033346112741     
  -1.3106099784691359       -5.7333555561287941E-002   1.0937465915991220     
   6.4822442388117105        5.4830595996912574        2.3243507566408983     
  -3.1847401085181075E-002 -0.23032002384451702       0.21414130987984156     
   5.0236271712152334        8.4320588146683733        6.9139794313219047     
  0.97426806744255157       -1.0680890664333820      -0.27720496275965439     
   1.4360394861780015        2.5244230207186433        3.2488710232823244     
  0.36147875525317047        1.3407381540102210       0.12149371075224299     
   1.2986764304919731        7.4353765693829796        5.0298125379838377     
  -1.1821444974119011       0.85680734651285628        8.3033061666505814E-002
   8.4578898538648009        5.2950764823677057        2.0187794173810754     
  -7.1491422142743968E-002  -1.6626570084434695       -2.1297855056373334     
   3.8955600538631341        5.1747238068329935       0.69003456595064172     
 -0.84152574994762996      -0.73843205138971568       -1.3153423684546011     
   4.7942939183925848        5.9753699105334821       0.89444259895692646     
   1.0203365685688035       -1.1308602592145482      -0.13465636603907524     
   5.2448186613057031        1.9000420393349948        5.6269618779862620     
 -0.76802227477321894       0.11298138979796481       -8.3235969429750201E-002
   7.3484467189891607        4.6965629086969596        7.0520685099024085     
 -0.35995374354963366      -0.71571790171607075       0.33330603836979128     
   7.0718491356250359        2.7869949471348061        1.9536285559094519     
  0.86380340233331998       0.55716711162843979        7.2992110430610810E-002
   6.3149403860633759        1.9950591236889954        6.8938399191245194     
   8.9798748706882994E-002 -0.26998495903950509      -0.46340421004821852     
   4.4210996101593745        7.3509180842441122        4.2851739689116304     
   8.4284722047571425E-002   1.9526684830977739      -0.78881028958409105     
   6.2076576796004073       0.62676129410838755       0.69653969412705585     
  -1.4240640430860463      -0.86782159337667564        1.2976232674740802     
   4.0854361325066160        6.6383887964281705        2.8456529334086342     
   1.4190262497238832       -1.4149183187921175      -0.83646152394408912     
   7.7745955566762994        4.0771668763242541        8.1055267184403732     
  -1.5020420654988722        1.5711566412969122       -2.0660437318242484     
   5.6180025914120444        4.1267222822732519       0.94103581026770211     
 -0.74987176116578691      -0.42408174563476020       0.55051877964075546     
  0.35356438121955236        1.3315190513092778        4.4706577489280948     
  -1.5404440111431361       0.84035977588899879       -1.2875004429479966E-002
   4.6727836922845345        7.3330740757280122        7.2309005476037695     
 -0.97331948202909124      -0.20776291073309114       -1.4493471693941762     
  0.72815002163563847        6.8023071555825796        6.5345580024382866     
  0.36667898097496376      -0.26981980902537039      -0.40834071358582674     
   1.8867318846844516        5.3286415668020641        1.7969611819025859     
  0.64413725585440118       0.38291389159152561      -0.81003751813018399     
   2.7247585238647289       0.92451308866127491        1.1399136753188785     
  0.62677202123733755      -0.47345388721179316      -0.27459642735631895     
   7.6254784176067112       0.72956562397979852        2.2738894746067828E-002
  0.37548637236622207      -0.74704435003183112      -0.63223830947766790     
   6.1630028049246013        7.4913378997149032        3.0278743365343037     
   1.0757350943500732       0.64790008758510409       0.62263080977364227     
   5.7831214034040874        4.6609658401841898        3.2574381988666801     
  -1.4005308710848123       0.73243943948129764       0.13598379894270332     
   1.0872946342362160        6.3705034742038347        7.7114876832121642     
 -0.47677780751274751       0.98573511263008295       -6.2314107587447952E-002
   4.4420086816223963        1.2306557405987544        6.8552693848412005     
  0.61881076627603016      -0.74273899107990271        5.6071651200231741E-002
   2.7334248558751737        7.6274390739374169        5.4091945582552112     
  -1.1752905442756365       0.87221038768993386       0.34726126298617888     
   4.9663796799761792       0.72132786514214864        1.8872978774950235     
  0.36199181989939805       -9.6195223963560672E-002   7.6345891184542783E-002
   3.2852578683417364        4.8155753005802708        4.1498242019646439     
  0.58688108625726221       0.28298557700355442       -1.4878862903952392     
   1.7242837657792061        1.8968250675117799        1.6255234097163300     
   1.0926292276922733        1.0113662734145406       0.61275928867279261     
   4.9944814518378760        3.3443983589048485        7.1139827245537672     
 -0.84902935300637594      -0.79386919199787898        9.5362756226608530E-002
   6.3610494548647640        5.9319996579578929        5.3873405930459723     
 -0.65905221064402508       0.87268011495067810       0.75109230127904081     
   2.9150792408978248       0.16924449955295096        3.0606726773526454     
  0.37002672873056691       0.67815024555750292        1.2860902446526188     
   1.2504653990678012        2.3487227669380859        4.1964977990961918     
  -1.0441667918836872      -0.18027354441402216      -0.11864283616351336     
   7.5243501926593588        1.9223950778099268       0.29796242248340743     
  -1.1403125743023523       0.60893250375688268       0.21965415290803009     
   1.9292750569331050        6.5858746943466118        3.6602678732393592     
 -0.42163613297254360        1.5919922577630212       0.34421696309429317     
   5.2789485811303631        2.0423329069887348        7.5875181605917028     
  0.51092922509501859       0.84873936238651915       0.23828021981469993     
   5.9408195513347017        1.3281680350036247        2.9271682275690010     
  0.74547968959335376        6.0833201893467685E-002  -7.5838753726365365E-002
   7.3103612730342036        8.2872947349227264        4.7641846785975828     
  0.64325057624323323        1.3373980210421825        7.0088017011039172E-002
   7.3744301749146945        3.0526241018582478        5.0656954141176733     
  0.84546737921480530        1.2601683668371189        1.3664961272203544     
   2.8392203463622705       0.24886154247445447        7.0498256575947593     
   1.0680014802013775      -0.93089454590318255       -1.4104462511630493     
   1.8972501609669576        4.6242909142059538        6.3785742654333664     
  -3.4207722151545987E-002 -0.12277115681303120      -0.86706760255458126     
   4.6606507392959635        7.3542267807124242        3.1121546387545092     
 -0.99864935453728232       -7.7127135569682076E-005 -0.52116679201925054     
   2.7085517415910285        5.3673484684025965       0.15769883325570966     
  0.40785499376354234       0.85718760935783167      -0.74941017302267909     
   1.0793100440721251       0.30652046416668632        8.5123121077871495     
  0.80838940632537226        1.0322157456176422       -1.2343170410372737     
  0.55973667852842190        7.9043178590562242        1.9420132364061415     
 -0.55832812156090661      -0.88664998534311656      -0.26233115011920094     
   6.9270964631175218        8.2047847617754837       0.98644077040560418     
  0.29253063692679737        1.7601606841869244       0.24918083410024477     
   6.9652023219060766        2.1440864449994983        5.5258284645162679     
  0.13196507628626242       0.34119017307545696      -0.28285348659348480     
   6.2689807012831640        1.7864711091108054        7.9621305059591609     
  -1.2884726187216818E-002 -0.42720314810598842      -0.73974149139879120     
   1.6845940287392915        6.7786879531046669       0.68214847146320423     
 -0.34430972869796334        1.3744343769652188       0.97358994670015497     
   7.3182680428663787        7.7638805187778370        3.6411462824606753     
  0.11232523700050066       0.62013623499783010      -0.16906722276502453     
   2.6560434252814460        7.7451204262143776       0.34293906344682767     
  0.47633465026181826       -6.5646261494627059E-002 -0.38928031660429679     
   3.6946621957420991        4.1146657496734669        6.0729040444816169     
  0.41796490994930663       0.33687166046672218       0.41382589558972754     
   2.9005187466577009        2.8534901485473512        5.8439108020190034E-002
 -0.38406570060391515       -1.2060014868701459        1.1638986762272181     
   2.0310359802214344        1.7065405063412591        7.8234243681985909     
 -0.20217050880612308      -0.12535507353345451       0.15997580390031890     
  0.93276098214867886        7.3805593484462442       0.99267485486691953     
  0.54860009508701302      -0.41077354885287165        1.6958047924512680     
  0.89370957811273755        6.4313019991187206        5.7147067745311420     
 -0.26642696000913263       0.61304258970255643       0.61178872988597288     
   5.5973428637002991       0.26260663506667825        2.6878631036280591     
 -0.42434288851640101      -0.99087471942060201      -0.42815931932250251     
   5.2997457004584536        3.5767449339181989        2.8221576836013007     
  -2.4614419864089063E-002 -0.11179409251777855       0.66198631191179702     
   3.8769731933877862        4.6049616718986952        8.3808410647609186     
 -0.85949741961503590      -0.55729962248536036      -0.25089856390640963     
  0.46738365333371235        2.4858244269967460        1.6223871773705776     
  0.57727078763227258      -0.59192231230822823       0.55085520057980686     
   6.2764177425227254       0.20484391756528986        1.7775274501990133     
  -1.4478844476492112       0.77822028088692707      -0.13314848104941870     
   4.9001866660975830        4.2010557546005947        5.5282442747961316     
   1.1504301424788481       -1.6063134542740760       0.92384022555631640     
  0.43410839997329909        5.5750448902746985        5.2454021593071927     
  -1.3186458244653072       -4.1978148895454231E-002 -0.63726336914726067     
   7.5905393154045662        1.5447500354525587        7.4119995237588068     
  -1.4793615206512456       0.31597010755114624       0.65679792498897516     
   1.1294701112054550       0.56313602190367540        1.7452743750709465     
  0.14260117941361750       0.13349881413751999        1.0784343555829750     
   2.0263575312005226        7.1744350534076702        7.9119625694840572     
   1.6832870064950689       -1.2758981862960050       -4.1211879250557110E-002
   5.4388263431808799        2.6275707827262202        4.4851044565617437     
  0.78805296114006473       0.43214593863501527       0.76025376555656732     
   7.4182530659527339        5.9816344502238907        6.7795381815720610     
 -0.13820787354463093        1.0966213439613086        4.5688463787393947E-002
   4.9501695123090315        4.8937751658710926        4.8640933015516756     
  0.94973332190723969       0.45618293899840390       0.96641837173715817     
   6.1081292557661140        3.8914633551889448        4.4638709929738312     
 -0.54774212549009249      -0.19384044686750884       -1.3582033569725400     
   4.9644212202335165        4.8859130158110844       0.62773594845234504     
 -0.77334057336032136       -1.1060176993802635        2.0850082504740417     
   2.3343293098272802       0.18355109061992181        5.6957072224250798     
  -1.0296185578174584       0.56483933436751221      -0.45926539091366259     
   4.8406234791577099        6.2223523348426060        4.5023689271660663     
 -0.25312952090586727       -9.1187655240957080E-002  0.65207062504485414     
   1.6797694418289613        5.2696234885228312        7.6113510203094634     
  -2.1931817396132720       -1.1924091249570519       0.70891274630685186     
   6.8835584226194433        4.1349361257462283       0.45680696227504747     
 -0.77599114360488952      -0.12557835127342895      -0.56505889667180276     
   7.0036068851945714        3.9610564298177859        6.4297003216215236     
 -0.43048194398752404      -0.64590812147311527      -0.41856403855931396     
   8.5220332005034223        7.4184119773403818        3.0795571900200285     
 -0.43348506979316892      -0.71472493988233565       0.66880589272694169     
   3.4506479932708691        8.0731541127693447        6.1132202443612922     
  -1.1783131114367831       -3.5551818342374163E-003 -0.85719458286328909     
   4.1917261533083154        3.4582445530466455        8.5156003542367724     
 -0.22377252822158702      -0.30327184560267290      -0.56615021188630110     
   1.3772887037432033       0.17285433357205271        7.0610511811279260     
  0.74668008803073005       -8.2379132087024950E-002   5.7692431437973618E-002
  0.96815006179221186        5.0151302786090763       0.70813541924258239     
 -0.69652302932835741       -1.1058506717912204       -1.4679222272186309E-002
  0.59664641461216128        2.5570425293574108        8.1307256769028839     
  -4.3705484859962694E-002  0.46711680508838976       0.49396685569161486     
   3.9170205181952813        6.2341447915461989        6.1271258516751548     
  -1.1043621637329482      -0.76682915452447287      -0.33000498085446828     
   4.3843183113617332        7.2831792492293506        6.1075101829816729     
  0.47668423031827067       -1.2198754154656037      -0.85287302993779956     
   2.7959667560230570        4.0132378783879945        5.6409903477130445     
  -1.2816370881524832      -0.22885235211356514       -4.4223779292541662E-002
   3.3935290070730879        4.8439506724664110        5.1829042006410511     
  -2.1966685339631105       -4.1816343841176294E-002 -0.23923641999930326     
   7.7200354797293409        6.1163094487684821        1.6505829661682734     
   1.3597326734614266      -0.14428530848754931       -1.3071475268889512E-002
   4.5638903123322230        8.2099828684808749        2.4890870143915524     
   1.5071441617132295       0.13274300497250938      -0.40942084576170784     
   3.5067302558994582       0.17758094345870568       0.70938596047456715     
  0.15897656750862746       0.75618916938033087       -1.3832415052666598     
   3.5464944652539225        1.6397946326321886        7.3657537468820617     
  -1.7480368995001374      -0.28678881726346150       -2.1410517355526482     
   4.3987314842568344        5.6490927185349511        8.4002814018079093     
  0.91243284176744965       0.82161857468485955      -0.68715955119830474     
  0.14326189737358774        4.3023670111073624        1.0656293321088977     
  -1.0520666606129703       -1.0093671034777869       -1.5544695894738079     
   1.9878352326424911        3.4566459732693007        3.6045536206710773     
  0.89441129500490835      -0.17377166131216693      -0.59485890158005117     
   3.6219203078689435        6.3802762019093855        1.0483490944789211     
   1.6536564336741113      -0.37364781689747367        1.3760227675443648     
   3.7627609002998792        3.4791878890132795        6.9364000702965702     
 -0.23032035078228832      -0.36703413661253559       0.37361668026160949     
   1.4171491123605087        3.2430142710976577        5.9224278298129249     
  -1.4421296247119786       0.21144648413804773        1.1632233628042508     
   1.6896823385508357        1.6458165910285878        2.9873819203122647     
  0.21189948556970503      -0.44462833141060126       0.67397687069962953     
   8.0194056764135695        6.5286803190503040        5.6003264377284108     
  0.31740786864628401       0.41104883345434978        1.6142416518910798     
  0.80054328146545806        4.9407651610672820        1.7159684729882461     
 -0.30447081207321741        1.3170984054851862       0.99597441753253790     
   4.6166607089929750       0.90882544683347710       0.83029854965761096     
 -0.63942644988791575       0.44409507452292746       0.77072657985691784     
   6.8049933920445316       0.98321818734189037        7.0303083686245973     
  0.28105379449794704        4.2333535210370241E-002   3.0183055161723142E-002
   8.2496696254266411        5.5738978453164458        3.2235882945465493     
   2.1683024445278520      -0.40150023000137913       0.40684443499492795     
   5.8348283225920818        2.5475057271907051        1.1478686945388286     
  0.42992804493460762      -0.49891434440829779       -6.7586875745402009E-002
  0.10876157777621565        3.4902079127881267        7.6945398577174853     
  0.63296509033055959       0.41586102448815099       0.51513076418167003     
   3.2889948302535656        3.7128009604567929        7.9377882777636373     
 -0.27829896491836337      -0.32349523681781389       0.26821369039294363     
   3.6965590134313695        5.3454450591170080        7.7493698717936503     
  0.24386446374113105      -0.13483686749163426       0.99422625611459770     
   2.7117996599644791        4.5745349851417512        8.0702453739302822     
  -2.1561988253664439        9.8854820478921773E-003 -0.11692284946228165     
   6.8240842927021017        2.5516227792258555        8.4113052032910911     
  -1.1317923722135121       -1.1974064723208278       0.19660499570006693     
   3.3000803111517243        3.8996628278655745        2.5929010686551690     
  0.51015714288481084       0.71854382335345557       -1.7535893861201837     
   1.7380426804550839        5.9622691323360835        4.5401038375811265     
 -0.31108312679024713       0.63828839356036726       0.81122877813263827     
  0.12239280430861044        3.4021689123320304        1.5252799077672514     
  0.30966923241354011        1.0347237152242894      -0.17157821471460888     
   1.6361639117496316        7.4543272301362462        4.1252261925341820     
 -0.33035422467429421        1.5862839676841456        1.5762644688848855     
   5.6644293203858016       0.71741042783403763        4.1517394210817171     
 -0.36218830489621739      -0.35795645601246773       0.45884838100244751     
   2.9723168476897550        5.3178242292852094        1.2563684044533168     
 -0.15329572546106424       0.70395362657743277        1.6223558079827998     
   5.4602925491139853        8.2445030235115411        3.5005961412956879     
  -8.4047290241008848E-002  -1.1500926888605796      -0.21024340427825097     
   3.7646908054614761       0.82253226605649843        2.6667812998852378     
  -1.9587753700316408        1.6372009676929398       0.36523335350963576     
   1.1152864179899158        1.6124379591049660        6.2952453092336293     
 -0.42090757028949172       0.92405735259889465       0.14778592497302986     
   7.3254726195217170       0.93940452923265028        5.9901318795483105     
  0.79401117987906744      -0.40161596915718195      -0.12869554008102163     
   1.6354115151119339        1.4307546398461972        4.0109558011452693     
  0.95173104349404625       -1.0399372931332354      -0.91350674384982911     
   7.8100498757315506        4.8132219920176667        1.4286588408007521     
   1.0590460952708594       0.78081754408719484        2.0020984742541770E-002
   7.0539786980395105        7.6047286876270057        5.7953996416793085     
 -0.27201393747722274       -1.5592963579193893        1.1745290569431390     
   6.6581652147332591        7.6262289695508407        7.6711130091754214     
  0.71881046204410159       0.35026847946049910       0.10921699467305149     
   5.7464826554532538        4.1113145878256363        7.3463753774122296     
  -3.3285458919541190E-002 -0.17480467880780559      -0.19804802336879190     
   2.7595521597684649        2.3240684769834168        6.6967301586318824     
   1.2717805634785664      -0.22047555707962618      -0.63718174871313149     
   3.4351231302076419        3.8221810589892415        3.8805643503352512     
  -3.2421902005043066E-002  -1.9345572549589956       0.22342115868264403     
   4.7819412687986063        2.2801482369227832        2.9996292659066630     
  -9.0162740784864887E-002  0.94977490384359364      -0.33696713463006628     
   7.6776916358846350       0.62175220893061800        2.2566788579613739     
 -0.81890848402125971      -0.14223135825381300      -0.86690210013982272     
   5.5126750859874241        5.5162581473349279        5.8585239749638083     
 -0.13704829385879491       0.81971818813555608       0.37575679290016334     
   29.048641308088204     
