   12.058727469105609        5.0427377396298469        15.066742658800488     
  -2.9344071138618258E-003   8.3340150738934624E-002   9.8240029452428768E-002
   13.207793390207820        2.9640557563711014        3.4747585607463640     
  -2.9323316440643513E-002  -7.5778158141125582E-002   2.5810229652240415E-002
   7.7632586956194540        18.359191928332493        22.179046970404105     
   4.7383413563724767E-002  -1.1662699361347133E-002 -0.13832427362482375     
   13.612918108524031        3.3329529059658691        12.152978385424868     
  -1.5324411153501822E-002   1.1292545019060852E-003  -3.3794512776263996E-002
   12.715669041188258        12.573909588883218        17.371310679303811     
   7.3540905212609115E-002   2.4215267288697603E-002   3.8086521197477109E-002
   15.526055610082963       0.14031812343427516        15.897843281891094     
  -9.1208452897995437E-002   7.3959434229884324E-002 -0.10965592996410010     
   10.747556301082646        23.526652335557479        26.161915764265178     
  -4.6146939895123418E-002   2.8383821999894514E-002   2.1255172746933351E-002
   18.544205765711538        5.3281018361668968        26.040689413951977     
   2.9906134069844032E-003  -8.1950385780137344E-002  -1.9011569912460342E-002
   11.262825054973666        2.5856519095125341        24.880058137861369     
  -2.2423413405995723E-002  -4.9915445115417900E-002  -1.0927524612699272E-002
   7.2405943664264800        14.580043847529991        10.411022263491400     
  -3.0899542802963090E-003  -2.7772757423110590E-002  -4.2788943992544959E-003
   2.3511724128721752        26.562233186156561        6.1497465323803695     
  -4.6620716403621885E-002   1.5355380822875409E-002  -1.6338834367944061E-002
   21.281447921920172        10.087659687182148       0.19433597689286267     
  -6.3350273283775058E-002   6.5597354736824404E-002  0.14307901380916149     
   18.156369439777098        2.0100579429852439        17.106532138471199     
  -9.3837393553617088E-002   7.3099346296329262E-002   6.0632597421443085E-002
   23.913285407658666        2.0142499153057258        13.957328185905446     
   2.0902716333157472E-002  -2.2513189119341005E-002   7.9759391609751082E-002
   14.381707756659541        26.963916087847846        4.3697424761669854     
  -5.1776572587287330E-002  -8.3393072858806826E-003   6.5372760130133184E-002
   15.499317905817819        12.528349809223050        10.503521418045315     
   6.7376076950036862E-002   7.4887992737498757E-002  -3.8277276818097852E-002
   12.775190211345835        1.9407332919554647        9.4271164672720609     
  -4.3604614054653310E-002  -1.7169131630579437E-002  -6.2392198308048673E-002
   16.029455887203270        26.488317323422205        23.955852567653199     
  -3.7407904549013388E-004  -5.1403694089914791E-002  0.10292618792074289     
   4.4258427976608923        8.6793328506839895        15.779334028585676     
   6.2971618379036823E-002  -3.7600805195495357E-002   4.9612687095441789E-002
   18.777006408909468        11.540859077636030        1.7917995454993743     
  -1.7267990144013230E-003  -7.7245750993027537E-002   2.1840921126218459E-002
   2.3577078634163446        21.814338510977560        21.481969656306077     
  -4.7397565470364209E-002   2.6837017799072545E-002  -1.0017443307324511E-003
  0.26895220522421770        25.252332822991701        26.195214029041434     
   4.9813509339746327E-002   7.1516296539437793E-002  -5.0238991994200635E-002
  0.73498175467535420        4.4726236076347048       0.43714232057178365     
  -2.4229367215252293E-002  0.10402721129014980       -8.0948312458244600E-003
   23.380955313598555        4.5284271155629128        9.8625726941578282     
  -9.1964466300236344E-003   4.0382973025690029E-002   3.0062248284550425E-003
   25.441348762210978        20.699392295834372        20.587080686066095     
  -1.9537043002018327E-002  -3.6756250943099579E-003   7.5175670775588926E-003
   5.0353863986770611        21.361566861534904        3.7999211158295214     
   2.8040169939381868E-002  -2.8009975889960900E-002  -3.1242655798272401E-002
   15.276407980076092        22.537741420480550        23.189557406011048     
  -7.8674366727104102E-003  -2.4848728456435366E-002  -2.2998670148570256E-002
   17.179089728943499        4.0986727178589391        14.004461059846950     
  -3.8598713989389396E-003   6.9021405797666274E-002  0.10584933504036985     
   3.5202083173460466        4.9818860733194903        14.767417544397459     
   7.5630769545213333E-002  -6.4205598549998480E-003  -5.1577076312385235E-002
   1.2409636151018211        8.7136644470905491        26.800144012038079     
   4.2304063281557960E-002  -7.3847263805941116E-002  -9.0998288834093846E-003
   14.647496222681928        15.753997186970341        9.7818162247575895     
  -5.1951854354359887E-002  -3.2668318203847573E-002   1.7499684252686571E-002
   6.3835989984587798        19.777410569597290        1.0828470442300451     
   1.4812365768279698E-002   1.6086301700767098E-002  -2.2803270006338642E-002
   15.615433135542531        19.480637080918068        10.665226989598322     
  -3.0514031916877198E-003   1.9206445069889295E-002  -5.1041758644314074E-002
   17.225159795052793        25.144017028242143        4.7488234598530328     
  -3.9546489753262484E-003   5.0712229864991611E-002   4.4535071312891465E-002
   2.9880770448877495E-002   6.7689314441602937        5.2542767462865498     
   7.1666965347726125E-002  -9.6802648841914807E-002   7.2819196078161674E-002
   12.645938481358925        22.465309516354296        9.7337881855351949     
   4.0751566530503732E-003   3.5411544963589753E-002  -4.0562958944194503E-002
   10.421856277873266        11.523167733982525        25.935687994979347     
  0.10396052847354520       -3.3928197029148115E-002   8.3142315318918789E-002
   21.727172613720267        22.878830997228683        23.731676719905114     
 -0.13551648389344209        5.3443067750656569E-002  -1.0143246625554631E-002
   4.9156205978278429        15.555359846506748        22.211644204301685     
   7.2226756279438031E-002   4.0347995946291973E-002  -9.0452533740366631E-002
   25.360126128922989        22.686917937121848        10.249008577439852     
  0.11716871887169830       -2.0179930624853990E-002   7.6617931039597700E-002
   8.2244187446917323        18.208123395216607        9.5929263020369042     
   3.8385640337257172E-002  -3.3558526216927252E-002  -3.3981870502437533E-002
   18.245431167650871       0.98024393850648905        13.001442117952694     
   4.1587332769975761E-002  -4.4638971047100205E-002  -1.7946127485112279E-002
   2.4423878589846173        2.6751744974457750        9.5796932758052922     
  -5.9838859614640492E-002   5.4229996092369309E-002  -3.2279549760157455E-002
   18.200382349256166        20.396918673829109        18.172338385906759     
  -3.7072420579882409E-003   1.8479938113053467E-002  -1.6676498347726547E-002
   15.851509143014448        4.6547199297664577        2.5007068002171233     
  0.10238618395613906       -3.9867078439433143E-002  -5.1679886255701239E-002
   23.203607273861422        18.478047194065994        10.025456622123668     
   1.8012765469376014E-002   4.8125276120697898E-002   5.3956114427847632E-002
   4.9114844052032423        14.374099563087325        12.892045927551827     
   5.0431693386972370E-002   8.0443156406672461E-002  -4.4121756183875989E-003
   5.7010694508214268        2.3612320971295313        24.619085633460536     
  -1.5149208132443697E-002   5.2469658896725821E-002  -9.5564927143775208E-002
   6.3648108661336442        2.8502624347079610        18.405643482422299     
   5.9213800173226770E-002 -0.10965847076670368        1.3850282249693351E-002
   7.6049574543084146        5.5058526015037907        10.064658590122836     
   7.1238197348624507E-002   6.4801060285985630E-003   1.9919465086976257E-002
   18.198658685849004        23.335698442261350        24.922079708018188     
   1.4067968431114342E-002  -4.4703241413592026E-002  -3.4625035532165525E-003
   19.154845945422196        25.680012858051910        16.468233913188293     
  -1.1226877945851548E-002   1.1681422571154244E-002  -2.8317126754163025E-002
   13.730447690380567        17.429871433068076        13.026849772178354     
  -9.4879143578262565E-003  -9.3663939589124483E-003  -2.9980297822869387E-002
   25.012226125617772        14.575310775129878        19.120233100067594     
  -3.4867550803955281E-002   1.5956217591921111E-002   4.0534460318435522E-002
   20.367623839076590        11.827337028920486        8.1604274342569809     
  -4.9554397989263171E-002   9.7939283654978657E-002   2.6108589172704120E-002
   3.7710339623416260        26.546502706584850        10.006189080921022     
  -6.0308665730360329E-003  -3.7831046506590894E-002   1.8496582531371106E-003
   7.5951098544680313        22.803807993867395        5.0201549629151705     
   5.9905019311058731E-002  -1.6793972944205763E-002   7.8213407827117151E-002
   20.080977083706902        11.852402980067756        14.886818821516918     
   6.3132263842271621E-002  -1.4556192132594063E-002   1.0562483249754871E-002
   22.728713880202431        17.822877252962645        18.181955897297716     
   3.7749201389099700E-002  -1.2912043422291240E-003   1.0476677043077922E-002
   11.175626118477112        25.891014287535153        24.048523644063355     
   9.6808461851189090E-002   2.7308502484109015E-002  -4.2300531275803396E-003
   2.0413438106768815        20.017628162975683        10.548902183203770     
  -2.8345880335020491E-003  -5.4755306344991282E-002 -0.10055494252861459     
   4.8968170077974413        14.452123580351794        6.0331744057397945     
   6.9421607100352391E-003   2.3619427240372033E-002   4.5910574804504320E-002
   18.984869099729451        8.5268105550923003        24.866259322930933     
   2.5220844426353313E-002   6.9394872168338090E-002  -8.2475458487767730E-002
   11.606316475550816        10.078743436133051        3.8868531728141136     
   7.7818674960897696E-003  -6.5135210828839191E-002   4.4449297784917415E-002
   1.6916738904756514        13.591363110009766        13.540832248503898     
  -4.3827404690162733E-003  -1.3088075401244926E-002   1.0577458737204224E-002
   23.767706949126620        20.398331202038936        15.101798968011144     
   4.4317996889167550E-002   3.3995731639388967E-002  -5.2228130210704792E-002
   15.561081540086535        10.108085790031174        2.6221287805078974     
   3.8120237399507734E-002  -1.5299805019905627E-002   4.1388829436676149E-002
   7.3558311500287292        17.847904724032308        25.574490763117808     
   5.1775238052914084E-002   3.8602116847308021E-002  -2.1228899482949386E-004
   19.012760875349073        6.5256557367123440        4.8808200886825448     
  -1.0077586260784494E-002   3.8555804462623612E-002  -3.4930218723301029E-002
   5.6822366258334851        7.9677656914206381        19.000480660175185     
  -1.5290545248659410E-002  -1.0955592856385313E-002   8.6172035892178062E-002
   15.378608189955113        18.717466749899504        21.717328696084650     
  -4.0734109953722779E-002   7.1518328278548815E-002  -2.5319927052180894E-002
   15.619050774452388        4.0393376134096224        16.907189289714854     
  -5.6740144344963925E-002  -1.0604971977734414E-002   6.2466678513497381E-002
   16.561506409505903        2.6707680290463918        10.713044664498799     
  -3.0608664374290492E-002  -2.4854710120077807E-002   6.8008652803537961E-002
   3.1002674224831134E-002   22.921744942822325        13.824408015740405     
   3.0782510060674749E-002  0.12877611679862913        5.5052272615781384E-002
   12.787093610644174        20.779027155010628        24.250587200755707     
  -7.7824226764499072E-002   5.9889967190599339E-003  -4.2145519370112058E-002
   9.4367283875835088        3.4891865766760963        17.236176142103030     
  -1.9079502691310188E-002   4.8938328806359968E-002  -6.3304945553700448E-002
   12.193035424501277        10.124176638853628        20.504080142460491     
   2.1381917544096345E-002  -5.8484158201517492E-002  -1.5990191696544451E-002
   14.240303842290682        16.027814165348815        18.745846434092424     
   6.1979932661084508E-002  -6.9633340374518557E-003   3.1179568210902158E-002
   22.605172628344015        25.163634552852159        8.7106717107440215     
  -6.6310621970031250E-002  -2.9966107508857490E-002  -2.0019503438203193E-002
   18.002253586381258        5.4624802431454311        19.429179674336531     
   1.0181456389746621E-002  -2.5509080989990916E-003  -2.8246628965687373E-002
   7.5533134725266358        24.714019067658331        14.400680621550157     
   1.0445862882235471E-002  -5.4905409800575379E-002   6.9228214532127495E-003
  0.21906270702519889        9.7661736302659978        8.7914252744836947     
   8.7314908135126698E-002  -2.0011876368610668E-002   4.4147383080573907E-002
   14.308071975412895        19.499121572645649        17.466974633797111     
  -8.6382922448685236E-003  -3.7394782595338828E-002   3.1521802310141483E-002
   12.415234984322277        1.5348035359980075        15.116858346521170     
  -8.4899817792439512E-003  -7.2474092056884182E-002  -1.0829117647775917E-002
   10.249484389504156        5.6251674051253122        26.614091383428086     
   7.6049034440612354E-002   5.0297002329969732E-002  -7.8378745156745880E-002
   21.692762053802639        19.530549346697331        4.0932525137469709     
  -6.8854352786571316E-002 -0.11918137086449138        6.1435998472586850E-002
   18.928214043872842        15.316744634948973        15.867353384522527     
  -1.6861909449591306E-002  -5.2595536538586219E-003  -1.4864563849529180E-002
   5.8252005500399688        11.248089886213844        18.520169838141786     
   2.8817455970252476E-003  -1.1383309697855464E-002   3.1059046448461403E-002
   25.055019871307479        16.819573471308765        14.023436560828916     
   3.3844597353202381E-002   6.0046216408237311E-002  -7.6307957432916448E-002
   7.4351562149860477        1.9725490607413518        21.783491276776118     
   9.5437426297712125E-002  -1.4202566206779777E-002  -2.0108869914833565E-002
   18.129380742298590        13.643054712524284        4.3205182972731659     
  -7.7781462724942144E-003   8.5301830672364787E-003 -0.10741513838591531     
   6.7941986439290387        23.048059337691441       0.73853402025243287     
  0.10527020841113828        8.3025019785234647E-002 -0.13197948962010764     
   17.279830758614494        1.9599393206082216        1.3753107794121679     
  -4.3614948366853680E-002  0.10930040356589564       -5.6797875500621785E-002
   7.6428233307409208        15.749123820073134        7.2282504242398868     
  -2.2275553704836790E-002   2.5918996410376167E-002  -1.7154922003525742E-002
   9.8250868352517760        12.216990741027645        10.391949940769440     
   1.9992709621049334E-002   2.8739345239850184E-002   2.0454944589620282E-002
   23.639826606542382        9.5664741729202891        14.064742218473175     
  -2.8567565520317112E-002  -4.3506112163885627E-002  -1.1875561465273644E-002
   6.4016609287204878        15.181940341578741        16.079986285345818     
  -6.6566456228191800E-003  -5.0317014785781732E-003   2.1263508235676118E-002
   19.244430827014110        22.409378880035856        15.440271616571378     
  -4.4730564658213852E-002  -3.8852569883782329E-002  -1.8077648487975741E-002
   23.651888120895791        16.418428365207774        2.6643241672916553     
  -7.5180129771339602E-002   4.9234212142924547E-002   4.3625099310294043E-003
   25.069150801348830        4.2157503898740103        18.840165935606240     
 -0.11389535020080810       -7.7804561607870250E-003  -4.5120362378357301E-002
   11.806854620797946        24.508475291881929        5.3282949826845503     
   3.9196382909101983E-002  -2.4357352717545414E-002  -9.0198891991451327E-002
   2.5228135536602392        17.444261962221599        25.797705281999864     
  -4.4962003306280279E-002  -1.9673661378931300E-003  -6.9633329639453775E-002
   7.4887534246737157        22.139829953950432        20.601225179106887     
   6.6109428898595390E-002  -2.2859473456669232E-002  -2.5628599530438681E-002
   18.506900193480412        20.622011630320021        21.483249184869475     
   1.3114140818832611E-002  -8.6224111364294989E-002  -6.0616321231667616E-002
   5.4215971921910331        10.619608698082686        5.5475310267236351     
  -9.2554792866590633E-003  -9.0567571418443377E-002  -2.7104071407664177E-002
   23.588961616995793        5.7762260629647617        16.279587481114518     
  -3.7820435608076991E-002  -2.9333415131003990E-002  -1.5736257418554212E-002
   11.094452780999836        15.896683528769389        9.6636829326242104     
  -2.7209327548436444E-002   3.5361383335131356E-002   3.2995307186277794E-003
   19.729374946125766        1.9715478468555385        25.591999831587394     
   3.1003018482811378E-002  -8.5223583147418333E-002  -5.0088254197358247E-002
   11.498536880759888        19.580964791139223        15.164218408953023     
  -3.5391001805194229E-002   2.0007900655556399E-002  -2.2397155848602635E-002
   11.366766138514881        5.0375478288002835        5.9579053977217695     
   1.6870053821297328E-002   2.7718188662243973E-002  -2.4881983094239963E-002
   14.633732454817878        26.791490355262212        11.784842978183372     
   1.4938619289934982E-002  -5.8597059695479362E-002   1.2062553007696347E-002
   13.302690482597097        16.909897381526580        3.1075478270215955     
  -1.9637434091648347E-002  -6.5047585036281108E-002  -7.6369790937171125E-002
  0.72285289512599971        13.229055083719022        9.8506086825577306     
   8.6664351906285977E-002  -7.4449323142508517E-002  -2.4002804018449689E-002
   8.3617947606062213        20.144576897693945        13.954852103232300     
  -3.3314163856694194E-003  -2.0813873230105223E-002   1.7357713406912830E-002
   17.669056888221270        17.131033516294103        8.4566087837187425     
  -3.8970517622334923E-002  0.10751167263703321        4.0272204693301707E-002
   15.562104960401145        15.729524517900773        15.562950684788333     
   9.4594393368067298E-002   4.3721146871221958E-002  -5.7500162093311623E-002
   20.260996710913403        14.786090727668443       0.82012676176437727     
  -8.1774382649363153E-002  -3.9444279043658402E-002  -1.7560377796771290E-002
   24.054542453056111        23.789160836072909        20.032418008940212     
  -5.7587866688968488E-002   9.1029193838187111E-002  -7.7420437939639736E-002
   12.672480442901028       0.78753670295312017        18.405077306796684     
   1.1910966265199762E-002   2.2760425599639505E-004   5.6870904214008637E-002
   17.767041097547306        7.9121591486386835        1.8785730595476184     
  -5.8816359898696075E-002   9.8934453952077318E-003  -8.7606177668946073E-002
   20.489567203525052        17.723269298178163        21.043727153950833     
   3.2854618885678095E-002  -8.2472019123337167E-002   2.9035429021564734E-002
   7.8316226602810630        3.1403880783478417       0.71613709779866430     
   5.1307251995181075E-002  0.11828082836012822        1.7505368367189376E-003
   20.107609986645791        18.175849889019858        10.626040653121260     
   6.3666567930757048E-002   5.6652505614381350E-002  -3.1864888308701558E-002
   8.6025285680059831        21.228257332444265        23.755642839457547     
  -3.7686712593393464E-002   1.2882033294372795E-002   3.7451227819952478E-002
   12.371705325691813        5.3025876403737060        18.666220637531193     
  0.13864018019445168        2.5267290666725634E-002  -9.1127028385901490E-002
   12.944006007378313        13.159325738211205        8.7486594251080483     
  -1.7733315944581787E-002  -4.6249812045931711E-002 -0.13975495886662662     
   14.386707203308346        3.5567606492125812        6.3676271581912864     
   7.9892115657680743E-003 -0.14050695885360834        2.4268449325297876E-002
   21.330891040547890        6.7856721228008476        13.258636396473234     
   1.0329443166192370E-002   1.7409467770285920E-002  -3.2800251554590105E-002
   2.6958017490638575        15.238992502012607        3.8977124651688784     
   2.9129816874273927E-002   3.9031134548387345E-003   6.1903919498326979E-002
   26.448447716341267        26.806398045577176        8.4462872807628138     
  -4.4094849977663858E-002   4.9872972392337733E-002  -6.6475188803718693E-002
   13.821049744591646        15.258719782800165        22.471796436212760     
   7.6324004254412206E-003   4.5448834757589381E-002  -8.3111249901843993E-003
   5.9870451949611798        11.786514097664970        14.939281709750780     
   7.8759210678163438E-003  -8.4359662686332909E-002  -1.1996794760238846E-002
   18.031039148792900        19.866366946965393        5.2220371646095636     
   3.2804931918877012E-002  -3.0999861448718379E-002  0.11929600055811876     
   24.452397469802666        4.6543465066658758        25.775227631620606     
   2.1760108983023243E-002   1.1690280660472717E-002   5.8791444153862898E-003
   22.019494111861480       0.80156628658983098        2.3486513987629318     
   2.7845524044039019E-002   1.1158884971271814E-002   3.6529215535860112E-003
   11.668768036149347        1.0552770861682963        6.1807254547548762     
   1.7055747680301887E-002   4.5124275064793773E-002   7.4820996395568579E-002
   16.511423808209390        13.715482319254333        18.087281488114442     
   5.4038972879264985E-002   7.7071767819349463E-002  -4.7581989085457743E-002
   11.111109138386121        11.336433249846202        13.952002027675396     
   6.8407243625774397E-003  -1.1449389355588580E-002   1.0269586124042523E-002
   13.712100999549945        16.134370606212382        6.3385888004633255     
   2.8285512592774450E-002   3.8656477360741917E-002   4.0923009223669440E-002
   9.2836806915190042        2.4770467371084628        8.1520891380216831     
   5.9067390878617676E-002  -8.1051768517373862E-002   8.1436001133313216E-002
   3.6330658490983647        20.303138530884954        7.5357193152024617     
   2.7604831528692909E-002  -6.5546818633633042E-002  -3.9101684702652136E-002
   9.4954379406274310        17.545743095086088        12.642327336622541     
  -2.0578901290497043E-002   3.9997056063081262E-003  -6.5086288505155063E-002
   6.2767977419098164        8.5095830971583126        8.5707876865941035     
  -5.1309447933324676E-003   3.2252190459392448E-002  -2.0566780047133876E-002
   14.885786550524664        7.4312213635147373        19.913480508826037     
  0.13350387723383200       -7.3148305452767556E-002  0.14071853528023190     
   2.3561566179789213        3.8184496993190757        23.902687497843804     
  -1.5488288927492736E-002   6.4366668370625060E-002  0.10562473782331472     
   9.7447467289202780        20.500619222154679        26.930180205697525     
  -9.4484772653291513E-003  -1.6850782708151515E-002   1.0127788458347602E-002
   11.922965159528218        18.913007050132606        10.561251022203777     
  -2.5330924520320382E-002  -3.5116510504629168E-002  -4.1676717545335265E-002
   3.6080446200923721        23.707397624057570        26.721593904904111     
  -8.3735040037659303E-002   6.8048555822220316E-002  -3.7261975447217051E-002
   6.5320558522197567        25.965059330302729        7.8996780305781487     
   5.9561669477293508E-002   4.6181957011004549E-003   1.4872563220455957E-003
   7.3282431011336282        2.2525368357182494        14.904554030115897     
  -5.6408485829888763E-002  -5.0748661108861393E-002   2.5568768802673603E-002
   6.0239156548849282        2.8125273727914522        8.7012841300940842     
   4.5095952801464396E-002   9.0561208498591728E-002   4.2276072661112229E-003
   8.7420927109211082       0.61885017078361648        25.645021299153381     
  0.13171772976216303        1.4095742430109769E-002   8.1250286458959514E-002
   20.787792723927780        3.4083881344782885        12.955676943186608     
   3.8978829845846830E-002   6.5901650327426925E-002   1.5446422487085866E-002
   14.487983319934401        5.7083298133288753        24.114687580261869     
   7.3310678775189334E-002   5.5835289443021130E-002  -6.2606433532705244E-002
   11.746251167428731        15.302865418487359        15.136354901773489     
   4.4488900256328678E-002  -1.5776747589091290E-002   2.5129373764515704E-002
   21.829253165898525        13.353662237809369        4.2967737960857013     
  -8.7055992132615126E-002  -3.3532847083167380E-004  -4.1176854695971016E-002
   1.2084572864257059        12.429122400117917        6.3069013330459063     
  -1.8376692181976673E-002  -1.8105117352986429E-002  -3.9173469615023668E-003
   5.7738108177520617        9.4332528900479282        22.324356403083200     
   1.6545805698618594E-002   2.2689631051917861E-002   4.0675217995676263E-002
   9.1593844461855713        25.468368394397078        2.1412061595845580     
   2.2078065598748642E-002   4.4819729595514904E-002   2.9585771321904559E-002
   7.1433873548761628        22.401431380481686        8.4137641055437840     
   4.0059830636020050E-003  -9.3486566998254264E-002  -5.1867274693939642E-003
   3.6316810814790483        11.863269433862548        22.036379316796893     
  -2.7676901379574282E-002   3.4859365355059693E-002  -6.2370352909759307E-002
   5.3686140481320619        6.8634036721265375        5.2377114692376896     
  -2.3264266600037269E-002  -8.8392684456220713E-002  -6.2636174551206026E-003
   23.318819767678360        6.9673702690310098        21.905706047285797     
   6.5297672922156352E-002   3.4263829946626981E-002   1.3967625616390174E-002
   16.301748402257964        19.244214632875430        1.5437449395254328     
   9.7353376676595091E-002  -6.5940910089457488E-002   8.3756363644354029E-002
   8.1815087566557860        8.4246764257029536        24.783857115019995     
   2.4669559395151565E-002  -1.4511221300850250E-002  -2.1968337499216968E-003
   3.0422621443498801        6.3820270832148056        9.8775256737895667     
   6.4902552251465781E-002  -5.4105962837368354E-003  -1.4693581134222748E-002
   15.370022260067445        10.790866643093205        7.4670517736982509     
   9.9139666285295771E-003  -8.5293860318500572E-003   4.0915576912348720E-002
   4.4289778163126172        3.2571670043608059        21.243617442270033     
  -8.2819168450057823E-002   2.5755360824390012E-003   4.2779731803295196E-002
   20.289342805971689        24.848683173149901        2.9325367786484353     
   2.2677215803941310E-002  -1.2835166102567012E-002  -7.5682700866145369E-002
   2.0881884070100569        17.443338309350196        7.3220286845710723     
  -1.1428578320521066E-002  -7.6129125459106370E-002   1.4642232581193626E-002
   25.957739468941778        16.233808692331475        8.8912342860226481     
   5.5705223602890902E-002  -1.6809333277844733E-002   1.3719607973795863E-002
   8.3369628686081931        12.612754171001557        4.9500287173173350     
  -5.7318856025929683E-002  -2.6036857515122018E-002  -7.1985007660152797E-002
   1.7911890747395824        21.451936698894599        24.682273349146236     
   1.1587306401935500E-003  -2.6024124841556241E-002  -2.8924602152682031E-002
   3.5686471978081205        1.3748811690586201E-002   19.953253398001308     
  -4.1884852314150178E-003  -4.3903294492046746E-002   3.6973098957028598E-002
   9.3279217570282462        8.1334858854541494        21.146924200999795     
  -3.5390057755148030E-002  -5.2239703738505554E-002   6.4646600459393230E-002
   5.5113786376164171        1.1895466197186759        2.2684150332850668     
  -3.5775900063560837E-002   2.7093956272832273E-002   4.8382185825484834E-003
   16.904564950533292        15.886411240464867        1.4184389777054973     
  -8.3213593319038159E-002   4.3186978819889033E-002  -1.9200135926099073E-002
   3.8946863442865856        18.788300466702726        22.739472188582287     
  -8.5324348631123370E-002  -2.2617715484564175E-003   1.9641489387537330E-002
   22.678113165895937        12.266977005872320        18.078959252445848     
   1.6818549447023563E-002   5.3136743820520735E-002  -3.3507805189823874E-002
   9.2555045935506790        13.722808318993719        17.075852878058264     
  -4.5709468145583035E-002  -6.9041218983309796E-002  -3.2666069531582305E-002
   14.984117376957593        22.516323562155296        16.372783177684138     
   2.5790564557974655E-002   1.5918177828543371E-002  -6.5568570843422713E-002
   7.8953191731223757        5.0475340643242061        6.6432311021734547     
   6.9257071032737885E-002  -7.4222587588949770E-002   3.3982275774774758E-002
   3.1939650756749414        13.698728656053751        18.113089132805698     
   5.3667420273444212E-002   4.1075147373932773E-002   1.4126071810625791E-002
   1.2494006483312656       0.39650040374010398        17.688909418946128     
   5.6334448171670812E-002  -5.6989601629416950E-002   6.4212880267586925E-002
   12.495613231333655        24.679739176974639        18.650971063500617     
  -1.5741799260724791E-003  -5.6864780442437479E-002  0.12162605703332273     
   4.6312880833206203        23.645073829546501        19.234776253920796     
  -8.4145757690190684E-002   1.9770212990855469E-003  -9.8961840375627261E-002
   21.831407356191480        2.5066962431131379        17.336747870436056     
   1.8011696717264637E-002   6.5036382963668017E-003   2.0687222117825470E-002
   20.321823625728186        3.4830916641463099        20.409577339091239     
  -1.7772436046067312E-002   4.7360863277884017E-002  -2.5170191724918779E-002
  0.38637730043055174        2.7049999827168980        6.6314176172907144     
  -3.0346316854467918E-002  -8.0762233078352300E-002   4.8195888860650127E-002
   17.477381318286238        25.658428458673377       0.24293032218937438     
   9.5995351560361972E-003   6.5773312122364841E-002  -8.5953385990085993E-002
   21.750763323172389        14.424629830480177        22.076306273851863     
   9.6282735775465977E-002  -1.4474789328392527E-002   1.0235660053692166E-003
   24.689805127252345        11.018275916683370        21.452030479615459     
 -0.12570659722906907       0.11954673897797649       -4.9950430610376809E-002
   24.498068858131134        4.8578974390711984        6.5541288744262909     
  -5.3504115007141518E-003   2.6950021303045659E-002  -4.2122573374368645E-003
   10.863832271121833        14.403803733030554        6.0569147131985268     
 -0.12514778425938050       -5.4560566073754736E-002  -3.8928108684219680E-003
   26.747652373812318        22.974680028702267        2.0036048832739026     
   7.0581270342021149E-002  -3.1324014164000227E-002   9.6321419966092281E-002
   22.505072089284162        23.553312134209893        15.088101872010228     
   1.3557400882469803E-002   4.9011465858056810E-002   5.3526666556601495E-002
   8.9117092833016489        21.218984102046907        10.862814111694217     
  -6.2178429884431313E-002   6.7387447715001741E-002  -7.4423429314004419E-002
   19.062130935198685        8.7558397764725253        21.172503429525371     
   8.2833051935309779E-002  -2.2115350433976937E-002   4.3325889970014554E-002
   5.1882770401640226        5.9406141180249232        23.761736648720053     
  -8.2874286324007597E-003   7.0906635932988876E-002  -7.3053037708196615E-003
   8.4209065543761739        24.431955595443018        18.437992459039990     
  -1.3172322145700719E-002  -1.7419731254007093E-003  -3.4774012352226241E-002
   8.5000306995890842        9.1975754305387163        5.8100894706056190     
  0.15577680551628814       -8.6049157497676304E-002  -3.7418762477533341E-002
   13.712480391837547        13.846856472917240        13.040503062211254     
   1.2222180359714126E-002  0.16792559472561353       -3.2264265950011424E-002
   3.7683418762605645        16.905318593568037        18.613489388219691     
  -1.3101043603124410E-002  -3.2822906678642523E-002  -9.0890743273658578E-002
   26.769043496157263        24.472934324005774        5.0757794826975831     
   1.5033200211957084E-002   7.1562129879217132E-002  -7.2169431039187298E-002
   22.991580594205210        25.506611084739045        5.2706427783903411     
  -7.1946116505748878E-002  -3.9766812598044064E-002  -8.9639449957954712E-002
   4.9619373197455827        2.6511387315943220        5.6194901650619906     
  -3.4916815675176860E-003   3.1684142956885597E-002   2.3384791499988636E-002
   17.527058627133499        23.772936237936523        18.386507436174284     
  0.10073422811639554        1.9493594462339603E-003   6.7947659957386830E-002
   18.260021205426909        20.991425730180136        8.5438566720739662     
  -3.7853402337581804E-002   6.9920988516314906E-003   3.5389361445415288E-003
   9.6920924490051465        11.070465294162229        22.784191860864105     
   2.6068460704441038E-002   3.6234022624964141E-002  -1.1004471589604480E-002
   2.5533088895798866        3.6855859113154494        3.0718504874455985     
  -2.1814302970325473E-002   6.3582149369621324E-002  -8.5423828902662757E-002
   22.372803916920191        14.700193152612494        15.547328202593194     
   5.1218094841563089E-002  -1.3665365756124651E-002   2.4530755920285762E-002
   2.2065792075707527        11.424576274717994        16.098925668005343     
  -2.7601317763671075E-002   2.5740098143385608E-002  -4.7912620585739883E-002
   10.566359626274215        17.960861695142150        2.1378207619014531     
   1.4813023837887070E-002  -5.2977745832424289E-002  0.10750554028319163     
   14.940254524367559        7.3968752215899407        5.5695025844853774     
   2.4782767291455506E-002  -4.6758408133560553E-002   3.0179955505970923E-002
   3.3614483360585963        5.6145373814303658        18.345700791657720     
   3.2571889934053452E-002   2.9746734514485302E-002   6.9582563229005828E-002
   24.249865992415280        7.7001433537850614        10.675652882679000     
  -6.9355832199179318E-002   2.0880879968830871E-002  -2.7332829435157302E-002
   11.100900639179502        5.6461529904772938        22.480049962943173     
   1.6205773839922073E-002  -6.1563283882453109E-003  -3.2866801208169330E-002
   2.1665357736044721        6.5010645299451060        21.333126139635155     
   9.8929423690333515E-002  -2.5420145956916291E-002  -4.4986500031327613E-002
   7.4495321630727540       0.67896083502765858        10.557035329479355     
  -8.7104708582106422E-002   1.2685466117239790E-002  0.10923983599282520     
   19.244591028045317        11.057402721290902        18.368530655669467     
   6.9475178290605150E-002  -3.3808353997193549E-002   7.5994038567147660E-004
   22.099407814007048        16.615472501789942        25.580371267465967     
  -1.1431413072827188E-002   1.3916330060979654E-003   2.2914457250043180E-002
   14.777834598417392        6.1398131667970661        12.749807435973082     
   4.6431996128128053E-002  -1.4680573346604602E-002  -1.1118540882999698E-003
   17.688390652228087        2.4515567002440624        4.5181215846897063     
   9.3053499626793074E-002   3.9575037437073718E-002   1.8774033703288046E-004
   1.1748395840398755        16.729138146277013        11.775018298462141     
  0.13051477724072344        2.3746878736789108E-002  -2.0643532556804300E-002
   13.961028827538581        24.125489457878299        25.552791076638083     
   1.5345134606210441E-002 -0.11204992536771105        1.8504290442437468E-002
   20.387097061822086        22.351534862780699        5.7596167350197627     
   1.7065676379192897E-004  -4.1442972376106939E-002 -0.13683253259713690     
   11.164265779451611        22.832182501746281        21.860015779197951     
   6.5883681673293365E-002  -3.9122001241569247E-002  -1.4588871558290268E-002
   18.430939974658045        17.007014736096487        24.411634675199071     
   5.3489263719692898E-002  -6.7606470186993520E-002  -9.9424730428117392E-002
   17.603083167376486        10.166086884003411        5.2822925998500176     
   2.1804495134236188E-002  -6.0804668099943185E-002  -4.3917428366703481E-002
   6.5320401367585745        25.645607242915851        21.025846941477603     
 -0.11611232365512283        3.2950827782979787E-002   1.3762986446571887E-002
   4.4926646216043666        17.141974908978305        1.5127508122314313     
  -7.0533804975782613E-002  -2.4413387538515623E-002 -0.13901139495264281     
   5.3071821375072075        15.423043999916832        25.770001173207763     
   4.8450729564084409E-002   5.7306638335115491E-002   1.2062813107298821E-002
   20.605061593631621        23.634066127387158        19.976896790314132     
  -3.4879140651835894E-002  -3.8723698548318752E-002   2.0139536067969258E-003
   17.900602032585429        8.1333108617592238        17.442511962907151     
  -1.7381757683288649E-002  -5.0509468466346318E-002   4.9178577937004114E-002
   20.127976764741391       0.25974972281616732        5.7872381180158232     
  -3.1424789144646359E-002  -7.4295389869992977E-003   1.8744518394163877E-002
   21.205103641671371        8.5931987649773447        16.274053112423875     
  -2.5527860211312779E-002   2.8199616452679984E-002   1.2150046131425639E-002
   13.402206987149297        21.664218751548297        13.254940497442298     
   2.2324546226158690E-002  -3.6321471986717264E-002   2.0227458735348074E-002
   8.6056132518455239        6.4038129061406313        13.818479037832121     
   2.2542640857044757E-002  -4.8810697015475045E-002  -8.0913335468490218E-003
   21.354402119067768        22.196549732514601        9.7332095872565763     
  -5.9107029143011056E-003  -6.4809381104179616E-003   2.3096337864261335E-004
   12.705957769236859        6.9650464612458709        3.3953896825901202     
  0.15240972398560251        6.3003086554545715E-002   2.7682345936350612E-002
   25.010332294252358        19.466421799726003        3.1607061926026496     
   8.3619035857326163E-002  -2.9749111937785823E-002   6.9651278537021530E-003
   26.563795036840972        15.773511431228414        4.9913296925721999     
   6.2003235618922188E-002   7.4703129281248670E-002  -9.5424332713655250E-003
  0.90897509652702235        26.894811828500675        14.024535313165638     
  -2.9203070817158804E-002   1.3267111806492357E-002   3.5372684118989486E-002
   1.6877718877198811        15.094772681408578        20.912196277956109     
  0.10512202395967565        1.3895548420187881E-003   9.1705255328623766E-002
   8.3424294480041681        4.8055862712665691        24.124556714087010     
  -6.0018097485697773E-002  -3.4546789539940288E-002   3.0624254495014443E-002
   10.567779416773831        18.053550846238362        6.3520400211316872     
   9.3326457072068755E-002  -7.2047302142500561E-002  -6.5856286948720019E-002
   8.4436184587010636        14.158345997217937        13.495242365729389     
   8.7138200380629277E-002  -9.1748425887952095E-002   9.9136718852401287E-002
   15.085274570471526        8.9512892286416221        23.152519189523339     
  -4.0483317529459710E-002  -5.0956222766386769E-002   1.0445027945441181E-002
   5.8291218063310852        26.348654935224534        17.414972311527894     
 -0.10189051848269308      -0.23059583241133530       -5.3746310638377141E-002
   13.940217837426452        4.1141130683687184       0.25698825620471982     
   7.3165517713072378E-003  -4.8921266585444635E-002  -5.7414345247797254E-002
   25.658660314920574        11.128825043213654        12.206695895478145     
   8.6305579595594206E-002   2.0198842825688488E-002  -2.3013851072844396E-002
   21.531706180665328        6.8565707765804671        8.0113769943793294     
  -5.9160037618925403E-002  -4.6806327656476526E-003   4.2971991857462595E-002
   9.2453360866754721        7.6513768817542145        17.995940130916580     
   6.6281685186676792E-002   3.3473581988004354E-002  0.14328639295220996     
   1.1124732338946437        22.802111060978135        7.7281966802621271     
 -0.10215792286972863        4.7416892893352498E-002   5.4056677761280446E-002
  0.14532371565536617        8.6493356766768841        15.116884049076258     
  -6.9001529723313568E-002  -4.1903367489800718E-002  -5.6840188311684040E-002
   26.940193801242767        5.4210707619923451        8.6607396104662797     
  -5.5507245166801139E-002  -7.7818167910034229E-003  -3.6060766351450058E-002
   8.3002178160881002        9.7693195798247228        15.690443052142044     
  -2.2207446251449828E-002  -8.4541751291271838E-002  -3.1394096038339460E-002
   5.5992403397475510        13.916358498056587        2.1728669021444666     
   5.1167232685348805E-002  -6.3246782862997550E-002   7.7185572578631588E-003
   21.511776678502020        16.264457472210442        12.773186713368130     
   4.1115532746515649E-003  -8.2763403437881508E-002  -4.0508696456338709E-004
   25.031633368513180        1.2012022563668576        4.5498525298263948     
  -7.6083483515313632E-002  -5.5651308248440237E-002  -1.6959709619798109E-002
   23.248809584865700        1.8961280636900810        7.6083513954255695     
   8.6869724891978611E-002  -4.7013349582561079E-002  -5.8466266545409089E-002
   26.486302627525731        12.877051760213165        26.431635302782585     
   8.4353291948866566E-002   7.4630234942714424E-002   6.6173601897401846E-002
   24.357942579067906        17.476859499938165        20.894178700683995     
   1.3040373987902863E-002   4.0624169949462212E-002   2.4776215700643329E-002
   1.2370514515666218        26.921185787408888        2.5126487613669930     
   8.0780260204849436E-002  -5.3883528414677397E-002   1.4604954471200965E-002
   8.4628901758713138        14.897393712978371       0.42680020746883274     
  -8.2276000783929951E-002   9.6357035604047164E-003   2.5343607826779670E-002
   9.5234312713307272        6.5987863592419441E-002   13.513763756758395     
  -2.3118468914508975E-002  -2.1259874444136077E-002  -6.9675559755007027E-002
   2.7161902021258362        1.7420085707659529        26.600876201805182     
   4.0975082551823340E-002  -6.7934546080142488E-002  -8.4666323790648201E-002
   14.424814363500202        13.435003910584246        1.6573730955762123     
   2.7933131839425609E-002  -4.0503562261035839E-002  -2.5231608587860575E-002
  0.35787562806104367        10.499132227448595        23.790200472881509     
   8.3043965003084849E-002  -1.2003036736524478E-004   5.4729374114306686E-002
   15.744059383669196        14.127049931676858        25.220055963359474     
   2.8384830880007563E-002  -4.9655310068754704E-002  -2.1042293489606682E-002
   4.2423500637046088        23.826094224248727        6.2009990814595000     
  -8.2106794873487765E-002   6.3978071093403754E-002   1.0493378604157477E-002
   25.119810273275558        1.0956315695869006        17.291593773471256     
  -9.8224297484682407E-002  -3.5379152027194549E-002   1.9380853770951108E-002
   9.6392707466711389        26.729610678017490        20.629101734292423     
 -0.17676865280348347       -3.9276770198599271E-002   4.8576439634820466E-002
   21.041468489702869        26.690440851675120        22.298912561657804     
  -7.9485927191710933E-003  -7.3285236763268813E-002   6.5714984550065539E-002
   21.149743323996439        25.642592913881455        26.308765462704738     
   9.9381109272598488E-003   1.6492705226266217E-002  -3.4491219088803385E-002
   2.9903433857792798        11.839128500464412        26.216855718550203     
  0.13910058985754956       -7.7242656675799354E-002  -2.1231614197282154E-004
   19.121876530350765        26.610807322604327        19.450654159630179     
  -7.4790623976486795E-002   3.9014264294761521E-002   1.3677061279164413E-003
   8.7025608157647554        26.598031215640727        5.1418292787609694     
   8.9347738467375135E-002  -2.1768167337557891E-004   9.3418635371747730E-002
   22.511528835981338        9.0902175129815586        19.548747743631477     
   1.8448245918796211E-002  -3.8118704044861132E-002   2.7341651842646371E-002
   14.737967539234731        7.4072202290587414       0.45221379592052408     
   3.8321788091039741E-002   9.8782608962706825E-003  0.10316003143035345     
   20.254967949479045        18.473736758418514        15.844862898300129     
  -2.3843105834868646E-002  -6.7049617189087654E-002  -1.2693574983159778E-002
   3.7595412521556084        24.463341172045819        13.586215732741273     
  -5.4875567802524179E-002  -8.5640561516085231E-003   2.9877049585430419E-002
   9.8746906581799720        22.672847422797350        16.284576315371037     
  -3.3993507962515636E-002   2.9754712981470165E-002  -4.8712088796375980E-002
   24.491976518996935        25.532723245289581        2.2210113224808361     
   3.1854429962572026E-002   6.6564985079925381E-003   4.2048891941620543E-002
   23.424973775222458        22.471081570834908        3.6087979274524056     
  -1.9202484051244653E-002  -5.6475050234095485E-002   7.7141650569905768E-002
   22.108163052665805        12.421993316163228        12.268238903006157     
   3.8276595652011025E-002   8.3510597405300299E-002  -1.3630757619592546E-003
   6.1246475006641132        4.7755435079914754        3.3349731515373451     
  -7.8480223525961346E-002   2.4352938866183917E-002   4.6873913038663867E-002
   8.7335972742522561        15.324548609778036        23.766459608882272     
   1.1054325439007674E-002  -6.0584716694800207E-002   6.2966761990486064E-002
   4.3729047619127339        20.940251308025882        14.771331982558541     
 -0.10721265124279787       -2.8208996879299369E-002  -1.8598686955384837E-002
   18.588693301824193        8.7526547381355790        8.6149048602809692     
  -5.6718503068071927E-002  -6.0951019249749903E-002  -4.3545090455172943E-002
   7.3659991476079876        24.313846831963982        24.336876325027578     
   1.7012975339404459E-002   3.3439963310992589E-002  0.11603460203200648     
   15.296442118847793        22.778191858804863        6.5937491421657084     
  -2.6923397816209574E-002  -6.9454503866966680E-002  -7.1701757454288570E-002
   3.3422781240030899        17.174260087965738        14.555033060070016     
   5.2603406346569494E-002   9.1979616500850944E-002   2.6787202091800616E-003
   2.2516564586238510        20.105807520548616        17.732853005954507     
   2.9841240449322307E-002   3.1001488449899127E-003   7.5186724405573646E-003
   3.1584506177887572        5.0677897589416796        6.9942458008727009     
  -3.0941696528267622E-002   3.2871604648707586E-002   3.4106162301948753E-002
   12.918646369649897        25.101544325960770        14.733114122045334     
  -6.2971417980005634E-002   4.1353447618540901E-002  -4.6161444138139718E-002
   12.934459606851235        10.635515053370710       0.61270762230692521     
   3.7378828255045779E-002   4.0574281904074284E-002   5.9261583437626032E-002
   16.517119948138326        12.782761689013993        14.652268086223023     
   1.9317706336474286E-002   7.8277728872315835E-002  -5.0766453826631740E-003
   25.298184795715763        10.243799766529508        18.046818618657724     
  -3.4427189045943232E-002 -0.13468373490450972       -5.6912643532987695E-002
   16.779210261086472        23.785776383705446        13.685342260267666     
   2.2690194044902724E-002   1.2600978507512604E-002 -0.13191836867229031     
   19.484543412261573        4.2595244423593863        2.4975871587308829     
  -1.4210253958910008E-002  0.10074271211674758       -5.9609589859883037E-003
   15.380850833706923        8.5492644690555561        10.544663712045335     
  -3.4724871400706590E-002   1.1305687834072995E-002   2.7159262316190928E-002
   16.718755621477843        19.435986362173786        15.020710182441945     
   3.8260974173198049E-002   5.5021430295387377E-002   4.4673933204202564E-003
   17.373717504772575        15.110813480545561        21.658047256566885     
   3.9935506244194445E-002 -0.10167294622164133        3.2898737145670688E-002
   19.528759328432450        13.290401279735541        25.045061657209150     
   3.9815930830341219E-002  -3.8536823342988797E-004  -4.7114659985698040E-002
   17.987803324994644        6.0065164438070839        22.690057975482983     
  -2.8469471403879724E-002  -7.7666646523008327E-003   7.8129324023619259E-002
   19.721725221737209        25.009300846306786        11.742922243595633     
  -4.2870276411141793E-002   3.2768679758956821E-003  -4.3843740046710954E-002
  0.19930763915629998        9.4815412231517762        3.3336689759053315     
   6.2483742385091849E-002  -5.7202835902069298E-004   2.1069067199312716E-002
   6.5851324890299079        22.292278486898141        16.649498053479235     
   3.1890686374399936E-002  -2.3986843405492037E-002  -1.1994871734829280E-002
   4.9884976002282890       0.31800803827816970        13.610831933001387     
   2.2196929147079665E-002  -2.1071079684414785E-002  0.10811758550049178     
   13.996424194595548        17.302524130718190        26.125646537165448     
  0.11473156610713224        2.0419183601536703E-002  -3.0245068062332663E-002
   19.366507044225767       0.77444611353334447        9.2717514487667678     
  -3.6608393981614876E-002   1.6419714882358639E-002  -6.7191898700895729E-004
   18.017410453788550        24.556044363692848        21.769710980798266     
  -2.3228766123602113E-002   4.3444974352725735E-002   4.9613541081562136E-002
   25.168783169773306        4.2739733966616793        22.132669021529203     
  -5.5424322545875468E-002  -1.7534814774298013E-003  -8.9195817193493912E-002
  0.12366758213816745        15.700140685132761        16.996551494685750     
   1.0183672130899084E-002   3.9883775971895748E-002  -3.4672155202223984E-002
  0.37689861866363161        26.933530509768868        21.173371758100988     
  -2.1472358937068631E-002  -1.3598310664337199E-002  -9.2575104291253471E-002
   22.939287062798961        24.566698060357663        11.887352616380303     
   1.8448480648958352E-002   4.1928860198794729E-002   1.9750934060923708E-002
   13.793173512269254        19.710594564652670        7.7211015026396357     
  -2.6882475347023930E-002   1.7691855642719887E-002  -1.1738035081536142E-002
   1.2800264564031625        23.909802912119968        10.884165989074313     
  -7.6536582112506107E-002  0.14496834028362413       0.14266835958195892     
   17.136550930369566        17.405531291461081        18.829680578879273     
   4.8651255116595439E-002   6.7758314056507993E-002   4.4149159399916524E-002
   15.582234883770836        26.095513878782231        20.080346216071632     
  -1.8577909944400704E-002   4.2647832327661200E-002   3.1451241136072672E-002
   7.0553211384928645        6.6892189479218604       0.65417927264261411     
   1.9612920011331254E-002  -7.3867412550962325E-002   9.5308337065767006E-003
   21.893088383156467        7.0365469340288422        25.579695318971467     
  -2.1213589574609237E-002   2.7166199081546149E-003 -0.11175022695882790     
   23.070897380431656        16.450041695880369        6.2198288656121345     
  -8.1007401428676490E-002   2.2277557419076940E-002  -4.4111558091282928E-002
   8.2472088962331860        9.7504439079842253        12.528608247062307     
  -7.1491640819036154E-002   4.6716926344316401E-002   5.2433611153298497E-002
   4.8811751609576408        8.9090718974776788        25.650239938755522     
  -8.2220351595148317E-002  -2.2454591925925020E-002  -2.1979052700675999E-002
   1.6893893881133539        14.926982428975421       0.56054909129131314     
   6.7105938540561938E-003  -4.1941916437228374E-002 -0.10339050030686245     
   4.8049578571769498        17.836145201312107        4.8160094627751668     
  -5.3133583802650423E-002  -3.6989629751660439E-003   3.4827386460155187E-002
   22.688431011890106        14.844295091770149        9.5955426542578621     
   5.3644260095877978E-003  -5.4401081199700312E-003   1.0937447678814986E-002
  0.60958096056727373        7.0470813472361025        24.045593580646379     
   2.8480044754386528E-002   8.3819237557591256E-002   1.2633046045655259E-002
   24.291044913487440        22.045457185333827        6.7435226556836323     
 -0.10112731761907652       -8.5546945626435861E-002  -3.5701833467853300E-002
   24.549185020737166        9.2647588410653388        25.728890150926283     
   3.5063646259219448E-002   1.2935593033552906E-002   2.2695984077775479E-002
   26.477952470016209        2.8937219427055800        10.691526870817945     
  -8.7713764537962740E-003   7.4669143042440836E-002  -5.8643368115834468E-002
   12.109608396707666        8.5407921082640517        24.653507281928686     
   5.0553356279772026E-002  -1.1817769890602020E-002  -5.0408012896544577E-002
   7.5573509188458505        19.136698461068551        6.1368918260615395     
   4.4512276199749026E-002   5.6598033251843746E-002   3.4058177974739721E-002
   16.206040189509313        14.114033919586248        6.9662920579654530     
  -9.9393932165593377E-002  -5.0346807185428062E-002   3.8293957227005189E-002
   9.8926218542578876        24.864431336043186        8.0472967869509304     
  -9.4872984558929396E-002   8.5914093751872075E-002   1.3311129059351501E-002
   25.718695281913650        1.4130457252885031       0.91358685737331979     
  -6.8857172012391873E-002  -2.7239973890596549E-002   6.0963375984514311E-002
   26.564645169711785        20.449268149653083        26.938272822427088     
  -5.7658576414745359E-002   3.4809960592568717E-002   3.5133928834760693E-002
   16.042960806691955        23.955451814737184        10.206002283017240     
   1.1565115162489375E-002 -0.11796645462299840       -4.2967539126347626E-002
   3.5472125859931780        14.980601462240728        9.5617384445051208     
  -3.8350371510587594E-002 -0.14347322471882382        7.4851973865743937E-002
   25.923953449409140        4.2384901147363756        3.2875137066526277     
  -1.7364964990440507E-002   2.1893951724432622E-003   3.0609768927944748E-002
   2.2845273997011581        10.426854405981064        12.076890167448601     
   5.4167560561947603E-002  0.10816840862425828        1.4562968787332120E-002
   2.7760681333012491        23.928362672423770        3.0213302271063038     
  -1.0277989252874016E-002  0.13438329692897780        1.3919476026838176E-002
   2.2702391572868699        9.3192780557973478        5.9510726099250268     
   4.0243843898182662E-002  -9.6491821459540987E-003   3.8240433922935621E-002
  0.41787540037398513        6.1230810899176911        17.300095408528041     
  -2.3654403370378111E-002   3.5245720087220427E-002  -3.8004041330808362E-002
   1.3948663779207908        18.294925324761728        2.6810997220814352     
  -4.2274963095958663E-002   4.1477652557669734E-002  -4.9732173222317252E-002
   18.774162359852880        24.387035438430889        8.0005491670291189     
   1.6429784141448786E-002   2.2414679882609194E-002  -1.4180988921921978E-002
   20.759528343493329        9.5671464695169828        4.9609718341677134     
   3.2417862039581358E-002  -1.1035191381768108E-002  -5.8553875605087194E-002
   23.841895680844981        1.0944047855957049        20.830003160498844     
  -3.0301492935405929E-002   1.4828214803030005E-002  -6.7291289728287962E-002
   15.945042292153104        2.5312659941075113        25.049930521991030     
  -6.6491648792699184E-002   2.2827920895479411E-002  0.10800046757501537     
   3.8173958668092829        23.019312726980434        9.4222450613847162     
   7.6824171136871053E-002  -5.2571479366486908E-002   4.1834367881330957E-002
   10.632509818276555        22.546088716752411        2.3394240925961647     
  -8.9736819853067831E-003  -3.1636060874796465E-002   8.7109486049593621E-002
   20.273978394680807        19.963511838236521        24.586707597785185     
  -9.8656290195723514E-002   8.6289975853788822E-002   4.2442422686477368E-002
   21.864547574544702        21.378807746113324        17.746472965514101     
   4.7065342046894200E-002   1.6887002425457421E-002   2.4410845107623477E-002
   23.937085792783812        11.025723954507544        9.3128327652116898     
   3.9506357514041100E-003   4.6559985394869323E-002  -2.3848979691316424E-002
   21.424928698595174        20.690829578420637        13.016732738852124     
  -3.0803398503219444E-002  -5.2768883761078239E-004  -3.3796825237230627E-002
   21.047980532534357        9.4226221441606270        10.959951855729084     
  -5.2060880262318247E-002  -1.3005137000356534E-002   6.5709223906038741E-002
   18.526831088844354        8.6205816096707153        14.219352223901430     
  -2.6127577715064774E-002  -8.0642176526122725E-002   6.5286073453157206E-002
   18.973819029047927        12.269295642189270        21.776279848858227     
  -7.3663305197422035E-002  -4.5831271462439323E-002   7.3080214474478725E-002
   9.1297405742292579        17.634718645546393        16.041563916466558     
   6.0508525727625627E-002   6.3244615629650086E-002  -3.9623948477322563E-002
   8.9506097892866840        10.836189880250471        19.215962057245630     
  -4.8388564571303768E-003   1.8010303357504195E-002  -4.1622204166371898E-002
   20.099731876907672        5.0114484738837133        16.272425856407324     
  -3.1008532474392902E-002   9.5959710382112928E-002  -7.4143196220299246E-002
   12.538407669138664        12.441162212442482        23.410623230546555     
  -8.7127813458384565E-002  -2.5734567778712660E-002  -1.4085100331149377E-002
   10.912379304045984        2.8866365236178217        20.670306029998532     
  -9.1772751550724521E-002  -4.2614295185382393E-002   5.6353503045225996E-002
   14.629513154337115        22.715699775304895        3.3626085289207395     
  -3.6253221858334225E-002  -6.8828914177610657E-003  -4.4184287340961519E-002
   16.353738795475842       0.85277855534708125        8.0197749617855365     
   2.4682403473917893E-002  -9.9373192071498220E-004 -0.10816039440771862     
   16.356848576347250        17.169650132011281        4.5363353284479055     
   3.9345790767238480E-002  -9.8827095105034398E-003   9.0332704787487225E-003
   10.633989721148026        21.807884132769104        6.5811178380475175     
   1.8998027651300303E-002  0.16046127860370307       -5.0352059046555641E-003
   10.577444657096629        17.210626436621446        18.728574728338792     
  -1.6006521111645085E-002   5.3800715384636211E-002   8.5134890955371953E-002
   21.368866601369156        26.730196622912750        14.168503272116608     
  -8.4544236960632457E-002  -3.6984471252316693E-003   7.0554911479500756E-002
   1.7039586358404109        24.265911426983827        17.009824827275665     
  -2.0543977752030063E-003  -1.4857380145567025E-002   1.3813730967231376E-002
   22.896618529642573        1.3632233132547722        24.863850796220142     
   6.2847644768622729E-002  -6.8899807426371654E-002  -1.7881812624065435E-002
   25.425043595303030        14.275950684537099        12.140019316144413     
   2.3318108394119939E-002   8.6487731710391841E-002   7.8372614582577459E-003
   20.972345513105395        4.3735677048260895        23.622511343722696     
  -7.6257243690177764E-002   5.5270541597589040E-002   5.3562592658569419E-003
   23.922067607407413        25.688745598849437        22.976915592974134     
  -4.6117363926594657E-003 -0.10725392787737827      -0.13738724214067435     
  0.35852662668069057        23.779307278259740        20.543696783932930     
  -5.4284763263552270E-002  -4.7634441487268329E-002  -8.4849511837898878E-002
   14.786318266952863        4.0772645725052499        20.997231695811244     
   6.5819410846726586E-002  -7.2949023199161106E-002  -8.6863520846704265E-003
   11.448329209507431        7.1731771316017348        12.697322617726314     
  -4.9543234262045648E-002   7.2881525000884637E-003  -5.3693483482679582E-003
   11.238293379803022        17.668080660990501        22.315947437268385     
  -2.3219733627446677E-002  -4.6169207371920762E-002   2.1500755488875513E-002
   25.640926610567295        12.686242258053438        15.353994426324087     
   5.5721840008857035E-002   3.5941484565230837E-002   4.7085421154128186E-003
   11.878101088212079        14.800264054391283        25.918367880182227     
   5.7926971518337108E-003  -1.7416067882761125E-002  -2.9893069629023820E-002
   10.519041077206783        14.393999792698065        21.074203040958761     
   5.4370008087945669E-003  0.12596185719065520       -5.0884218139006801E-002
   3.9348567231532670        10.722008849767652        8.8784956576773659     
  -9.1862880554604509E-002  -5.5981043663112240E-002   8.3706496069183067E-002
   10.939546859265977        13.761912047376562        2.5135776850971996     
   9.1537904854154764E-002  -9.1272912299681208E-002  -5.3958082458202647E-002
   7.1701018678860731        15.514556718246249        19.719762325578390     
  -9.6893051629825505E-002  0.10135146349124617      -0.13327541656473973     
   4.1606098672760714        5.0684109287662586        4.0725553445736210E-002
  -4.8372389122306729E-002  -2.7356473842433938E-002   3.5512616966026180E-002
   22.552799860345733        1.1845214326127649        10.631512851465629     
  -9.9370267007118970E-002   5.4209549135228602E-002  -8.3053497473488109E-004
   10.548369273934522        2.8120892079167645        12.064514660703720     
  -6.2786453848905591E-002  -1.3402276073898239E-002  -9.3493833055208017E-002
   9.5486033230200746       0.22483697622745602        16.673830775189725     
   2.3653562207912510E-002  -1.7405414460188100E-002  -2.6341058451575708E-002
   5.8412161734649359        18.731407492900424        16.790008955846211     
   4.1551715375871066E-002   2.4700836494504254E-002  -5.2253534617364920E-002
   13.227661195501865        1.3141213394370628        22.434285188779892     
   4.0431526658815164E-002  -3.0541349667672336E-002  -1.7713542399602933E-002
   6.3115279713689594        17.722994234055143        12.930379740589890     
   2.4221705436653473E-002  -4.8189999761000697E-002  -4.0784143513468908E-002
   3.3185702946142932        11.578033947203357        2.9828045166936858     
   6.9393033944264798E-002   4.1794446426839507E-002   4.0164387258808693E-002
   19.861314819817299        4.0013316966578643        10.005075829500919     
  -9.0344813316606223E-002   4.7247872782984396E-002   8.7719815272943539E-003
   7.1721169398852158        12.755534492042996        21.726038670297712     
  -3.0755767618228763E-002   6.3587355744046059E-002  -4.0197303274138096E-003
   17.304865185515293        1.9277689642585603        21.304485044791718     
   3.9917965617002414E-002  -4.7912271608909582E-002   3.6170447682563256E-003
   21.934085281181364        6.0476845361313760        18.959383401131102     
  -7.5815111974725499E-002   5.6264154025834345E-002   2.2400972819881061E-002
   12.716781379919828        25.446856663257840        1.4968990301175895     
   2.3351204936752291E-002  -6.2053180907075669E-003   4.9248862905927034E-003
   16.078304233005152        22.383607920799776       0.42087594574205023     
   3.7858260229487350E-002   1.8254705878689617E-002  -9.5979897278505144E-002
   20.052578882260395        14.938198305047040        7.1291624886290981     
   7.0482833072908577E-002   6.5240759095566661E-002   3.9527599631045504E-002
   19.972543874017219        3.3008704447807999        6.6052554611899641     
  -5.4768802302991089E-002  -5.1210555532631388E-002   6.1516176376580859E-003
   12.465671192929655        8.3935724943797734        17.242375482214651     
  -4.2513842547727311E-002   5.6294454979963819E-002   4.8451123173054181E-002
   5.3476409711853785        3.6355900291364320        12.050772285166083     
   2.3869517209159134E-002   4.3745809964222546E-002   8.2962529038328500E-002
   23.177853738540634        12.805894905708699        24.782515797370852     
  -6.7356640136794724E-002  -1.1629004438433026E-002  -7.6533585270011605E-003
   3.1555306762270692       0.43260503234147540        23.406242985247459     
  -7.3558768874639094E-002   3.9280743116870354E-002   1.4169350957128252E-002
   6.4305200149846184        12.204140863320308        26.118556262337080     
  -2.7198713364622023E-002  0.10269551803429884        2.2204592496469028E-002
   24.726733839338785        5.5049897846469413        13.378421977968424     
   3.2958791849731682E-002   5.4750095718969688E-002   1.5370872874458270E-002
   7.7710087114319526        5.2789111640141861        20.237564752010204     
   4.8089067351628934E-002   3.9242007312982208E-003  -4.8921720963319166E-003
   13.027125271954951        21.123593496220654       0.84300697188037177     
   4.1494517847707642E-002   8.6272267920424583E-002   4.5212061678360531E-003
   9.3437138146736505        6.8255176607640609        3.8907875503256935     
   5.4539028105305018E-002   8.1290372243781550E-002   8.8149315420632493E-002
   26.109312710019118        19.691695282886194        8.6839703670847932     
   6.8894157453248658E-002  -6.0049725217357956E-002  -9.0984430179487388E-002
   23.538291983620880        13.152238855742729        1.1287351516136221     
  -2.2066563012452197E-003  -7.9196663721848130E-003  -5.5932405563466646E-002
   18.505886716114421        20.667665155603590        12.338862726304001     
  -6.4420421832284205E-002  -4.9752824507825798E-006  -3.3619192196258564E-002
   25.520288429907595        26.620661775157828        11.543597663201233     
   2.6309725856504478E-002   5.5295071421564965E-002  -4.8342613202704228E-002
   26.531473419543321        13.939172117197712        23.169386867377206     
   5.2147218964918605E-002   6.6585707438247599E-002  -7.9622766586817550E-002
   18.273825767319497        6.6313689951055528        11.348707893107166     
  -3.6016378469944418E-002  -5.7195617074080621E-002  -1.6922339431398783E-002
   5.4225641902309851        7.9468226663434249        12.239620231381592     
   1.8870434296152674E-002  0.11354365098494687        1.6074044780909052E-002
   24.701340253112068        13.104983036171003        6.6075773478366369     
   8.5127435799821748E-003   2.2009341692044760E-002  -1.8246185050134513E-002
   15.313561257956943        12.301035740727793        20.889638218024754     
  -8.3116210149515384E-004  -2.7557827864234750E-002  -4.7718910252371370E-002
   2.3975636267943004        2.6150020203533160        12.891994370305445     
  -2.2210576578161764E-002   8.8661392452326085E-002   6.2803900861835085E-002
  0.97122116957670712        3.3516444488443415        20.636670858300572     
   7.2458256915775236E-003   4.0003468355071480E-002  -1.0906112099358534E-002
   22.147159732727655        20.995577184122467        21.270171956119515     
   3.0727180630300322E-002  -4.2346794077244183E-003  -2.5111518965807066E-002
   9.2782131504975141        8.3606266957907138        9.6211131793609255     
   2.6961891766808146E-002   2.1730765029797143E-002   2.6694894096602358E-002
   23.796837830978365        9.7506509079252357        2.7158545713503921     
  -2.4775136870418227E-002  -7.7796199598541227E-002   7.5080250492261649E-002
   13.600257873646839       0.44458660347033879        25.928341570278192     
  -1.3041523934466989E-002  -8.0863485057614069E-003   1.0319646954553337E-002
  0.31761060549460163        18.054959326593462        22.879263058129332     
   3.5388847328812069E-002  -2.6497994690946842E-002  0.10939221016723891     
   5.2446161678789895        11.536435827733387        11.583145026846891     
  -1.7186550087176455E-002   3.9545874686008481E-002   3.9464991262877155E-002
   10.998956032883566        5.2068124302306797        9.5039751514528046     
  -2.7373319529578652E-002  -6.3918899179179700E-002  -2.7619508125511501E-002
   13.645763661138496        12.441731188553582        4.8247676933326176     
  -1.5878158871251496E-003  -7.2115628630127337E-003   4.2703114228032038E-002
   21.262993751900041        18.992564950288685        7.4195424769172611     
  -5.5444071619127365E-002  -3.5950032515781653E-002  -1.6184851319965297E-002
   20.683342575197852        15.121480709583176        18.636119085682786     
   3.7238323423296839E-002  -3.8183457364277078E-002   3.5534318656122346E-002
   11.021362142351618        1.6007729233760912        1.3459730895083926     
  -9.3399476461068359E-002   5.0201082637662611E-002  -8.5890821203261827E-003
   4.2507210237066895        24.247320832485382        23.683137294430761     
   7.4211428396107212E-002 -0.10361934331510787        5.9594668304317880E-002
   12.471172518148723        20.013763545064798        20.080494623620879     
  -8.5062609687256305E-002  -2.7079074825383468E-003  -4.1108297794625534E-002
   11.491425219931235        25.898331255793376        10.810457900294347     
  -9.5429985279427532E-002   2.0382457088022023E-002   4.2368424106140196E-002
   10.166777138493698        23.267688990754728        12.979240576839580     
   9.1988525200248639E-003   8.6116812490541501E-003   6.9567156669592803E-002
   26.832329247201965        3.4597335075594051        15.551365613780465     
  0.10858471848055151       -8.2305064337941714E-002  -2.6584773061333168E-003
   26.124904885444941        7.8139665990272675        20.641227057890294     
   5.0835364737552007E-002   2.7876675164803084E-002   4.9042106775735325E-002
   5.6488344326501903        26.536544389278259        26.480598793201093     
  -8.9154511279020982E-003   7.0740354707390513E-002   2.9472508009747876E-003
   14.327463409121162        9.9201170746780818        13.973555822872914     
   6.1264968477138138E-002   2.9427243135389459E-002   6.2341280140939342E-002
   25.622398462577625        22.289500011043369        23.504997296890604     
  -3.5333501813289765E-002  -1.2504172058619411E-002  -8.7614369140343817E-002
   25.750749790725187        16.292029352058691        26.298950730628412     
  -4.9886304666942584E-002  -7.1346490561807224E-002  0.13449877117435841     
   2.8344482265813991        20.484681787632152       0.83055038771363054     
  -6.6418169219847598E-002   3.6436400846903402E-002  -2.9626084552305726E-002
   6.9922358397643203        24.347580556475251        10.920315275328614     
  -1.6328764887166610E-002  -5.8822921076649550E-003   4.2063477574963481E-002
   17.534667751162345        17.035935355860293        12.908959743737734     
 -0.14147677778875017       -7.6919389651025336E-002   4.5730223478220408E-002
   16.617536185750755        19.879123856900517        24.645694793508557     
  -5.0057286455971343E-002  -8.1007516054375454E-003  -3.6450564272931363E-002
   26.267150934953442        12.976938697498346        3.1234121648892530     
  -2.7769334949109745E-002  -4.1665949575940914E-002  -2.7000540084771901E-002
   9.5325302361196051        2.9379955381266876        4.2210060860762875     
  -2.7963059233150071E-002  -4.6105153838113380E-002   4.3143028669307110E-002
   3.8027861847328581        2.1226442396208953        16.368326614715986     
  -7.6010090372951866E-002  -2.2933606516790481E-004  -5.5295521265307575E-002
   22.733547386693708        3.7226785912609675        3.6990281335366362     
  -1.4435017253068469E-002  -1.9563323337480999E-002  -3.6520962342234224E-002
   23.999211629276100        18.881417165695410        23.908027095680296     
   4.8166502112239613E-002  -5.3140758716882404E-003   3.7215973283099392E-003
   5.0596307965877809        19.946995445496075        19.715033477864910     
  -4.4930993207344151E-002  -7.1335716021479437E-002  -9.4692064501684925E-004
   26.334430051734554        18.631820925245254        18.375756028314857     
  -2.8193336913213780E-003   3.0132560034233254E-002   3.1864590980049450E-002
   25.953528188371283        21.802053897458475        17.281417998460949     
  -7.1239696015479331E-002  -4.9466268999542186E-002  -2.1287812360575718E-002
   25.668661296251724        25.007786746599692        16.366049385427754     
   3.0749731182802557E-002  -7.8691172722520741E-002  -5.5016748479678960E-002
  0.44108124198461363        7.6968626279987049        12.116359920322166     
  -8.2675266828704547E-002  -1.4762704239965460E-002  -2.8527675946512731E-003
   5.7158248829224414        21.206666124757163        11.797721396862116     
 -0.14170170234494048       -2.6974698351260470E-003  -1.5432555004395460E-002
   13.803790705658063        25.873885043347386        7.8205134012043969     
   8.7713021598167476E-002  -9.3074915582115666E-003  -8.4320882696840133E-004
   22.758136724770093        19.297189227781967       0.57205994795823933     
   9.7222175349642156E-002   8.5629258525644087E-003  -2.6410735130470799E-002
   20.403863791584744        16.654773302537702        3.8068595094430537     
   1.0255188664393265E-002   4.8779909640112723E-002  -8.9229518709787875E-002
   19.493868656386219        18.489533201432952       0.67330686995482880     
 -0.11276157535431829       -1.8500043584821980E-002 -0.13811399901515345     
   15.434304279793947        10.413046323536522        17.205288585535545     
   5.8858805939472077E-002   5.3000600186602111E-002  -4.4326978186241123E-002
   24.537710533903805        8.2150130716812466        6.7775361399520841     
  -6.7866241303258079E-002  -6.5111797543591546E-002 -0.10027502268377213     
   18.376785850345804        11.094399280635464        11.431806423176353     
   5.7696280134755487E-002  -1.1209583897857209E-002  -3.8372889539624193E-002
   5.2466470904206881        21.216689390743010        25.281167673683303     
  0.10667332286247419       -2.4103104730288715E-002   8.8763855634901745E-002
   4.8661057037280369        18.012442621583521        9.7095413481826451     
  -1.4857401235521215E-002  -2.3676472427485114E-002   2.4101096182235597E-002
   5.1572142079547467E-002   19.369049608367114        5.5755301749629167     
  -9.3028246940414006E-002   1.3639894364561870E-002   7.5036687678768699E-002
   12.363503084376459        8.3317613214675692        7.7912517938541272     
   1.3669116376457638E-002  -2.8681883724169851E-002   4.3476595782501057E-002
   14.555249039986922        5.3164403357116319        8.9605311218882484     
   2.0475203531828360E-002   2.6515752625772094E-002  0.10413077190867438     
   20.376046303418754        21.986435255157453       0.72196009523468185     
  -1.9640665725421596E-002   8.4962789482098441E-002   6.4247868203287706E-002
   8.1311013889356829        16.069176414428849        3.9390359909761692     
  -4.1247832830759272E-002   2.8647484629539841E-002   4.9717682353824358E-002
   10.904490778377701        11.212330847878233        7.0638081899850347     
   1.8130091324708240E-002   2.7308325825409576E-003   1.9470348995581494E-003
   18.617449195748993        14.217017053151400        10.761034225087176     
  0.13987187545039620       -2.5899795623892698E-002   2.6244537187564098E-002
   17.580754789567212        5.1791193751319389        7.5778737858017333     
   2.7733604279000904E-002  -3.2183741349186626E-002  -4.3598636759369473E-003
   6.3899661355478008        5.2862926361967588        15.936577885569292     
   4.0831026364702129E-002   2.6826175273047176E-002   3.3229822836811550E-002
   14.986572568536424        22.237104146864343        20.052387498247228     
  -1.7952384021552709E-002  -2.0867884730365837E-002   1.7301807684352789E-002
   2.5385844576508036        9.4436466998649955        19.467049800391173     
   1.5731098761272919E-002  -8.6979957909046109E-003   6.4135098595554052E-002
   9.2482612754819389        20.113526238504729        18.190232117446680     
 -0.13909110064837715        6.3768821423387020E-004  -7.5424064011765709E-003
   12.266229918677134        9.9943985933396551        10.565115282488291     
  -7.3009151523798568E-002  -7.7241756279265994E-002   1.2682506326959131E-002
   16.524713979939811        10.454476909354367        26.368976606489749     
   3.2908986718987038E-002   4.6351500649454258E-002 -0.11311975265514597     
   10.107930686743313        8.8127974801235123       0.80276918516203433     
  -2.0067209938786901E-002   4.1174419606831901E-002   5.2330379879940173E-002
   18.020498546377343        22.392679157684796        3.1087389446084255     
   1.9976003078481099E-002   6.6747490409686680E-002  -1.1068090034731698E-002
   6.7180484689715954        10.045191111613244        2.0286000971792784     
  -2.1310341223277414E-002  0.10232729023426927       0.10168095692792525     
   13.197687435795595        19.757285698061164        4.5450170172959101     
  -2.3363879702245616E-002  -2.3090893504454545E-002   2.9599184265166223E-002
  0.75842701745706997        19.519219064826490        14.407434496757825     
  -9.8887314695792101E-003   4.5410322820963175E-002  0.10465419622759738     
   21.313129407024903        7.0516544753640762        2.0402250069201151     
  -5.4216846649792544E-003  -7.4189660090406201E-002  -1.3562286631963934E-002
   7.5370149925583387        11.845904759113083        8.1866632296864772     
 -0.12635579749670386       0.10561182108996760        2.3560308323848353E-002
   3.2623205672262805        7.1770714014367210        2.5379351461567068     
  -2.7151715571893054E-002   5.9608674637582446E-002   9.5333077464893785E-003
   5.9494828581154913        25.156390013112155        3.6158319298167525     
   5.1219714822786311E-002  -2.5907261673117538E-002  -8.3018338141263373E-003
   21.865085877635828        9.8963061039215976        23.243026932506066     
   6.1393836599608578E-002  -6.7083805540341698E-002  -5.8928080730307440E-002
   25.057581654458513        6.8079621640014478        1.2145258316098480     
   6.8316467524072499E-002   5.0368625719937221E-002   1.2915046475044977E-003
   21.765763753710893        3.8283369675692343       0.58057086659811419     
  -1.7546952308062681E-002 -0.10058638568414698        7.5765990293570298E-002
   26.655008874535607        1.9930773759617995        24.005330002516796     
   4.6368700857765788E-002   2.2594960982930009E-002   7.0453205983919218E-003
   15.020029562425279        7.0661859223396180        15.932369519662087     
  -2.1471633609291630E-003  -1.1276221324223951E-002  -1.2775592504517413E-002
   22.690474884583669        25.937901852095894        17.613868242315878     
   8.2039446583681452E-002  -1.4222337726697174E-002  -4.1103032660499292E-002
  0.30317099863523239        12.098546914315822        19.889932559394516     
  -2.0914574212463287E-003 -0.12479354626019708        1.4412351265437393E-002
   10.912433655342721        17.945536296908632        25.624607533651290     
  -5.8161773885160523E-003   6.1267650825920859E-002  -2.1736923834034853E-002
   25.513607311836292        19.621009583159530        11.991048327302334     
  -5.2825778881246406E-002  -9.1749962635632055E-003  -5.5921729408393239E-002
   23.660129857360147        22.496644924814856        26.473939738539382     
  -8.8406494848926633E-003   5.2878010908799740E-002   2.4239149602405405E-002
   26.995276370537301     
