   5.3754635703421956        7.7670880666501532        17.079037366286478     
  -2.9344071138618258E-003   8.3340150738934624E-002   9.8240029452428768E-002
   5.8446589808511273        27.386832228167901        7.1026798944747611     
  -2.9323316440643513E-002  -7.5778158141125582E-002   2.5810229652240415E-002
   13.177418636897450        10.796142458295583        18.837598704344828     
   4.7383413563724767E-002  -1.1662699361347133E-002 -0.13832427362482375     
   4.7898502162836110        8.7474727192962476        11.837716520886360     
  -1.5324411153501822E-002   1.1292545019060852E-003  -3.3794512776263996E-002
   7.4598311344443680        1.8848267254349331        14.009614709028437     
   7.3540905212609115E-002   2.4215267288697603E-002   3.8086521197477109E-002
   20.625820803337852        2.2148942209797289        18.136026909229557     
  -9.1208452897995437E-002   7.3959434229884324E-002 -0.10965592996410010     
   1.7268444326774397        12.011044957663097        5.8054105159511868     
  -4.6146939895123418E-002   2.8383821999894514E-002   2.1255172746933351E-002
   18.066396149017265        15.224584530570137        23.054242303417205     
   2.9906134069844032E-003  -8.1950385780137344E-002  -1.9011569912460342E-002
   2.5289952791906907        25.645662365448274        18.920569433668081     
  -2.2423413405995723E-002  -4.9915445115417900E-002  -1.0927524612699272E-002
   21.917981911023723        25.715257376465569        25.508784391005960     
  -3.0899542802963090E-003  -2.7772757423110590E-002  -4.2788943992544959E-003
   25.001395274050580        20.918058937189244        5.4875540095696120     
  -4.6620716403621885E-002   1.5355380822875409E-002  -1.6338834367944061E-002
   26.315750782689015        6.3628233376701013        3.7663665360304317     
  -6.3350273283775058E-002   6.5597354736824404E-002  0.14307901380916149     
   14.461028741688759        22.596090273420639        3.6455359630051691     
  -9.3837393553617088E-002   7.3099346296329262E-002   6.0632597421443085E-002
   20.648897535995186        20.819311216197327        7.6118365673175470     
   2.0902716333157472E-002  -2.2513189119341005E-002   7.9759391609751082E-002
   2.3126979329169948        27.313492395139942        3.8719832928001101     
  -5.1776572587287330E-002  -8.3393072858806826E-003   6.5372760130133184E-002
   24.794564032316039        11.232280997399425        18.446805554092368     
   6.7376076950036862E-002   7.4887992737498757E-002  -3.8277276818097852E-002
   4.2471508122891866        7.4401728984466056        2.4520361705252292     
  -4.3604614054653310E-002  -1.7169131630579437E-002  -6.2392198308048673E-002
   6.2844580320486338        1.0244289774974242        17.272546052066620     
  -3.7407904549013388E-004  -5.1403694089914791E-002  0.10292618792074289     
  0.86268117468736683        24.083347744127636        7.2373075130568889     
   6.2971618379036823E-002  -3.7600805195495357E-002   4.9612687095441789E-002
   1.7669880710555068        15.465956383366281        13.070567916878991     
  -1.7267990144013230E-003  -7.7245750993027537E-002   2.1840921126218459E-002
  0.77529520045368283        17.013482212904577        2.2297020239385512     
  -4.7397565470364209E-002   2.6837017799072545E-002  -1.0017443307324511E-003
   9.0073086426478977        16.324968347506733        15.197872942152744     
   4.9813509339746327E-002   7.1516296539437793E-002  -5.0238991994200635E-002
   24.760173613067714        18.235869307468704        12.847367682048624     
  -2.4229367215252293E-002  0.10402721129014980       -8.0948312458244600E-003
  0.78978858026232657        1.7029721434913443        11.199643332757029     
  -9.1964466300236344E-003   4.0382973025690029E-002   3.0062248284550425E-003
   23.350810299811492        23.200763607004671        7.8828076489267449     
  -1.9537043002018327E-002  -3.6756250943099579E-003   7.5175670775588926E-003
   1.3873856891059961        21.952347522730847        14.979398901299101     
   2.8040169939381868E-002  -2.8009975889960900E-002  -3.1242655798272401E-002
   17.426623727135194        9.0785479915720693        15.007820233291554     
  -7.8674366727104102E-003  -2.4848728456435366E-002  -2.2998670148570256E-002
   27.653141306422278        8.1418087205192133        13.488400072622879     
  -3.8598713989389396E-003   6.9021405797666274E-002  0.10584933504036985     
  0.57989296765244880        14.453966146645849        25.997017615037802     
   7.5630769545213333E-002  -6.4205598549998480E-003  -5.1577076312385235E-002
   10.907722714888044        24.721306023719617        2.3972529812776360     
   4.2304063281557960E-002  -7.3847263805941116E-002  -9.0998288834093846E-003
   19.803057342334895        13.142983219751212        11.564212505819706     
  -5.1951854354359887E-002  -3.2668318203847573E-002   1.7499684252686571E-002
   14.293066645742089        11.248157996072328        3.4425346660839398     
   1.4812365768279698E-002   1.6086301700767098E-002  -2.2803270006338642E-002
   13.421691832318125        15.152337780158430        14.582201782299791     
  -3.0514031916877198E-003   1.9206445069889295E-002  -5.1041758644314074E-002
   18.913692378962043       0.49326029832473850        6.8226826810166310     
  -3.9546489753262484E-003   5.0712229864991611E-002   4.4535071312891465E-002
   27.453614501791662        11.490799438322806        21.395090240059410     
   7.1666965347726125E-002  -9.6802648841914807E-002   7.2819196078161674E-002
   6.7706157176991209        10.896256834577171        9.3584473046219685     
   4.0751566530503732E-003   3.5411544963589753E-002  -4.0562958944194503E-002
   3.2286993771096002        20.643887485752998        6.5016169817731839     
  0.10396052847354520       -3.3928197029148115E-002   8.3142315318918789E-002
   12.424711060614202        21.811316423323198        25.100538941185000     
 -0.13551648389344209        5.3443067750656569E-002  -1.0143246625554631E-002
   23.824422616895369        25.463283122657689        22.411150796588451     
   7.2226756279438031E-002   4.0347995946291973E-002  -9.0452533740366631E-002
   23.093057983662735        18.093786722859452        27.279608350583032     
  0.11716871887169830       -2.0179930624853990E-002   7.6617931039597700E-002
   16.934039962729681        16.871201294850145        14.733854610235811     
   3.8385640337257172E-002  -3.3558526216927252E-002  -3.3981870502437533E-002
   12.701614859248002        27.538794571838530        27.561225531284173     
   4.1587332769975761E-002  -4.4638971047100205E-002  -1.7946127485112279E-002
   26.883012755847531        15.671252994810413        7.7696984924622035     
  -5.9838859614640492E-002   5.4229996092369309E-002  -3.2279549760157455E-002
   22.809436793676706        7.6461923327961356        1.7239853206331068     
  -3.7072420579882409E-003   1.8479938113053467E-002  -1.6676498347726547E-002
   25.763305574375931        6.9833418004432550        27.788908618012606     
  0.10238618395613906       -3.9867078439433143E-002  -5.1679886255701239E-002
  0.39487272498376125        5.6167784558725087        23.477986827065273     
   1.8012765469376014E-002   4.8125276120697898E-002   5.3956114427847632E-002
   8.0275614563653015        14.288924792677955        25.713398209491210     
   5.0431693386972370E-002   8.0443156406672461E-002  -4.4121756183875989E-003
   12.100189421025703        16.531532180507245        10.863573224588922     
  -1.5149208132443697E-002   5.2469658896725821E-002  -9.5564927143775208E-002
   4.5234469360852252        23.439908795126680        20.949155986555912     
   5.9213800173226770E-002 -0.10965847076670368        1.3850282249693351E-002
   6.2048802474456926        21.462901543096791        4.3376571639629899     
   7.1238197348624507E-002   6.4801060285985630E-003   1.9919465086976257E-002
   23.067739656301345        10.717466745304309        3.2752720520724439     
   1.4067968431114342E-002  -4.4703241413592026E-002  -3.4625035532165525E-003
   4.2890402593579733        24.221790003594315        6.5640481874332668     
  -1.1226877945851548E-002   1.1681422571154244E-002  -2.8317126754163025E-002
   8.2866649928003611        12.633212942618043        13.323938294449150     
  -9.4879143578262565E-003  -9.3663939589124483E-003  -2.9980297822869387E-002
   12.697467836926057        7.2758651193355313        7.2741524194586997     
  -3.4867550803955281E-002   1.5956217591921111E-002   4.0534460318435522E-002
   1.2961126813278989       0.75510323440267979        14.914639067113123     
  -4.9554397989263171E-002   9.7939283654978657E-002   2.6108589172704120E-002
   16.025486782068828        2.3334489347241019        25.421938014287875     
  -6.0308665730360329E-003  -3.7831046506590894E-002   1.8496582531371106E-003
   8.3117495396052981        19.223214465298209        2.7227306847084374     
   5.9905019311058731E-002  -1.6793972944205763E-002   7.8213407827117151E-002
   23.406826430293762        12.119978519533033        11.919570288944682     
   6.3132263842271621E-002  -1.4556192132594063E-002   1.0562483249754871E-002
   2.8155006454252951        17.653594443180904        8.0779260364295808     
   3.7749201389099700E-002  -1.2912043422291240E-003   1.0476677043077922E-002
   7.7108996736068685        15.785797195408575        11.831811649371833     
   9.6808461851189090E-002   2.7308502484109015E-002  -4.2300531275803396E-003
   21.758514591109265        11.368391555834400        27.733362544891754     
  -2.8345880335020491E-003  -5.4755306344991282E-002 -0.10055494252861459     
  0.66670893300572176        5.9948233373131830        7.3920038451520504     
   6.9421607100352391E-003   2.3619427240372033E-002   4.5910574804504320E-002
   4.1232782308427947        10.983518589740710        3.5306697846426838     
   2.5220844426353313E-002   6.9394872168338090E-002  -8.2475458487767730E-002
   17.543132027221517        12.295697453538368        13.902994221833378     
   7.7818674960897696E-003  -6.5135210828839191E-002   4.4449297784917415E-002
   4.1576200621080712        15.432756459266090        27.065545958555404     
  -4.3827404690162733E-003  -1.3088075401244926E-002   1.0577458737204224E-002
   9.2749067065239128        6.2833646765988647        9.9125018620976295     
   4.4317996889167550E-002   3.3995731639388967E-002  -5.2228130210704792E-002
   20.672815760283882        12.301589686775412        21.042794187929513     
   3.8120237399507734E-002  -1.5299805019905627E-002   4.1388829436676149E-002
   22.086252254846780        15.775638556044228        22.964144813578962     
   5.1775238052914084E-002   3.8602116847308021E-002  -2.1228899482949386E-004
   16.857985633982278        3.9548604929125308       0.52028259673970145     
  -1.0077586260784494E-002   3.8555804462623612E-002  -3.4930218723301029E-002
   10.427013980079641        27.874311129215165        7.8094098654774982     
  -1.5290545248659410E-002  -1.0955592856385313E-002   8.6172035892178062E-002
   19.862530348317769        19.096150133716659        20.992250386519245     
  -4.0734109953722779E-002   7.1518328278548815E-002  -2.5319927052180894E-002
   25.641863487547042        25.565108017126803        25.881489143661721     
  -5.6740144344963925E-002  -1.0604971977734414E-002   6.2466678513497381E-002
   14.485940388281364        6.3415412205481694        10.410562478939170     
  -3.0608664374290492E-002  -2.4854710120077807E-002   6.8008652803537961E-002
   23.866333939914558        20.721631812007033        15.049220555570267     
   3.0782510060674749E-002  0.12877611679862913        5.5052272615781384E-002
   19.635770057460633        8.9642703888479307        6.4469716148692884     
  -7.7824226764499072E-002   5.9889967190599339E-003  -4.2145519370112058E-002
   12.019935117632675        10.266593736255247        24.908659392306301     
  -1.9079502691310188E-002   4.8938328806359968E-002  -6.3304945553700448E-002
   12.309584125398827        16.565478066853533        17.935724614489470     
   2.1381917544096345E-002  -5.8484158201517492E-002  -1.5990191696544451E-002
   16.650223971983785        21.664166747190631        12.986559716809143     
   6.1979932661084508E-002  -6.9633340374518557E-003   3.1179568210902158E-002
   22.574240233666448        19.198753546076897        18.307075937484822     
  -6.6310621970031250E-002  -2.9966107508857490E-002  -2.0019503438203193E-002
   12.622839750434482        17.856313324100633        2.5791288410529765     
   1.0181456389746621E-002  -2.5509080989990916E-003  -2.8246628965687373E-002
   26.197705877372265        27.566629273223228        9.4645902094512842     
   1.0445862882235471E-002  -5.4905409800575379E-002   6.9228214532127495E-003
   9.9927905893264679        21.344178078359576        14.898701818717116     
   8.7314908135126698E-002  -2.0011876368610668E-002   4.4147383080573907E-002
   27.607328609122330        24.119972604440722        19.641726578077119     
  -8.6382922448685236E-003  -3.7394782595338828E-002   3.1521802310141483E-002
   18.145924912899446        3.4685273474822087        8.6767390222882703     
  -8.4899817792439512E-003  -7.2474092056884182E-002  -1.0829117647775917E-002
  0.63694612405149154        8.4363903399561213        1.2912299634220787     
   7.6049034440612354E-002   5.0297002329969732E-002  -7.8378745156745880E-002
   7.4828695113280439        5.3323100043080949        23.608233372096084     
  -6.8854352786571316E-002 -0.11918137086449138        6.1435998472586850E-002
   26.860316169897299        5.0341537117734001        20.318710471910009     
  -1.6861909449591306E-002  -5.2595536538586219E-003  -1.4864563849529180E-002
   10.647881967035612        15.728406803606015        23.963908901387981     
   2.8817455970252476E-003  -1.1383309697855464E-002   3.1059046448461403E-002
   26.922511840433462        26.039330554687155        5.3089313916921972     
   3.3844597353202381E-002   6.0046216408237311E-002  -7.6307957432916448E-002
   25.398627732700419        16.349394571027968        4.8302128439693641     
   9.5437426297712125E-002  -1.4202566206779777E-002  -2.0108869914833565E-002
   11.515018661380561        9.3534720318658717        15.080743633543761     
  -7.7781462724942144E-003   8.5301830672364787E-003 -0.10741513838591531     
   19.134862483896633        18.788494660306259        3.3650015293873357     
  0.10527020841113828        8.3025019785234647E-002 -0.13197948962010764     
  0.22350432663203657        18.774500963867350        5.5829339098125681     
  -4.3614948366853680E-002  0.10930040356589564       -5.6797875500621785E-002
   14.522660407472982        7.5652082172848409        14.287290476258294     
  -2.2275553704836790E-002   2.5918996410376167E-002  -1.7154922003525742E-002
   14.408640474948646        4.9635160496031832        26.060202961382434     
   1.9992709621049334E-002   2.8739345239850184E-002   2.0454944589620282E-002
   14.474926410306503        11.651062012388595        15.617861599244842     
  -2.8567565520317112E-002  -4.3506112163885627E-002  -1.1875561465273644E-002
   17.213642060143354        1.9981800066255440        21.988236314374717     
  -6.6566456228191800E-003  -5.0317014785781732E-003   2.1263508235676118E-002
   25.170967623443918        7.7693159986950660        7.8890605109164689     
  -4.4730564658213852E-002  -3.8852569883782329E-002  -1.8077648487975741E-002
   15.655618774085239        17.908000113208704        9.6606907772354926     
  -7.5180129771339602E-002   4.9234212142924547E-002   4.3625099310294043E-003
   2.0486770907774621        11.397753565618784        24.477080093812301     
 -0.11389535020080810       -7.7804561607870250E-003  -4.5120362378357301E-002
   25.228798763578251        18.020587136122714        20.497309790317900     
   3.9196382909101983E-002  -2.4357352717545414E-002  -9.0198891991451327E-002
   17.176320760077324       0.34985902318240086        1.2510960376772073     
  -4.4962003306280279E-002  -1.9673661378931300E-003  -6.9633329639453775E-002
   3.9403326628127799        19.631283111052170        13.755495736730767     
   6.6109428898595390E-002  -2.2859473456669232E-002  -2.5628599530438681E-002
   3.3957739691251652        5.6114206051451383        19.893786375356491     
   1.3114140818832611E-002  -8.6224111364294989E-002  -6.0616321231667616E-002
   1.7594754777873629        12.528691837017231       0.52008367764465080     
  -9.2554792866590633E-003  -9.0567571418443377E-002  -2.7104071407664177E-002
   15.547714406239100        2.9754303717690989        11.317225357886358     
  -3.7820435608076991E-002  -2.9333415131003990E-002  -1.5736257418554212E-002
   25.759890576959570        16.130750575286676        1.2840513389924948     
  -2.7209327548436444E-002   3.5361383335131356E-002   3.2995307186277794E-003
   26.401791503166933        12.878703814196514        5.9692159872717410     
   3.1003018482811378E-002  -8.5223583147418333E-002  -5.0088254197358247E-002
   7.0785578816795249        5.4293670751474554        3.0166156108648710     
  -3.5391001805194229E-002   2.0007900655556399E-002  -2.2397155848602635E-002
   6.5980805149070294        11.811153744693559        20.882992468669851     
   1.6870053821297328E-002   2.7718188662243973E-002  -2.4881983094239963E-002
   12.864922645117636        14.913664200477724        5.9162410326777524     
   1.4938619289934982E-002  -5.8597059695479362E-002   1.2062553007696347E-002
   21.685643675493587        12.921776721212108        24.789616538248779     
  -1.9637434091648347E-002  -6.5047585036281108E-002  -7.6369790937171125E-002
   3.3482726034718704        2.4918322808064648        7.3126089062542485     
   8.6664351906285977E-002  -7.4449323142508517E-002  -2.4002804018449689E-002
   3.9191188457281485        18.629471222296662        3.9241091867129567     
  -3.3314163856694194E-003  -2.0813873230105223E-002   1.7357713406912830E-002
   16.492989172305695        10.422639927434524        7.6062756761714914     
  -3.8970517622334923E-002  0.10751167263703321        4.0272204693301707E-002
   9.3033410193761785        18.819337694914942        17.469135294844975     
   9.4594393368067298E-002   4.3721146871221958E-002  -5.7500162093311623E-002
   24.726472292007639        8.3603815143840592        11.448644391342652     
  -8.1774382649363153E-002  -3.9444279043658402E-002  -1.7560377796771290E-002
   2.4590345469664774        1.4340774113553802       0.71562625807541524     
  -5.7587866688968488E-002   9.1029193838187111E-002  -7.7420437939639736E-002
   2.4861879949751926        8.7992967480513649        15.126917402457972     
   1.1910966265199762E-002   2.2760425599639505E-004   5.6870904214008637E-002
   4.8838151752254895        1.8901890226280194        3.3022509232907828     
  -5.8816359898696075E-002   9.8934453952077318E-003  -8.7606177668946073E-002
   23.073590023723057        4.6473968627969429        21.319678254673477     
   3.2854618885678095E-002  -8.2472019123337167E-002   2.9035429021564734E-002
   10.597065759229970        3.3094002938553793        7.8900731029026678     
   5.1307251995181075E-002  0.11828082836012822        1.7505368367189376E-003
   23.494133691584178        10.852228273538985        8.1220299440371893     
   6.3666567930757048E-002   5.6652505614381350E-002  -3.1864888308701558E-002
   7.5186685971223142        17.606555275451349        22.889120701311093     
  -3.7686712593393464E-002   1.2882033294372795E-002   3.7451227819952478E-002
   14.204950584063694        11.010583737676864       0.30578876927277071     
  0.13864018019445168        2.5267290666725634E-002  -9.1127028385901490E-002
   17.695117970436755        6.6815371238911716        12.552211253973521     
  -1.7733315944581787E-002  -4.6249812045931711E-002 -0.13975495886662662     
   20.629734695421039        12.274358210820870        17.553176800720895     
   7.9892115657680743E-003 -0.14050695885360834        2.4268449325297876E-002
  0.69660392860501152        16.802132832177850        21.333671863752627     
   1.0329443166192370E-002   1.7409467770285920E-002  -3.2800251554590105E-002
   12.417711235579537        20.099711673762382        18.017309196065938     
   2.9129816874273927E-002   3.9031134548387345E-003   6.1903919498326979E-002
   19.602188964965805        15.852171468264501        20.190632667766469     
  -4.4094849977663858E-002   4.9872972392337733E-002  -6.6475188803718693E-002
   10.676813538126964        26.626776465192211        23.666161140997175     
   7.6324004254412206E-003   4.5448834757589381E-002  -8.3111249901843993E-003
   9.8439590436103366        9.2376925383983153        4.8546320882716287     
   7.8759210678163438E-003  -8.4359662686332909E-002  -1.1996794760238846E-002
   17.447095373491365        19.327063828192912        7.1166402256575259     
   3.2804931918877012E-002  -3.0999861448718379E-002  0.11929600055811876     
   17.415097280184224        24.721150675067193        8.6487470355330274     
   2.1760108983023243E-002   1.1690280660472717E-002   5.8791444153862898E-003
   15.487478941851192        22.500736268166460        7.2623474380314281     
   2.7845524044039019E-002   1.1158884971271814E-002   3.6529215535860112E-003
   5.1910546292942490        20.841042478653556       0.99082431905460067     
   1.7055747680301887E-002   4.5124275064793773E-002   7.4820996395568579E-002
   12.284851734085168        4.2987184409046941        20.073981988324519     
   5.4038972879264985E-002   7.7071767819349463E-002  -4.7581989085457743E-002
   21.275647597859034        6.2760269175612011        9.1154115209909694     
   6.8407243625774397E-003  -1.1449389355588580E-002   1.0269586124042523E-002
   25.429527881102167        10.345961179801096        7.3152660619634075E-003
   2.8285512592774450E-002   3.8656477360741917E-002   4.0923009223669440E-002
   2.8408888792493867        5.9588240893239668        13.568304355361940     
   5.9067390878617676E-002  -8.1051768517373862E-002   8.1436001133313216E-002
   26.257574198489724        13.255565939977304        10.370673172441718     
   2.7604831528692909E-002  -6.5546818633633042E-002  -3.9101684702652136E-002
   9.1857459594167370        12.335796347258368        23.277085365055122     
  -2.0578901290497043E-002   3.9997056063081262E-003  -6.5086288505155063E-002
   10.608828923746962       0.18695706391390587        15.112918211451088     
  -5.1309447933324676E-003   3.2252190459392448E-002  -2.0566780047133876E-002
   3.0297265924425902        2.7085312132718391        17.836378288801900     
  0.13350387723383200       -7.3148305452767556E-002  0.14071853528023190     
   1.8826314513417921        7.8607713517112998        4.8756621904568762     
  -1.5488288927492736E-002   6.4366668370625060E-002  0.10562473782331472     
   13.218429521759738        20.455487500888882        27.967132316736173     
  -9.4484772653291513E-003  -1.6850782708151515E-002   1.0127788458347602E-002
   22.609227334381448        17.594286896938211        6.4070046993963663     
  -2.5330924520320382E-002  -3.5116510504629168E-002  -4.1676717545335265E-002
   8.0974526994234548        15.835091851473647        19.514782421250644     
  -8.3735040037659303E-002   6.8048555822220316E-002  -3.7261975447217051E-002
   15.587099048934723        19.706747202873398        16.125346352487483     
   5.9561669477293508E-002   4.6181957011004549E-003   1.4872563220455957E-003
   26.856985711067999        23.299623677256452        23.348560119941311     
  -5.6408485829888763E-002  -5.0748661108861393E-002   2.5568768802673603E-002
   1.1180170076796487        17.998861534231178        26.942308774433446     
   4.5095952801464396E-002   9.0561208498591728E-002   4.2276072661112229E-003
   12.738069835835104        23.587764851667036        17.381076104717433     
  0.13171772976216303        1.4095742430109769E-002   8.1250286458959514E-002
   20.433894951230208        22.782377457930615        18.682204775985905     
   3.8978829845846830E-002   6.5901650327426925E-002   1.5446422487085866E-002
   6.1652063142146334        4.6140425943068371        12.199123179515857     
   7.3310678775189334E-002   5.5835289443021130E-002  -6.2606433532705244E-002
   17.884336123967429        11.906759236074082        1.0482761231207671     
   4.4488900256328678E-002  -1.5776747589091290E-002   2.5129373764515704E-002
   22.448778213411476        17.886368032748006        3.2096752425070565     
  -8.7055992132615126E-002  -3.3532847083167380E-004  -4.1176854695971016E-002
   13.288951016756178        4.0616740114601750        5.9549981362416533     
  -1.8376692181976673E-002  -1.8105117352986429E-002  -3.9173469615023668E-003
   26.211306747076481        23.530945608169674        15.990541179988286     
   1.6545805698618594E-002   2.2689631051917861E-002   4.0675217995676263E-002
   10.099622813085457        21.160230450984020        7.4106623489679855     
   2.2078065598748642E-002   4.4819729595514904E-002   2.9585771321904559E-002
   9.5244777557196034        2.6751968604665284        11.262816886999342     
   4.0059830636020050E-003  -9.3486566998254264E-002  -5.1867274693939642E-003
   3.2800732428798769        11.431565383002537        21.156777142838674     
  -2.7676901379574282E-002   3.4859365355059693E-002  -6.2370352909759307E-002
   1.7335151839066256        20.141592445906909        1.4893857825433314     
  -2.3264266600037269E-002  -8.8392684456220713E-002  -6.2636174551206026E-003
   19.643314370349884        9.0906455698155160        19.259701361361813     
   6.5297672922156352E-002   3.4263829946626981E-002   1.3967625616390174E-002
   4.1461248046473500        15.278324580533519        19.951849897735467     
   9.7353376676595091E-002  -6.5940910089457488E-002   8.3756363644354029E-002
   3.7862828730118840        25.044177333430738        9.6943140293556347     
   2.4669559395151565E-002  -1.4511221300850250E-002  -2.1968337499216968E-003
   25.800635923772735        19.840020694749825        17.631419880149256     
   6.4902552251465781E-002  -5.4105962837368354E-003  -1.4693581134222748E-002
   9.0188058083848457        25.914919172894187        16.759462996133163     
   9.9139666285295771E-003  -8.5293860318500572E-003   4.0915576912348720E-002
   4.4674236522323714        16.362274478088775        11.552809764119893     
  -8.2819168450057823E-002   2.5755360824390012E-003   4.2779731803295196E-002
   17.033557548185279        4.0773336524066197        18.575481653573494     
   2.2677215803941310E-002  -1.2835166102567012E-002  -7.5682700866145369E-002
   6.6400670129697756        14.116228276704613       0.61079231201403394     
  -1.1428578320521066E-002  -7.6129125459106370E-002   1.4642232581193626E-002
   10.571552233615078        13.519744447579816        27.642820625296579     
   5.5705223602890902E-002  -1.6809333277844733E-002   1.3719607973795863E-002
   8.8198033678103265        6.0088361802585863        6.5969734921748655     
  -5.7318856025929683E-002  -2.6036857515122018E-002  -7.1985007660152797E-002
   26.179555909344685        15.264259257986973        13.074290256292670     
   1.1587306401935500E-003  -2.6024124841556241E-002  -2.8924602152682031E-002
   19.079989330846463        12.744671427640816        7.4115269621610027     
  -4.1884852314150178E-003  -4.3903294492046746E-002   3.6973098957028598E-002
   16.064849606525343        17.260538232509653        4.5290649972690469     
  -3.5390057755148030E-002  -5.2239703738505554E-002   6.4646600459393230E-002
   11.258738971589004        21.333901103796009        3.2802068809258818     
  -3.5775900063560837E-002   2.7093956272832273E-002   4.8382185825484834E-003
   5.0466594047172855        19.052308440455320        17.480159813164626     
  -8.3213593319038159E-002   4.3186978819889033E-002  -1.9200135926099073E-002
   4.8583343620756576        11.847974456530499        26.210126621000324     
  -8.5324348631123370E-002  -2.2617715484564175E-003   1.9641489387537330E-002
   9.5704187469039113        16.036063920709907        8.7676491138587167     
   1.6818549447023563E-002   5.3136743820520735E-002  -3.3507805189823874E-002
   10.491751414478099        4.8251507780297214        3.7481743428220198     
  -4.5709468145583035E-002  -6.9041218983309796E-002  -3.2666069531582305E-002
   7.5311857856363851        18.729159937693534        13.312196335242501     
   2.5790564557974655E-002   1.5918177828543371E-002  -6.5568570843422713E-002
   17.125463591118660       0.73547523889528088        19.164978026811138     
   6.9257071032737885E-002  -7.4222587588949770E-002   3.3982275774774758E-002
   13.952176859986510        19.371295152342729        21.019421660308133     
   5.3667420273444212E-002   4.1075147373932773E-002   1.4126071810625791E-002
   23.966499149517961        24.877987046013374        11.005147535251870     
   5.6334448171670812E-002  -5.6989601629416950E-002   6.4212880267586925E-002
   5.6831272486032303        15.067710991644601        8.6976324960431004     
  -1.5741799260724791E-003  -5.6864780442437479E-002  0.12162605703332273     
   16.448162520956487        20.141754203230608        2.2763808359321103     
  -8.4145757690190684E-002   1.9770212990855469E-003  -9.8961840375627261E-002
   23.391625067294282        8.5255120279451617        25.790187636533531     
   1.8011696717264637E-002   6.5036382963668017E-003   2.0687222117825470E-002
   25.083788755686665        8.1109823529225409        22.745384067995687     
  -1.7772436046067312E-002   4.7360863277884017E-002  -2.5170191724918779E-002
   3.9762720494042796        23.538799055996357        14.105785082448277     
  -3.0346316854467918E-002  -8.0762233078352300E-002   4.8195888860650127E-002
   26.009526599728940        3.9052116512898944        5.8622229484828496     
   9.5995351560361972E-003   6.5773312122364841E-002  -8.5953385990085993E-002
  0.72264248479493398        20.360032392167572        22.618384391762952     
   9.6282735775465977E-002  -1.4474789328392527E-002   1.0235660053692166E-003
   3.3298294474438994        17.986148832300469        24.034808966549932     
 -0.12570659722906907       0.11954673897797649       -4.9950430610376809E-002
   1.7059296660264727        8.4486798683210136        22.406580219125736     
  -5.3504115007141518E-003   2.6950021303045659E-002  -4.2122573374368645E-003
   22.304435078811885        14.047129220651550        6.8353553997125633     
 -0.12514778425938050       -5.4560566073754736E-002  -3.8928108684219680E-003
   11.093520095502559        19.954519554378884        11.865029709012076     
   7.0581270342021149E-002  -3.1324014164000227E-002   9.6321419966092281E-002
   24.941974586619700        5.7288399796469536        14.201988396426319     
   1.3557400882469803E-002   4.9011465858056810E-002   5.3526666556601495E-002
   6.8474712669869700        2.5465339577476280        27.718244897242631     
  -6.2178429884431313E-002   6.7387447715001741E-002  -7.4423429314004419E-002
   27.429021594192069        3.4028334296945362        16.100876749707272     
   8.2833051935309779E-002  -2.2115350433976937E-002   4.3325889970014554E-002
   3.9586025631676680        23.653007827528381        3.2095873142917792     
  -8.2874286324007597E-003   7.0906635932988876E-002  -7.3053037708196615E-003
  0.87973293004591724        26.624576845148212        25.244405073516575     
  -1.3172322145700719E-002  -1.7419731254007093E-003  -3.4774012352226241E-002
   4.9875375284833536        27.809160546268153        20.209561296289220     
  0.15577680551628814       -8.6049157497676304E-002  -3.7418762477533341E-002
   6.7854887149322263        19.136727980745142        6.8724804675827773     
   1.2222180359714126E-002  0.16792559472561353       -3.2264265950011424E-002
   20.366763283366332        27.897989913172726        1.3852377974987411     
  -1.3101043603124410E-002  -3.2822906678642523E-002  -9.0890743273658578E-002
   22.733085769386005        4.2062248010717633        3.2228296387219135     
   1.5033200211957084E-002   7.1562129879217132E-002  -7.2169431039187298E-002
   6.1245131904333183        10.661386982584153        14.947266993973267     
  -7.1946116505748878E-002  -3.9766812598044064E-002  -8.9639449957954712E-002
   25.877986787749123        1.4378220014410514        3.2472413095207697     
  -3.4916815675176860E-003   3.1684142956885597E-002   2.3384791499988636E-002
   12.452166373681576        9.4162515891239558        10.743938167028228     
  0.10073422811639554        1.9493594462339603E-003   6.7947659957386830E-002
   23.772146989292420        26.926563291756093        7.0456973698601297     
  -3.7853402337581804E-002   6.9920988516314906E-003   3.5389361445415288E-003
   8.7207491279051421        9.8183343680050683        17.324973265129682     
   2.6068460704441038E-002   3.6234022624964141E-002  -1.1004471589604480E-002
   2.6509106749747571        23.639333117860648        23.776690348984907     
  -2.1814302970325473E-002   6.3582149369621324E-002  -8.5423828902662757E-002
   5.2099452720112422        8.6072869280813400        20.753356545330586     
   5.1218094841563089E-002  -1.3665365756124651E-002   2.4530755920285762E-002
   15.493006110645963        25.752052926315169        6.3378376332362825     
  -2.7601317763671075E-002   2.5740098143385608E-002  -4.7912620585739883E-002
   6.9791456215525161        21.726539580441692        23.293598024829553     
   1.4813023837887070E-002  -5.2977745832424289E-002  0.10750554028319163     
   16.526816588468456        19.052834206870799        23.990679621025667     
   2.4782767291455506E-002  -4.6758408133560553E-002   3.0179955505970923E-002
   13.629313838933880        3.8170708406884155        2.4758561740536327     
   3.2571889934053452E-002   2.9746734514485302E-002   6.9582563229005828E-002
   4.1161848804735177        3.0427331730924543        25.158676996353872     
  -6.9355832199179318E-002   2.0880879968830871E-002  -2.7332829435157302E-002
   9.2911981748620178        8.1299868053848936        23.256165194084954     
   1.6205773839922073E-002  -6.1563283882453109E-003  -3.2866801208169330E-002
   22.725638565598004        21.964522707751438        26.245601980460439     
   9.8929423690333515E-002  -2.5420145956916291E-002  -4.4986500031327613E-002
   3.3272919375143273        10.046175888716411        8.2816933867411446     
  -8.7104708582106422E-002   1.2685466117239790E-002  0.10923983599282520     
   13.911345529251978        1.7251864730348410        18.258408286661968     
   6.9475178290605150E-002  -3.3808353997193549E-002   7.5994038567147660E-004
   8.6438771742393712        25.092889152795085        6.8382671208941055     
  -1.1431413072827188E-002   1.3916330060979654E-003   2.2914457250043180E-002
   11.611817505674386        24.536099476758199        9.6582153039945329     
   4.6431996128128053E-002  -1.4680573346604602E-002  -1.1118540882999698E-003
   24.202144489940949        6.7504435536383971        18.015982501217437     
   9.3053499626793074E-002   3.9575037437073718E-002   1.8774033703288046E-004
   2.1129282310269399        27.171570103907101        21.973633669045238     
  0.13051477724072344        2.3746878736789108E-002  -2.0643532556804300E-002
   11.323968973589658        5.8852903265447800        16.018845615606093     
   1.5345134606210441E-002 -0.11204992536771105        1.8504290442437468E-002
   19.486193761265657        5.9995853447163325       0.82609819604544366     
   1.7065676379192897E-004  -4.1442972376106939E-002 -0.13683253259713690     
   13.800701716595938        25.454018292853789        14.636448184472162     
   6.5883681673293365E-002  -3.9122001241569247E-002  -1.4588871558290268E-002
   22.380281721102207        3.0081460024038593        13.810950518130797     
   5.3489263719692898E-002  -6.7606470186993520E-002  -9.9424730428117392E-002
   15.065339569739338        26.174671487991400        2.7980314435755802     
   2.1804495134236188E-002  -6.0804668099943185E-002  -4.3917428366703481E-002
   15.890550590378842        6.2398950703787488        6.8390269956415093     
 -0.11611232365512283        3.2950827782979787E-002   1.3762986446571887E-002
   18.029416236391693        21.808830323349252        21.810204796395318     
  -7.0533804975782613E-002  -2.4413387538515623E-002 -0.13901139495264281     
   5.5039772445290982        24.123440945882848        27.095431424192601     
   4.8450729564084409E-002   5.7306638335115491E-002   1.2062813107298821E-002
   27.263713340338604        11.889490681993069        14.203281333415708     
  -3.4879140651835894E-002  -3.8723698548318752E-002   2.0139536067969258E-003
   22.941403645717173        25.187386943115982       0.94354930909335566     
  -1.7381757683288649E-002  -5.0509468466346318E-002   4.9178577937004114E-002
   25.309910620084196        11.606769786603310        24.870133340846131     
  -3.1424789144646359E-002  -7.4295389869992977E-003   1.8744518394163877E-002
   13.228755743986040        15.651907424974972        27.188623626708956     
  -2.5527860211312779E-002   2.8199616452679984E-002   1.2150046131425639E-002
   23.503025697060522        16.111039211991979        9.3724386378302516     
   2.2324546226158690E-002  -3.6321471986717264E-002   2.0227458735348074E-002
   15.955770064067087        15.572667182369749        17.553555306766864     
   2.2542640857044757E-002  -4.8810697015475045E-002  -8.0913335468490218E-003
   16.825031449226433        15.014834117531384        26.938880902343225     
  -5.9107029143011056E-003  -6.4809381104179616E-003   2.3096337864261335E-004
   11.474151950349189        18.481106614041114        26.031651939014885     
  0.15240972398560251        6.3003086554545715E-002   2.7682345936350612E-002
   10.724704628952297        5.2531650542260149        25.788584293748055     
   8.3619035857326163E-002  -2.9749111937785823E-002   6.9651278537021530E-003
   12.233708662072468        13.833284171005793        20.955298529212644     
   6.2003235618922188E-002   7.4703129281248670E-002  -9.5424332713655250E-003
   22.182582128799627        2.0654678768715620        10.351471666651738     
  -2.9203070817158804E-002   1.3267111806492357E-002   3.5372684118989486E-002
  0.32507846794498452        12.407113181682300        18.206952062380783     
  0.10512202395967565        1.3895548420187881E-003   9.1705255328623766E-002
   16.816546555162716        10.524432916946060        10.820925680194287     
  -6.0018097485697773E-002  -3.4546789539940288E-002   3.0624254495014443E-002
   16.012553953196043        9.1140850212577131        18.577941539783012     
   9.3326457072068755E-002  -7.2047302142500561E-002  -6.5856286948720019E-002
   10.364233176822550        18.040689383050779        5.3476955521843657     
   8.7138200380629277E-002  -9.1748425887952095E-002   9.9136718852401287E-002
   16.502895843373235        14.724468768720437        11.881135617879028     
  -4.0483317529459710E-002  -5.0956222766386769E-002   1.0445027945441181E-002
   14.321850680573981        20.000208795673522        5.4800538515208279     
 -0.10189051848269308      -0.23059583241133530       -5.3746310638377141E-002
   5.5908179558078084        27.238632654503117       0.27834277840308935     
   7.3165517713072378E-003  -4.8921266585444635E-002  -5.7414345247797254E-002
   21.297371739148314        8.9281283557020696        16.390606147034639     
   8.6305579595594206E-002   2.0198842825688488E-002  -2.3013851072844396E-002
  0.49348510991579836        1.7065850208465734        19.910808575246936     
  -5.9160037618925403E-002  -4.6806327656476526E-003   4.2971991857462595E-002
  0.34071628688231304        20.625750769143210        8.2773420980901466     
   6.6281685186676792E-002   3.3473581988004354E-002  0.14328639295220996     
   24.944733919983648        4.5666618000437982        9.8244142709510989     
 -0.10215792286972863        4.7416892893352498E-002   5.4056677761280446E-002
   27.779715234389180        22.403529437828002        27.418578620468399     
  -6.9001529723313568E-002  -4.1903367489800718E-002  -5.6840188311684040E-002
   10.856501667443103        17.631794382894544        20.876976487659643     
  -5.5507245166801139E-002  -7.7818167910034229E-003  -3.6060766351450058E-002
   15.394058987437020        7.5517263796721963       0.99757953685184586     
  -2.2207446251449828E-002  -8.4541751291271838E-002  -3.1394096038339460E-002
   20.247536959126123        10.394466387911349        9.4898784455431819     
   5.1167232685348805E-002  -6.3246782862997550E-002   7.7185572578631588E-003
   12.216940193677612        2.5976616077765211        13.636286346440889     
   4.1115532746515649E-003  -8.2763403437881508E-002  -4.0508696456338709E-004
   3.8209401650786248        8.7334186599047303        26.710389338066648     
  -7.6083483515313632E-002  -5.5651308248440237E-002  -1.6959709619798109E-002
  0.11578257392446688        19.221138921503027        13.429924954525987     
   8.6869724891978611E-002  -4.7013349582561079E-002  -5.8466266545409089E-002
   27.857445209467116        9.0976658255458762        25.639639403937430     
   8.4353291948866566E-002   7.4630234942714424E-002   6.6173601897401846E-002
   4.1749728123686101        27.549961234555159        24.818127776151648     
   1.3040373987902863E-002   4.0624169949462212E-002   2.4776215700643329E-002
   2.0550483298310960        9.4353412272035122        18.567426950612596     
   8.0780260204849436E-002  -5.3883528414677397E-002   1.4604954471200965E-002
   4.9170029396146040        15.447251738439743        14.796846170848291     
  -8.2276000783929951E-002   9.6357035604047164E-003   2.5343607826779670E-002
   9.9319507978838377        3.5124240114031910        22.359651118614504     
  -2.3118468914508975E-002  -2.1259874444136077E-002  -6.9675559755007027E-002
   26.330743967145267        19.441551474164985        2.2100852063039098     
   4.0975082551823340E-002  -6.7934546080142488E-002  -8.4666323790648201E-002
   25.240617619959277        1.6834924070246464        11.987756357950705     
   2.7933131839425609E-002  -4.0503562261035839E-002  -2.5231608587860575E-002
   6.2158532207764434        3.6975808503156231        19.730579980397330     
   8.3043965003084849E-002  -1.2003036736524478E-004   5.4729374114306686E-002
   26.140600741615096        26.040285345162996        2.2483067723710999     
   2.8384830880007563E-002  -4.9655310068754704E-002  -2.1042293489606682E-002
   10.932778514566156        10.065689128603736        1.2004822403884154     
  -8.2106794873487765E-002   6.3978071093403754E-002   1.0493378604157477E-002
   17.439405950397578        24.852535147459086        20.276956671395642     
  -9.8224297484682407E-002  -3.5379152027194549E-002   1.9380853770951108E-002
   7.2284242364497091        26.301008216878955        13.468286943136560     
 -0.17676865280348347       -3.9276770198599271E-002   4.8576439634820466E-002
   19.051718950393159       0.47297534498121241        11.396333537849475     
  -7.9485927191710933E-003  -7.3285236763268813E-002   6.5714984550065539E-002
   7.8320771775539608        12.492206839892104        3.2917981153001339     
   9.9381109272598488E-003   1.6492705226266217E-002  -3.4491219088803385E-002
   22.646232156301593        20.366717609422164        22.842384142336048     
  0.13910058985754956       -7.7242656675799354E-002  -2.1231614197282154E-004
   13.207048553978799        22.380100434577567        13.374526038285312     
  -7.4790623976486795E-002   3.9014264294761521E-002   1.3677061279164413E-003
   16.256213571439940        27.553955358697635        9.0831912968761142     
   8.9347738467375135E-002  -2.1768167337557891E-004   9.3418635371747730E-002
   9.5035586632157898        23.542179190320301        21.998158147278208     
   1.8448245918796211E-002  -3.8118704044861132E-002   2.7341651842646371E-002
   26.150816356530186        26.639905427892916        13.825372347409935     
   3.8321788091039741E-002   9.8782608962706825E-003  0.10316003143035345     
   15.775941097154588        14.906272298275898        7.8636472907415005     
  -2.3843105834868646E-002  -6.7049617189087654E-002  -1.2693574983159778E-002
   9.8505726046199573        13.091956094556259        10.158048026909400     
  -5.4875567802524179E-002  -8.5640561516085231E-003   2.9877049585430419E-002
   14.600854543980850        24.272571192590629        11.278177710389448     
  -3.3993507962515636E-002   2.9754712981470165E-002  -4.8712088796375980E-002
   7.0895763395614599        22.303979994550069        8.4312421474701473     
   3.1854429962572026E-002   6.6564985079925381E-003   4.2048891941620543E-002
   24.817175585926069        4.5953894779502571        25.736000686850723     
  -1.9202484051244653E-002  -5.6475050234095485E-002   7.7141650569905768E-002
   13.121845386493971        7.2818419912753320        3.9636253622206610     
   3.8276595652011025E-002   8.3510597405300299E-002  -1.3630757619592546E-003
   26.455500947911879        9.7176590315203324        4.5938180775771631     
  -7.8480223525961346E-002   2.4352938866183917E-002   4.6873913038663867E-002
   11.411794708450650        12.842584106595240        3.4477294220162884     
   1.1054325439007674E-002  -6.0584716694800207E-002   6.2966761990486064E-002
   18.053306537432885        5.8255871851892964        24.652974196844699     
 -0.10721265124279787       -2.8208996879299369E-002  -1.8598686955384837E-002
   23.706649666275549        13.912957649385440        3.3128253261360041     
  -5.6718503068071927E-002  -6.0951019249749903E-002  -4.3545090455172943E-002
   23.760219536162420        14.604327436550683        26.388113590687983     
   1.7012975339404459E-002   3.3439963310992589E-002  0.11603460203200648     
   22.046429004224265        21.141129812989668        2.8091867814373277     
  -2.6923397816209574E-002  -6.9454503866966680E-002  -7.1701757454288570E-002
   18.120972631467673        27.490788846285923        14.796606452274673     
   5.2603406346569494E-002   9.1979616500850944E-002   2.6787202091800616E-003
   20.194582411027103        2.2722078020905907        23.572087431092683     
   2.9841240449322307E-002   3.1001488449899127E-003   7.5186724405573646E-003
   9.2836523945722043        20.784727356335544        27.844561170977368     
  -3.0941696528267622E-002   3.2871604648707586E-002   3.4106162301948753E-002
   21.191597415457345        18.524279678705557        9.9787819357609813     
  -6.2971417980005634E-002   4.1353447618540901E-002  -4.6161444138139718E-002
   18.609000804501942        18.857221761096547       0.11056406061984228     
   3.7378828255045779E-002   4.0574281904074284E-002   5.9261583437626032E-002
   2.3968311423078936        14.632794277917261        23.190589751869098     
   1.9317706336474286E-002   7.8277728872315835E-002  -5.0766453826631740E-003
   18.193451531305040        27.014402743764350        3.9830132992789768     
  -3.4427189045943232E-002 -0.13468373490450972       -5.6912643532987695E-002
   1.7261731592751577        6.1498328334351102        16.990072937895476     
   2.2690194044902724E-002   1.2600978507512604E-002 -0.13191836867229031     
   6.4373626122174583        18.932614142352460        26.150217746745891     
  -1.4210253958910008E-002  0.10074271211674758       -5.9609589859883037E-003
   21.479538741839310        27.955934516776001        4.7686145628470769     
  -3.4724871400706590E-002   1.1305687834072995E-002   2.7159262316190928E-002
   9.5447125213502915        12.755414634564458        19.404764930534064     
   3.8260974173198049E-002   5.5021430295387377E-002   4.4673933204202564E-003
   20.164235970929248        19.985774656825338        24.922674640208417     
   3.9935506244194445E-002 -0.10167294622164133        3.2898737145670688E-002
   14.137736966490932        6.1596866771665635        17.868426350772975     
   3.9815930830341219E-002  -3.8536823342988797E-004  -4.7114659985698040E-002
   1.3063798533037063        25.527338090417619        15.367139092116677     
  -2.8469471403879724E-002  -7.7666646523008327E-003   7.8129324023619259E-002
   7.3244018189793003        13.729335054130932        16.644711420351562     
  -4.2870276411141793E-002   3.2768679758956821E-003  -4.3843740046710954E-002
   8.4949159218124048        1.6080541599999636        5.2654605351833199     
   6.2483742385091849E-002  -5.7202835902069298E-004   2.1069067199312716E-002
   25.000079350923414        9.5540404203334450        15.044191552735068     
   3.1890686374399936E-002  -2.3986843405492037E-002  -1.1994871734829280E-002
   16.027528332237225        21.618130802457280        27.177445754988291     
   2.2196929147079665E-002  -2.1071079684414785E-002  0.10811758550049178     
   18.055679555797319        27.956584200273817        25.703883169912825     
  0.11473156610713224        2.0419183601536703E-002  -3.0245068062332663E-002
   12.256165190404669        1.4180052390030764        24.476364028025102     
  -3.6608393981614876E-002   1.6419714882358639E-002  -6.7191898700895729E-004
   17.878530950672580        15.980289067256360        1.8760466370081701     
  -2.3228766123602113E-002   4.3444974352725735E-002   4.9613541081562136E-002
   15.272172571533632        18.270991051534367        26.771553850210797     
  -5.5424322545875468E-002  -1.7534814774298013E-003  -8.9195817193493912E-002
   13.438534800195855        13.212197199437705        9.8513310493191391     
   1.0183672130899084E-002   3.9883775971895748E-002  -3.4672155202223984E-002
   17.547448208498569        9.8071117206549463        22.458156506509813     
  -2.1472358937068631E-002  -1.3598310664337199E-002  -9.2575104291253471E-002
   20.802561526996033        24.638210052873614        6.4783751505061176     
   1.8448480648958352E-002   4.1928860198794729E-002   1.9750934060923708E-002
   6.8918295265075162        16.201830966296114        4.9060052485607573     
  -2.6882475347023930E-002   1.7691855642719887E-002  -1.1738035081536142E-002
   18.921685001239556        18.727852748800316        16.920324715900456     
  -7.6536582112506107E-002  0.14496834028362413       0.14266835958195892     
   9.3547227018671428        22.719422562757437        10.943761734537629     
   4.8651255116595439E-002   6.7758314056507993E-002   4.4149159399916524E-002
   18.118068340449224        21.112391567989665        10.246474929306256     
  -1.8577909944400704E-002   4.2647832327661200E-002   3.1451241136072672E-002
   3.8412169420986193        21.142965003865402        25.614646223795376     
   1.9612920011331254E-002  -7.3867412550962325E-002   9.5308337065767006E-003
  0.79510652513091584        1.8733714876215031        5.0503494358013565     
  -2.1213589574609237E-002   2.7166199081546149E-003 -0.11175022695882790     
   24.211091247056856        12.994108568380007        15.488638593969347     
  -8.1007401428676490E-002   2.2277557419076940E-002  -4.4111558091282928E-002
   3.9152001793879965        26.959715272721407        13.295002488594932     
  -7.1491640819036154E-002   4.6716926344316401E-002   5.2433611153298497E-002
   16.113607213993259        8.9912075275420182        25.327343621715340     
  -8.2220351595148317E-002  -2.2454591925925020E-002  -2.1979052700675999E-002
   1.5712442884708278        15.805430686551219        5.3290478385935325     
   6.7105938540561938E-003  -4.1941916437228374E-002 -0.10339050030686245     
   12.444567727709893        1.2632169584048476        10.122547902361550     
  -5.3133583802650423E-002  -3.6989629751660439E-003   3.4827386460155187E-002
   24.843573066967966        19.754795817286041        9.3723207575639425     
   5.3644260095877978E-003  -5.4401081199700312E-003   1.0937447678814986E-002
   19.542228598298646        23.498146604264658        15.683695759812581     
   2.8480044754386528E-002   8.3819237557591256E-002   1.2633046045655259E-002
   8.8837483254877725        17.134317132719673        27.891916474401153     
 -0.10112731761907652       -8.5546945626435861E-002  -3.5701833467853300E-002
   5.8224681938991738        17.134464193287855        1.8195255377803077     
   3.5063646259219448E-002   1.2935593033552906E-002   2.2695984077775479E-002
   18.457432057417968        23.224021418893358        24.785766789267122     
  -8.7713764537962740E-003   7.4669143042440836E-002  -5.8643368115834468E-002
   17.998162664935325        25.163192125594907       0.62254622483611533     
   5.0553356279772026E-002  -1.1817769890602020E-002  -5.0408012896544577E-002
   13.379128434761848        23.656326416320148        27.885330814543014     
   4.4512276199749026E-002   5.6598033251843746E-002   3.4058177974739721E-002
   21.191934341408516        5.3925948673502182        24.349386021132602     
  -9.9393932165593377E-002  -5.0346807185428062E-002   3.8293957227005189E-002
   3.2514253787282881        2.7641296568878988        21.450141964890850     
  -9.4872984558929396E-002   8.5914093751872075E-002   1.3311129059351501E-002
   4.2437358097136677        6.2974821064953517        24.083804554515286     
  -6.8857172012391873E-002  -2.7239973890596549E-002   6.0963375984514311E-002
   22.744792913384249        3.4013473747784251        7.1108995302700082     
  -5.7658576414745359E-002   3.4809960592568717E-002   3.5133928834760693E-002
   9.6602991031485406        9.9596880527378318        7.9471627481335956     
   1.1565115162489375E-002 -0.11796645462299840       -4.2967539126347626E-002
   7.9438724515306980        7.4500904205140275        14.620645976224640     
  -3.8350371510587594E-002 -0.14347322471882382        7.4851973865743937E-002
   17.971482248408481        22.423694466285390        4.5045706395755403     
  -1.7364964990440507E-002   2.1893951724432622E-003   3.0609768927944748E-002
   23.948715672867714        16.244602613886517        15.755299247491415     
   5.4167560561947603E-002  0.10816840862425828        1.4562968787332120E-002
   1.7556641710646137        14.328183892209921        8.6660579043248394     
  -1.0277989252874016E-002  0.13438329692897780        1.3919476026838176E-002
   14.409714410491167        12.931813596784991        24.073910522146612     
   4.0243843898182662E-002  -9.6491821459540987E-003   3.8240433922935621E-002
   23.015300155270669        8.7194683854548973        20.457354551511418     
  -2.3654403370378111E-002   3.5245720087220427E-002  -3.8004041330808362E-002
   19.133262718592750        9.2776883537958792        27.964047446576654     
  -4.2274963095958663E-002   4.1477652557669734E-002  -4.9732173222317252E-002
   26.930100839967846        8.0311991373113329        18.575658594782542     
   1.6429784141448786E-002   2.2414679882609194E-002  -1.4180988921921978E-002
   8.5810942831419776        9.2649276258583821        11.860456297713563     
   3.2417862039581358E-002  -1.1035191381768108E-002  -5.8553875605087194E-002
   14.315374240050456        16.537613353562701        23.756275602861379     
  -3.0301492935405929E-002   1.4828214803030005E-002  -6.7291289728287962E-002
   2.8919464124794283        22.616281609100049        18.132135229301841     
  -6.6491648792699184E-002   2.2827920895479411E-002  0.10800046757501537     
   5.3421101317726132        13.138570240080131        5.7262566018461358     
   7.6824171136871053E-002  -5.2571479366486908E-002   4.1834367881330957E-002
   20.257448958518189        14.582855425652513        14.800821498379367     
  -8.9736819853067831E-003  -3.1636060874796465E-002   8.7109486049593621E-002
   26.434131659042119       0.68763877587410649        27.676317527443018     
  -9.8656290195723514E-002   8.6289975853788822E-002   4.2442422686477368E-002
   25.651279245992889        22.380302715541696        12.959436404551425     
   4.7065342046894200E-002   1.6887002425457421E-002   2.4410845107623477E-002
  0.83494942424184682        4.7837427106197321        27.250235090017931     
   3.9506357514041100E-003   4.6559985394869323E-002  -2.3848979691316424E-002
   7.4323251459650672        25.600026900814655        10.064708237761808     
  -3.0803398503219444E-002  -5.2768883761078239E-004  -3.3796825237230627E-002
   22.496474856822633        21.022232964470408        11.660359642114807     
  -5.2060880262318247E-002  -1.3005137000356534E-002   6.5709223906038741E-002
   1.3724096321018953        19.555470509693766        17.909001379785266     
  -2.6127577715064774E-002  -8.0642176526122725E-002   6.5286073453157206E-002
   20.312572746658422        24.332409846990910        2.9454566681684966     
  -7.3663305197422035E-002  -4.5831271462439323E-002   7.3080214474478725E-002
   22.241640434892524        27.206408693465612        13.060621187994402     
   6.0508525727625627E-002   6.3244615629650086E-002  -3.9623948477322563E-002
   19.463412158298357        2.6590728756134152        26.826057312251741     
  -4.8388564571303768E-003   1.8010303357504195E-002  -4.1622204166371898E-002
   6.1491771888231499        8.4499876578628594        6.0717415800385801     
  -3.1008532474392902E-002   9.5959710382112928E-002  -7.4143196220299246E-002
  0.14453746490589137        2.4110096141513422        24.720056962819051     
  -8.7127813458384565E-002  -2.5734567778712660E-002  -1.4085100331149377E-002
   5.1496031980749146        19.911824494091132        10.383853314594910     
  -9.1772751550724521E-002  -4.2614295185382393E-002   5.6353503045225996E-002
   17.029100920139221        4.9948400109107114        3.6650627237799811     
  -3.6253221858334225E-002  -6.8828914177610657E-003  -4.4184287340961519E-002
   17.841601584895599        7.4285214404064455        9.3874586880828410     
   2.4682403473917893E-002  -9.9373192071498220E-004 -0.10816039440771862     
   11.309741037540505        18.302398450980661        14.888764685683720     
   3.9345790767238480E-002  -9.8827095105034398E-003   9.0332704787487225E-003
   18.246324933417771        6.1156129207428416        15.792102020185586     
   1.8998027651300303E-002  0.16046127860370307       -5.0352059046555641E-003
   21.854103204582710        15.896427679727010        12.172433378559845     
  -1.6006521111645085E-002   5.3800715384636211E-002   8.5134890955371953E-002
   7.4713278653876571        20.433832515994578        20.183113801925863     
  -8.4544236960632457E-002  -3.6984471252316693E-003   7.0554911479500756E-002
  0.99347225257799388        27.698170453942748        7.9739772393147890     
  -2.0543977752030063E-003  -1.4857380145567025E-002   1.3813730967231376E-002
   26.421241132640933        23.067152887127623        9.8371878018975156     
   6.2847644768622729E-002  -6.8899807426371654E-002  -1.7881812624065435E-002
   14.658170740918180        14.198416564336767        2.6269250031461602     
   2.3318108394119939E-002   8.6487731710391841E-002   7.8372614582577459E-003
   11.862737102996618        26.792069537939113        18.564734441244457     
  -7.6257243690177764E-002   5.5270541597589040E-002   5.3562592658569419E-003
   12.309016347143594        22.821872093702250        20.595629295296863     
  -4.6117363926594657E-003 -0.10725392787737827      -0.13738724214067435     
   10.313656815098863        2.8715187655562788        17.295890715017975     
  -5.4284763263552270E-002  -4.7634441487268329E-002  -8.4849511837898878E-002
   15.473612540489667        25.971431269682526        25.804617955418763     
   6.5819410846726586E-002  -7.2949023199161106E-002  -8.6863520846704265E-003
   25.649211377461231        14.673609475976837        23.094723086933758     
  -4.9543234262045648E-002   7.2881525000884637E-003  -5.3693483482679582E-003
   6.4613298015554639        25.725290025979099        23.384696597763448     
  -2.3219733627446677E-002  -4.6169207371920762E-002   2.1500755488875513E-002
   27.855005598443849        10.014730020950859        8.7422900051254171     
   5.5721840008857035E-002   3.5941484565230837E-002   4.7085421154128186E-003
   13.911131930198705        1.0104707672413960        6.2147274570231454     
   5.7926971518337108E-003  -1.7416067882761125E-002  -2.9893069629023820E-002
   17.132235273314542        12.611590790515974        19.067424368471432     
   5.4370008087945669E-003  0.12596185719065520       -5.0884218139006801E-002
   23.939135529646013        12.053466351950727        21.885280371994440     
  -9.1862880554604509E-002  -5.5981043663112240E-002   8.3706496069183067E-002
   22.682386643132244        7.7932502736940696        5.5113585295762837     
   9.1537904854154764E-002  -9.1272912299681208E-002  -5.3958082458202647E-002
   14.102037720219995        26.600837511315099        21.695000806360710     
  -9.6893051629825505E-002  0.10135146349124617      -0.13327541656473973     
   11.229420158003823        2.7414664137482734       0.34177156217787780     
  -4.8372389122306729E-002  -2.7356473842433938E-002   3.5512616966026180E-002
   24.528051757364270        2.5092290338899517        18.472879608218921     
  -9.9370267007118970E-002   5.4209549135228602E-002  -8.3053497473488109E-004
   7.7428493021910487        6.6718859048881480        26.606347592024214     
  -6.2786453848905591E-002  -1.3402276073898239E-002  -9.3493833055208017E-002
   20.819956743000187        18.008048352718511        14.624789800246150     
   2.3653562207912510E-002  -1.7405414460188100E-002  -2.6341058451575708E-002
   5.0467052531956851        25.675547043983983        16.755832856389343     
   4.1551715375871066E-002   2.4700836494504254E-002  -5.2253534617364920E-002
   5.7967191916029277       0.77076063986086085        11.107134757242054     
   4.0431526658815164E-002  -3.0541349667672336E-002  -1.7713542399602933E-002
   9.0948905032382275       0.34709618940165593        19.782082660133618     
   2.4221705436653473E-002  -4.8189999761000697E-002  -4.0784143513468908E-002
   20.463502412260016        8.5313170830810918        24.065905061662175     
   6.9393033944264798E-002   4.1794446426839507E-002   4.0164387258808693E-002
   8.8183495864169377        1.0854379211933969        25.113649892485920     
  -9.0344813316606223E-002   4.7247872782984396E-002   8.7719815272943539E-003
   24.384136198531266        22.543648475282858        20.358702236270322     
  -3.0755767618228763E-002   6.3587355744046059E-002  -4.0197303274138096E-003
   23.557944614942222       0.32425436734745655        16.375597389360870     
   3.9917965617002414E-002  -4.7912271608909582E-002   3.6170447682563256E-003
   7.3898107663273871        1.4242861581838884        22.286087354837093     
  -7.5815111974725499E-002   5.6264154025834345E-002   2.2400972819881061E-002
   20.299013972946625        5.3585136452230087        19.113060016956549     
   2.3351204936752291E-002  -6.2053180907075669E-003   4.9248862905927034E-003
   12.320515072011444        19.093688861453586        8.4654133310496711     
   3.7858260229487350E-002   1.8254705878689617E-002  -9.5979897278505144E-002
   14.453517502752415        3.7657668589446778        22.618552340330066     
   7.0482833072908577E-002   6.5240759095566661E-002   3.9527599631045504E-002
   6.3413313408250858        25.894240538549958        3.9310342157831197     
  -5.4768802302991089E-002  -5.1210555532631388E-002   6.1516176376580859E-003
   19.943417742125021        15.912520169367813        5.7641568091848532     
  -4.2513842547727311E-002   5.6294454979963819E-002   4.8451123173054181E-002
   19.837339079281048        21.959559341736192        27.939994903348765     
   2.3869517209159134E-002   4.3745809964222546E-002   8.2962529038328500E-002
   1.9679724766970828        16.543144043203551        16.541100949481098     
  -6.7356640136794724E-002  -1.1629004438433026E-002  -7.6533585270011605E-003
   7.5718588924453307        9.1889500326294407        1.7225923759631250     
  -7.3558768874639094E-002   3.9280743116870354E-002   1.4169350957128252E-002
   16.741756606431736        9.1564998672355440        4.1728664782861786     
  -2.7198713364622023E-002  0.10269551803429884        2.2204592496469028E-002
   11.625919909817908       0.40679466212662113        3.5974187591959890     
   3.2958791849731682E-002   5.4750095718969688E-002   1.5370872874458270E-002
   23.432348064468783        25.172602232071451        17.423703385174743     
   4.8089067351628934E-002   3.9242007312982208E-003  -4.8921720963319166E-003
   15.137910152222014        23.564711676641458        23.129606801531828     
   4.1494517847707642E-002   8.6272267920424583E-002   4.5212061678360531E-003
   14.389306638703836        20.948335735049149        10.721590779137443     
   5.4539028105305018E-002   8.1290372243781550E-002   8.8149315420632493E-002
   26.679013107505380        27.059981562382891        18.116621567162209     
   6.8894157453248658E-002  -6.0049725217357956E-002  -9.0984430179487388E-002
   19.940986645407932        20.815071083822229        13.499121865222381     
  -2.2066563012452197E-003  -7.9196663721848130E-003  -5.5932405563466646E-002
   9.0446349501651770        27.530513083171428        1.0863638771622792     
  -6.4420421832284205E-002  -4.9752824507825798E-006  -3.3619192196258564E-002
   19.340187042674842        3.9100781917742844        12.382766284605522     
   2.6309725856504478E-002   5.5295071421564965E-002  -4.8342613202704228E-002
   7.0726621913784129        25.084664587992545        19.787485019103276     
   5.2147218964918605E-002   6.6585707438247599E-002  -7.9622766586817550E-002
   27.703922475089410        5.0204433991108033        11.890540685114347     
  -3.6016378469944418E-002  -5.7195617074080621E-002  -1.6922339431398783E-002
  0.89625225256646268        26.175849064857243        11.139892167286728     
   1.8870434296152674E-002  0.11354365098494687        1.6074044780909052E-002
   10.424431566995617        20.454324283428484        22.724589059506613     
   8.5127435799821748E-003   2.2009341692044760E-002  -1.8246185050134513E-002
   20.068840516239995        16.537351723295689        25.511544406103837     
  -8.3116210149515384E-004  -2.7557827864234750E-002  -4.7718910252371370E-002
   18.010625203444754        18.390898333335503        11.797033731805861     
  -2.2210576578161764E-002   8.8661392452326085E-002   6.2803900861835085E-002
   20.712306239715716        24.056951653125946        22.592147937374406     
   7.2458256915775236E-003   4.0003468355071480E-002  -1.0906112099358534E-002
   14.997671682778650        26.134776598644464        18.050520709005649     
   3.0727180630300322E-002  -4.2346794077244183E-003  -2.5111518965807066E-002
   17.055699919769701        13.298229326826398        4.9155100417182656     
   2.6961891766808146E-002   2.1730765029797143E-002   2.6694894096602358E-002
   6.7673962471986968        3.1327363468918179        8.5343871522642996     
  -2.4775136870418227E-002  -7.7796199598541227E-002   7.5080250492261649E-002
   25.771109220318863        3.7814422926171343       0.65888161867440309     
  -1.3041523934466989E-002  -8.0863485057614069E-003   1.0319646954553337E-002
   18.213952963556284        24.894994310323831        12.649775834680195     
   3.5388847328812069E-002  -2.6497994690946842E-002  0.10939221016723891     
   23.435403314719679        24.335303904574111        4.3898421645183330     
  -1.7186550087176455E-002   3.9545874686008481E-002   3.9464991262877155E-002
   10.410117763496553        24.590411731111367        14.210503238241216     
  -2.7373319529578652E-002  -6.3918899179179700E-002  -2.7619508125511501E-002
   9.2872113387818143        15.303618708203823        2.6429365332291703     
  -1.5878158871251496E-003  -7.2115628630127337E-003   4.2703114228032038E-002
   25.007996525373372        22.513535085457676        1.5132256702354232     
  -5.5444071619127365E-002  -3.5950032515781653E-002  -1.6184851319965297E-002
   23.158434817252495        15.599691757074980        19.239016746109520     
   3.7238323423296839E-002  -3.8183457364277078E-002   3.5534318656122346E-002
   23.528140740305844       0.70364097024053229        24.304410267189638     
  -9.3399476461068359E-002   5.0201082637662611E-002  -8.5890821203261827E-003
   12.902940922655992        11.265476203902164        7.3677578256861462     
   7.4211428396107212E-002 -0.10361934331510787        5.9594668304317880E-002
   6.1226447779822530        6.5204296926734164        9.4010826753451386     
  -8.5062609687256305E-002  -2.7079074825383468E-003  -4.1108297794625534E-002
   11.430002740048186        7.8864131221264824        19.605856862113221     
  -9.5429985279427532E-002   2.0382457088022023E-002   4.2368424106140196E-002
   11.693232542458016        12.147396691746581        12.943515552550654     
   9.1988525200248639E-003   8.6116812490541501E-003   6.9567156669592803E-002
   7.7271871263917751        23.864702346231883        1.6034926674365562     
  0.10858471848055151       -8.2305064337941714E-002  -2.6584773061333168E-003
   4.6057413488022236        19.033841440476110        21.208262294307570     
   5.0835364737552007E-002   2.7876675164803084E-002   4.9042106775735325E-002
   20.691268964036411        26.642393301064139        18.449865620179082     
  -8.9154511279020982E-003   7.0740354707390513E-002   2.9472508009747876E-003
   4.2388230164011640        4.7011101271138012       0.23532675267241257     
   6.1264968477138138E-002   2.9427243135389459E-002   6.2341280140939342E-002
   15.228804146292841        27.704188568874194        12.381292898213918     
  -3.5333501813289765E-002  -1.2504172058619411E-002  -8.7614369140343817E-002
   5.0503177217898747        12.730319991624144        11.933165890639330     
  -4.9886304666942584E-002  -7.1346490561807224E-002  0.13449877117435841     
   5.9035139428336265        14.570978127973357        22.953458643884716     
  -6.6418169219847598E-002   3.6436400846903402E-002  -2.9626084552305726E-002
   26.903759772243170        15.831203959609216        18.159229316052375     
  -1.6328764887166610E-002  -5.8822921076649550E-003   4.2063477574963481E-002
   21.264205300527131        27.048300325139149        9.2661382467876603     
 -0.14147677778875017       -7.6919389651025336E-002   4.5730223478220408E-002
   19.432549314558187        27.159185991237202        22.102822535519319     
  -5.0057286455971343E-002  -8.1007516054375454E-003  -3.6450564272931363E-002
  0.65913835462482806        22.745227410809310        3.9967003051469265     
  -2.7769334949109745E-002  -4.1665949575940914E-002  -2.7000540084771901E-002
   27.912802759062032        17.131609012462818        10.452541789813147     
  -2.7963059233150071E-002  -4.6105153838113380E-002   4.3143028669307110E-002
   13.634398910039002        9.9660982047426625        22.040425258259773     
  -7.6010090372951866E-002  -2.2933606516790481E-004  -5.5295521265307575E-002
   16.026853443628138        23.377904628758376        15.813079425156099     
  -1.4435017253068469E-002  -1.9563323337480999E-002  -3.6520962342234224E-002
   23.045780032442394        1.5525484359773531        27.834975930098402     
   4.8166502112239613E-002  -5.3140758716882404E-003   3.7215973283099392E-003
   8.9971966963518817        23.504503374456636        25.656111660614584     
  -4.4930993207344151E-002  -7.1335716021479437E-002  -9.4692064501684925E-004
   16.381368407826624        6.8728174663696677        21.188436749871698     
  -2.8193336913213780E-003   3.0132560034233254E-002   3.1864590980049450E-002
   4.0275762225631926        2.3914231614695520        14.012588381879361     
  -7.1239696015479331E-002  -4.9466268999542186E-002  -2.1287812360575718E-002
   26.021068939972391        18.582269238289847        24.000759137103735     
   3.0749731182802557E-002  -7.8691172722520741E-002  -5.5016748479678960E-002
   10.422942133900372        27.176783575119291        11.924547015700172     
  -8.2675266828704547E-002  -1.4762704239965460E-002  -2.8527675946512731E-003
   1.9076603336943547        7.6339827026507168        10.385904726064695     
 -0.14170170234494048       -2.6974698351260470E-003  -1.5432555004395460E-002
   18.260070793843298        12.306206537667810        25.068615448661838     
   8.7713021598167476E-002  -9.3074915582115666E-003  -8.4320882696840133E-004
   21.271117697708338        7.8606847334092009        12.745752347736524     
   9.7222175349642156E-002   8.5629258525644087E-003  -2.6410735130470799E-002
   9.9694523231865588        13.322976668172084        6.2684949747000447     
   1.0255188664393265E-002   4.8779909640112723E-002  -8.9229518709787875E-002
   4.2211059524835068        5.6710236334912354        6.2954077091507790     
 -0.11276157535431829       -1.8500043584821980E-002 -0.13811399901515345     
   19.880035521720302        5.3732046538189522        5.8766158075824473     
   5.8858805939472077E-002   5.3000600186602111E-002  -4.4326978186241123E-002
   22.909523500851900        23.661343734372291        13.969212963988188     
  -6.7866241303258079E-002  -6.5111797543591546E-002 -0.10027502268377213     
   27.562387267443665        13.177388301722221        2.7872582005345303     
   5.7696280134755487E-002  -1.1209583897857209E-002  -3.8372889539624193E-002
   14.347145747161219        18.500735763033905        13.082531477190248     
  0.10667332286247419       -2.4103104730288715E-002   8.8763855634901745E-002
   11.602755785668588        6.3435212363781233        12.596538855221038     
  -1.4857401235521215E-002  -2.3676472427485114E-002   2.4101096182235597E-002
   13.054868957058559        6.6682954205159648        23.666459468580300     
  -9.3028246940414006E-002   1.3639894364561870E-002   7.5036687678768699E-002
   6.9790347947086246        22.152469862067456        13.374676383920830     
   1.3669116376457638E-002  -2.8681883724169851E-002   4.3476595782501057E-002
   21.070032972704425        11.317190152864637        14.000844792473142     
   2.0475203531828360E-002   2.6515752625772094E-002  0.10413077190867438     
   21.083916276324867        14.670240721644690       0.69904306406571282     
  -1.9640665725421596E-002   8.4962789482098441E-002   6.4247868203287706E-002
   15.374343828120063        14.711587922002307        21.144209565761177     
  -4.1247832830759272E-002   2.8647484629539841E-002   4.9717682353824358E-002
   15.909898436067062        2.6364827615877209        14.705867815544183     
   1.8130091324708240E-002   2.7308325825409576E-003   1.9470348995581494E-003
   1.5378484977441069        25.267379547259399       0.84512818338365270     
  0.13987187545039620       -2.5899795623892698E-002   2.6244537187564098E-002
   26.796782020878137        26.952841214683485        22.121966307016361     
   2.7733604279000904E-002  -3.2183741349186626E-002  -4.3598636759369473E-003
   8.1352345274871460        18.875659336331157        9.6647976941737106     
   4.0831026364702129E-002   2.6826175273047176E-002   3.3229822836811550E-002
   18.888694354788360        16.149551687384875        9.3685546999202263     
  -1.7952384021552709E-002  -2.0867884730365837E-002   1.7301807684352789E-002
   19.550738840719212        2.8182814634860094        3.8695935124610399     
   1.5731098761272919E-002  -8.6979957909046109E-003   6.4135098595554052E-002
   16.553121922841836        21.517706073980232        18.824769030813954     
 -0.13909110064837715        6.3768821423387020E-004  -7.5424064011765709E-003
   10.825766075235050        13.059524037687870        16.097749133707854     
  -7.3009151523798568E-002  -7.7241756279265994E-002   1.2682506326959131E-002
   25.789547101935195        2.4577112764987659        22.397643037236094     
   3.2908986718987038E-002   4.6351500649454258E-002 -0.11311975265514597     
   3.7806547898696210        15.078713905491052        2.7798143373476112     
  -2.0067209938786901E-002   4.1174419606831901E-002   5.2330379879940173E-002
   1.9329941320487354        4.5064595660237359        2.7090133119295814     
   1.9976003078481099E-002   6.6747490409686680E-002  -1.1068090034731698E-002
   9.7819694551286922        6.1971346886215315       0.77063058193196465     
  -2.1310341223277414E-002  0.10232729023426927       0.10168095692792525     
   20.483182474366906        23.327153032658639        10.287616176711351     
  -2.3363879702245616E-002  -2.3090893504454545E-002   2.9599184265166223E-002
   9.3951083417813841        22.887784471460080        18.251409517394364     
  -9.8887314695792101E-003   4.5410322820963175E-002  0.10465419622759738     
   6.2122818667777189        4.2634573635424866        16.083018312694442     
  -5.4216846649792544E-003  -7.4189660090406201E-002  -1.3562286631963934E-002
   12.459054066146686        7.9491433530938451        26.990823033204748     
 -0.12635579749670386       0.10561182108996760        2.3560308323848353E-002
   2.2997623059718486        10.928709811624090        12.388395269434158     
  -2.7151715571893054E-002   5.9608674637582446E-002   9.5333077464893785E-003
   6.7744228397147985        21.572902843960556        16.463893778735088     
   5.1219714822786311E-002  -2.5907261673117538E-002  -8.3018338141263373E-003
   16.196593782703061        1.6017682599587251        4.1884320312758687     
   6.1393836599608578E-002  -6.7083805540341698E-002  -5.8928080730307440E-002
   8.7607222357138923        11.108581885612448        26.637575759420709     
   6.8316467524072499E-002   5.0368625719937221E-002   1.2915046475044977E-003
   19.714704623026496        11.686888534974537        3.7367545636225992     
  -1.7546952308062681E-002 -0.10058638568414698        7.5765990293570298E-002
   3.1095652153603650        12.917575576208119        15.842857193795167     
   4.6368700857765788E-002   2.2594960982930009E-002   7.0453205983919218E-003
   21.407541053129094        5.2375685441116842        16.138481565013926     
  -2.1471633609291630E-003  -1.1276221324223951E-002  -1.2775592504517413E-002
   12.577430994654781        23.913263552168601        6.0535847374111444     
   8.2039446583681452E-002  -1.4222337726697174E-002  -4.1103032660499292E-002
   8.8265639374065632        5.8841417537318073        20.614369871700859     
  -2.0914574212463287E-003 -0.12479354626019708        1.4412351265437393E-002
   6.3572188633320490        9.2974314085927947        24.268908509458182     
  -5.8161773885160523E-003   6.1267650825920859E-002  -2.1736923834034853E-002
   2.1023932954376292        21.838441163430662        10.799719465598017     
  -5.2825778881246406E-002  -9.1749962635632055E-003  -5.5921729408393239E-002
   22.695948866648315       0.48201519403578336        20.832200711817677     
  -8.8406494848926633E-003   5.2878010908799740E-002   2.4239149602405405E-002
   27.986585045981105     
