   30.486225221032949        28.174027014532566        11.682294602725468     
  -2.9344071138618258E-003   8.3340150738934624E-002   9.8240029452428768E-002
   12.468922704549033        8.2011479994952676        29.580306490809502     
  -2.9323316440643513E-002  -7.5778158141125582E-002   2.5810229652240415E-002
   21.891915383696418        20.123686356016631        14.646983731257341     
   4.7383413563724767E-002  -1.1662699361347133E-002 -0.13832427362482375     
   26.497105033609508        4.0448507277920998        8.4775181623756204     
  -1.5324411153501822E-002   1.1292545019060852E-003  -3.3794512776263996E-002
   21.163471773826188        27.376748386594887        22.819561193286525     
   7.3540905212609115E-002   2.4215267288697603E-002   3.8086521197477109E-002
   8.1756552980854238        5.4604955380442377E-003   25.674276331038477     
  -9.1208452897995437E-002   7.3959434229884324E-002 -0.10965592996410010     
   18.492135192219358        9.6134980237999557        3.7304260729494634     
  -4.6146939895123418E-002   2.8383821999894514E-002   2.1255172746933351E-002
   3.8417860425352166        8.0904864599266393        25.504308841030905     
   2.9906134069844032E-003  -8.1950385780137344E-002  -1.9011569912460342E-002
   26.261143927405808        15.322563287397282        5.1074951187983286     
  -2.2423413405995723E-002  -4.9915445115417900E-002  -1.0927524612699272E-002
   4.0296269650722039        17.917964128139779        26.246939317615350     
  -3.0899542802963090E-003  -2.7772757423110590E-002  -4.2788943992544959E-003
   29.393642975880333        25.475626469270061        19.903766288735259     
  -4.6620716403621885E-002   1.5355380822875409E-002  -1.6338834367944061E-002
   16.284584081506797        4.0392641000520682        6.0130440462096688     
  -6.3350273283775058E-002   6.5597354736824404E-002  0.14307901380916149     
   8.2606020142415808        19.508203663536484        13.314107338152551     
  -9.3837393553617088E-002   7.3099346296329262E-002   6.0632597421443085E-002
   7.2645550945067958        16.839629905386577        10.098871560938177     
   2.0902716333157472E-002  -2.2513189119341005E-002   7.9759391609751082E-002
   4.9332712245652859        22.429069918668326        26.239869002386282     
  -5.1776572587287330E-002  -8.3393072858806826E-003   6.5372760130133184E-002
   18.208911202291215        15.162093088487794        26.208639547547246     
   6.7376076950036862E-002   7.4887992737498757E-002  -3.8277276818097852E-002
   30.096988671124262        16.558705377347124        15.530654023005301     
  -4.3604614054653310E-002  -1.7169131630579437E-002  -6.2392198308048673E-002
   10.682644373675741        1.8987925163803376        5.0571083509699077     
  -3.7407904549013388E-004  -5.1403694089914791E-002  0.10292618792074289     
   9.7627225306106453        14.777357183969515        21.013160961007500     
   6.2971618379036823E-002  -3.7600805195495357E-002   4.9612687095441789E-002
   13.441846155536464        6.9130657800818911        12.484769568055846     
  -1.7267990144013230E-003  -7.7245750993027537E-002   2.1840921126218459E-002
   28.937557952456512        1.8060295956733301        8.9064029002800886     
  -4.7397565470364209E-002   2.6837017799072545E-002  -1.0017443307324511E-003
   24.953965205812018        26.451477687821754        23.287961976275625     
   4.9813509339746327E-002   7.1516296539437793E-002  -5.0238991994200635E-002
   24.476232316324275        25.314221215250964        1.3889069507807730     
  -2.4229367215252293E-002  0.10402721129014980       -8.0948312458244600E-003
   17.891194993503571        14.721671651187609       0.49061890038256001     
  -9.1964466300236344E-003   4.0382973025690029E-002   3.0062248284550425E-003
   5.6364867648338253        7.1653219172882254        28.682591743770317     
  -1.9537043002018327E-002  -3.6756250943099579E-003   7.5175670775588926E-003
   29.727141213774207        13.038913322687018        22.558981997117019     
   2.8040169939381868E-002  -2.8009975889960900E-002  -3.1242655798272401E-002
   1.7986347265105394        19.345542221801331        14.339882721560198     
  -7.8674366727104102E-003  -2.4848728456435366E-002  -2.2998670148570256E-002
   9.4471423386106910        28.578508464280816        29.376489848258828     
  -3.8598713989389396E-003   6.9021405797666274E-002  0.10584933504036985     
   17.688420737317038        27.756884296656590        23.307008627938735     
   7.5630769545213333E-002  -6.4205598549998480E-003  -5.1577076312385235E-002
   14.221208210153943        14.162820909949318        2.9040318999736479     
   4.2304063281557960E-002  -7.3847263805941116E-002  -9.0998288834093846E-003
   8.4880637829949208        2.6839195555647670        7.4737020295223582     
  -5.1951854354359887E-002  -3.2668318203847573E-002   1.7499684252686571E-002
   28.672440084011843        7.2639211315277521        14.962105171417516     
   1.4812365768279698E-002   1.6086301700767098E-002  -2.2803270006338642E-002
   29.593176101742998        24.282111777098031        24.465416533641985     
  -3.0514031916877198E-003   1.9206445069889295E-002  -5.1041758644314074E-002
   16.187362332323204        6.0080380797506461        26.291228587762024     
  -3.9546489753262484E-003   5.0712229864991611E-002   4.4535071312891465E-002
  0.80175514384617330        5.8713462873110922        7.5715871191633841     
   7.1666965347726125E-002  -9.6802648841914807E-002   7.2819196078161674E-002
  0.76308538676692828        12.278571589228894        9.9728441149209992     
   4.0751566530503732E-003   3.5411544963589753E-002  -4.0562958944194503E-002
   15.135691102578393        10.053181088220388        3.6993418671940512     
  0.10396052847354520       -3.3928197029148115E-002   8.3142315318918789E-002
   18.481794648771931       0.83773387615693340        30.136818863140739     
 -0.13551648389344209        5.3443067750656569E-002  -1.0143246625554631E-002
   13.967310444719319        15.346761871188841        28.808071147989615     
   7.2226756279438031E-002   4.0347995946291973E-002  -9.0452533740366631E-002
   2.7882115988969867        10.237611462117110        2.6054638856733461     
  0.11716871887169830       -2.0179930624853990E-002   7.6617931039597700E-002
   10.935401907916818        1.7961462599561904        29.509213121207267     
   3.8385640337257172E-002  -3.3558526216927252E-002  -3.3981870502437533E-002
   15.045730850939835        17.993284010393250        25.181171261118610     
   4.1587332769975761E-002  -4.4638971047100205E-002  -1.7946127485112279E-002
   24.282590397634806        14.902025205552508        25.616590212933836     
  -5.9838859614640492E-002   5.4229996092369309E-002  -3.2279549760157455E-002
   26.499615637050475        24.355698437373938        15.214243763042608     
  -3.7072420579882409E-003   1.8479938113053467E-002  -1.6676498347726547E-002
   8.1212161605278634        4.2571402750274565        30.371059106306586     
  0.10238618395613906       -3.9867078439433143E-002  -5.1679886255701239E-002
   1.8619475402790127        23.462824545125436        20.084401619386700     
   1.8012765469376014E-002   4.8125276120697898E-002   5.3956114427847632E-002
   23.612111408743097        26.878550201397420        26.415851203830950     
   5.0431693386972370E-002   8.0443156406672461E-002  -4.4121756183875989E-003
   1.0510232371434980        4.9910005430048630        14.335117989627951     
  -1.5149208132443697E-002   5.2469658896725821E-002  -9.5564927143775208E-002
   11.589699615125356        20.798520569468586        20.515337001258526     
   5.9213800173226770E-002 -0.10965847076670368        1.3850282249693351E-002
   1.7112387759059586        18.190134191171246        4.3955396683875643     
   7.1238197348624507E-002   6.4801060285985630E-003   1.9919465086976257E-002
   15.064616053123020        12.219457370060127        30.437598652759991     
   1.4067968431114342E-002  -4.4703241413592026E-002  -3.4625035532165525E-003
   10.205558824944660        8.6863262114517834        22.384478549715809     
  -1.1226877945851548E-002   1.1681422571154244E-002  -2.8317126754163025E-002
   19.298401412994924        25.760786367357301        26.195788611019648     
  -9.4879143578262565E-003  -9.3663939589124483E-003  -2.9980297822869387E-002
   3.5976208278015571        6.9342930626401600        21.797948515017627     
  -3.4867550803955281E-002   1.5956217591921111E-002   4.0534460318435522E-002
   11.689259147228970        15.383153338277578        6.8344722596120855     
  -4.9554397989263171E-002   9.7939283654978657E-002   2.6108589172704120E-002
   10.559033723498047        7.8101497722303712        14.444441039521651     
  -6.0308665730360329E-003  -3.7831046506590894E-002   1.8496582531371106E-003
   24.531443254724227        20.553646798430869        5.6251237679889599     
   5.9905019311058731E-002  -1.6793972944205763E-002   7.8213407827117151E-002
   21.552218564576322        2.0578202299184754        2.2628106306683065     
   6.3132263842271621E-002  -1.4556192132594063E-002   1.0562483249754871E-002
   24.513708347931225        7.0673957907099521        7.6370634845238641     
   3.7749201389099700E-002  -1.2912043422291240E-003   1.0476677043077922E-002
   20.496529042118539        10.645991789908861        1.4367606449287260     
   9.6808461851189090E-002   2.7308502484109015E-002  -4.2300531275803396E-003
   26.610812188853284        6.8725896319360569        27.691613983043773     
  -2.8345880335020491E-003  -5.4755306344991282E-002 -0.10055494252861459     
   27.060366826383227        4.8915958531066659        24.777571356460960     
   6.9421607100352391E-003   2.3619427240372033E-002   4.5910574804504320E-002
   21.651723508378765        17.222535193594858        17.169115690078861     
   2.5220844426353313E-002   6.9394872168338090E-002  -8.2475458487767730E-002
   14.284251732969985        2.3825427072983154        10.290453361863744     
   7.7818674960897696E-003  -6.5135210828839191E-002   4.4449297784917415E-002
   28.343298432135452        1.1329314672655846        12.673932195367710     
  -4.3827404690162733E-003  -1.3088075401244926E-002   1.0577458737204224E-002
   4.0228304293843653        12.375549599676308        12.305476008221463     
   4.4317996889167550E-002   3.3995731639388967E-002  -5.2228130210704792E-002
   17.246733526933806        30.188632608944047        4.4396765291980627     
   3.8120237399507734E-002  -1.5299805019905627E-002   4.1388829436676149E-002
   7.4535007695304438        3.1340586722951143        3.4673691511112099     
   5.1775238052914084E-002   3.8602116847308021E-002  -2.1228899482949386E-004
   23.861723599034487        14.992457254928539        11.984872936701352     
  -1.0077586260784494E-002   3.8555804462623612E-002  -3.4930218723301029E-002
   17.391136811038784        20.407114176782574        28.383459868028005     
  -1.5290545248659410E-002  -1.0955592856385313E-002   8.6172035892178062E-002
   4.9798203703966895        30.247190744257331        20.778999540463808     
  -4.0734109953722779E-002   7.1518328278548815E-002  -2.5319927052180894E-002
   23.563729470573101        4.8426927452939239        3.4566328940892754     
  -5.6740144344963925E-002  -1.0604971977734414E-002   6.2466678513497381E-002
   29.177171666781753        8.2858658114388373        3.5564440792874419     
  -3.0608664374290492E-002  -2.4854710120077807E-002   6.8008652803537961E-002
  0.58175432090135493        23.123908848770988        17.090755955793004     
   3.0782510060674749E-002  0.12877611679862913        5.5052272615781384E-002
   11.228624802834196        28.332129674485870        20.473984503772744     
  -7.7824226764499072E-002   5.9889967190599339E-003  -4.2145519370112058E-002
   1.1912507251735953       0.82525416986914280        14.719505117609572     
  -1.9079502691310188E-002   4.8938328806359968E-002  -6.3304945553700448E-002
   26.081035408028605        27.351985338661436        6.8727880607394258     
   2.1381917544096345E-002  -5.8484158201517492E-002  -1.5990191696544451E-002
   15.399215034751581       0.43806164384090807        20.407721648555274     
   6.1979932661084508E-002  -6.9633340374518557E-003   3.1179568210902158E-002
  0.56950737845630828        24.768694087348862        8.0800441375941734     
  -6.6310621970031250E-002  -2.9966107508857490E-002  -2.0019503438203193E-002
   17.568140752736696        10.056844639049809        7.2941621818044178     
   1.0181456389746621E-002  -2.5509080989990916E-003  -2.8246628965687373E-002
   5.4254826644501266        11.130177116481777        22.778845490623191     
   1.0445862882235471E-002  -5.4905409800575379E-002   6.9228214532127495E-003
   8.6858681431368634        14.173832755009290        5.1983527833409013     
   8.7314908135126698E-002  -2.0011876368610668E-002   4.4147383080573907E-002
   26.612605215813019        20.687906695769122        29.701313311847684     
  -8.6382922448685236E-003  -3.7394782595338828E-002   3.1521802310141483E-002
   4.1826820633865447        18.176931566971419        16.874086560279544     
  -8.4899817792439512E-003  -7.2474092056884182E-002  -1.0829117647775917E-002
   27.921785148522069        11.524014023055265        25.454385289796761     
   7.6049034440612354E-002   5.0297002329969732E-002  -7.8378745156745880E-002
   22.324319075386693        30.119344583892683        17.624165621938072     
  -6.8854352786571316E-002 -0.11918137086449138        6.1435998472586850E-002
   2.5780919476936708        22.579336478360396        23.584678581055122     
  -1.6861909449591306E-002  -5.2595536538586219E-003  -1.4864563849529180E-002
   21.069510945115798        30.420378505919757        14.013527231256720     
   2.8817455970252476E-003  -1.1383309697855464E-002   3.1059046448461403E-002
   24.016803363362506        28.293725599538860        30.390698377987025     
   3.3844597353202381E-002   6.0046216408237311E-002  -7.6307957432916448E-002
   10.279171051488124        12.189417767525697        24.404022834671967     
   9.5437426297712125E-002  -1.4202566206779777E-002  -2.0108869914833565E-002
   23.377685872506767        8.1968070664725605        28.085101352051058     
  -7.7781462724942144E-003   8.5301830672364787E-003 -0.10741513838591531     
   29.431396023217054        15.475470775873610        2.7517400796337097     
  0.10527020841113828        8.3025019785234647E-002 -0.13197948962010764     
   15.992930498197710        17.800728622290404        11.815249282959174     
  -4.3614948366853680E-002  0.10930040356589564       -5.6797875500621785E-002
   1.1626829452202243        3.2558623941834823        3.8133876749747020     
  -2.2275553704836790E-002   2.5918996410376167E-002  -1.7154922003525742E-002
   2.5473532163665769        16.516121800823431        19.352607920211423     
   1.9992709621049334E-002   2.8739345239850184E-002   2.0454944589620282E-002
   19.127459208817477        5.5545600129065109        6.7330163906735772     
  -2.8567565520317112E-002  -4.3506112163885627E-002  -1.1875561465273644E-002
   14.152298298137088        11.960870812370468        18.473129492670861     
  -6.6566456228191800E-003  -5.0317014785781732E-003   2.1263508235676118E-002
   25.787300865822630        17.546642756369334        2.1588546461864322     
  -4.4730564658213852E-002  -3.8852569883782329E-002  -1.8077648487975741E-002
   14.336070706780832        21.648136931383647        26.457862815332671     
  -7.5180129771339602E-002   4.9234212142924547E-002   4.3625099310294043E-003
   1.8374236274680955        5.6423293296954755        10.924368061024715     
 -0.11389535020080810       -7.7804561607870250E-003  -4.5120362378357301E-002
   12.507552416483806        26.293036472912394        6.4814953750536641E-002
   3.9196382909101983E-002  -2.4357352717545414E-002  -9.0198891991451327E-002
   4.0188863191133573        24.986991559304805        17.054379955881380     
  -4.4962003306280279E-002  -1.9673661378931300E-003  -6.9633329639453775E-002
   4.2704438324883167        2.6728222739590173       0.40352228602715323     
   6.6109428898595390E-002  -2.2859473456669232E-002  -2.5628599530438681E-002
   2.7432821371402261        25.182224085111841        25.804281480238423     
   1.3114140818832611E-002  -8.6224111364294989E-002  -6.0616321231667616E-002
   8.2506006010017288        12.842521770891594        8.5653566014409996     
  -9.2554792866590633E-003  -9.0567571418443377E-002  -2.7104071407664177E-002
   16.879913459563060        14.293812416327114        14.146090964579322     
  -3.7820435608076991E-002  -2.9333415131003990E-002  -1.5736257418554212E-002
   3.2924596324102962        27.400499324702299        8.1375571314454778     
  -2.7209327548436444E-002   3.5361383335131356E-002   3.2995307186277794E-003
   11.484570779225066        29.131341869088793        1.7619786090373346     
   3.1003018482811378E-002  -8.5223583147418333E-002  -5.0088254197358247E-002
   19.284582575021975        23.342067656230139        12.941226196000777     
  -3.5391001805194229E-002   2.0007900655556399E-002  -2.2397155848602635E-002
   30.720545354160137        10.026446770542250        6.9027138930565046     
   1.6870053821297328E-002   2.7718188662243973E-002  -2.4881983094239963E-002
   18.300718160176384        16.556111993384775        5.3817578079191035     
   1.4938619289934982E-002  -5.8597059695479362E-002   1.2062553007696347E-002
   29.593347422018592        28.652973000195701        8.4009652732274880     
  -1.9637434091648347E-002  -6.5047585036281108E-002  -7.6369790937171125E-002
   18.305144578433762        20.425997934474822        22.458188568265314     
   8.6664351906285977E-002  -7.4449323142508517E-002  -2.4002804018449689E-002
   12.712472232490281        4.9610056767966144        5.0118346187986518     
  -3.3314163856694194E-003  -2.0813873230105223E-002   1.7357713406912830E-002
   1.2530340605430308        30.205120516358260        22.208111699142613     
  -3.8970517622334923E-002  0.10751167263703321        4.0272204693301707E-002
   14.623507045198004        8.6836872376062537        16.617038298465651     
   9.4594393368067298E-002   4.3721146871221958E-002  -5.7500162093311623E-002
   14.845137345885128        30.167127353320105        13.044217821154312     
  -8.1774382649363153E-002  -3.9444279043658402E-002  -1.7560377796771290E-002
   29.785191362542449        19.950269036160250        2.7341780634191530     
  -5.7587866688968488E-002   9.1029193838187111E-002  -7.7420437939639736E-002
   12.584310346575469        14.684521391399727        24.997965456248686     
   1.1910966265199762E-002   2.2760425599639505E-004   5.6870904214008637E-002
   6.8371540403980751        27.407928335940255        10.518319331808566     
  -5.8816359898696075E-002   9.8934453952077318E-003  -8.7606177668946073E-002
   18.380049839549102        18.843280098460554        18.824120121391697     
   3.2854618885678095E-002  -8.2472019123337167E-002   2.9035429021564734E-002
   22.248589559019113        18.882533986547177        24.184205089052778     
   5.1307251995181075E-002  0.11828082836012822        1.7505368367189376E-003
   13.166821274937643        29.649370941792856        5.0426248476975681     
   6.3666567930757048E-002   5.6652505614381350E-002  -3.1864888308701558E-002
   10.560612928923605        20.787323374659451        16.538207412196265     
  -3.7686712593393464E-002   1.2882033294372795E-002   3.7451227819952478E-002
   22.091116376658860        4.4898997023602520        30.323725103011220     
  0.13864018019445168        2.5267290666725634E-002  -9.1127028385901490E-002
   7.7164392686518388        25.473362038796669        17.222677995869805     
  -1.7733315944581787E-002  -4.6249812045931711E-002 -0.13975495886662662     
   17.244978255237079        10.436197658935724        18.765191793815596     
   7.9892115657680743E-003 -0.14050695885360834        2.4268449325297876E-002
   22.152935349110077        30.223711478213943        26.174945621631135     
   1.0329443166192370E-002   1.7409467770285920E-002  -3.2800251554590105E-002
   28.606512713082914        20.871929038006481        15.016686906235934     
   2.9129816874273927E-002   3.9031134548387345E-003   6.1903919498326979E-002
   21.560915881802860        27.287256459319224        15.889578177417608     
  -4.4094849977663858E-002   4.9872972392337733E-002  -6.6475188803718693E-002
  0.63360616699389638        29.840140049704999        1.9869404650597460     
   7.6324004254412206E-003   4.5448834757589381E-002  -8.3111249901843993E-003
   28.524289075550143        5.3919940020377117        6.3440571379469555     
   7.8759210678163438E-003  -8.4359662686332909E-002  -1.1996794760238846E-002
   7.5501921640660523        5.4907802074122296        14.593812515916019     
   3.2804931918877012E-002  -3.0999861448718379E-002  0.11929600055811876     
   20.115862177919958        29.631833098475813        2.6318183092096405     
   2.1760108983023243E-002   1.1690280660472717E-002   5.8791444153862898E-003
   26.394175265132009        8.0904788219688886       0.88754839324757950     
   2.7845524044039019E-002   1.1158884971271814E-002   3.6529215535860112E-003
   16.519367423648625        6.8662224643952765        4.2921238562912594     
   1.7055747680301887E-002   4.5124275064793773E-002   7.4820996395568579E-002
   15.954499863204157        22.602081140979152        23.374724576983112     
   5.4038972879264985E-002   7.7071767819349463E-002  -4.7581989085457743E-002
   29.610073568045149       0.64642518334189158        4.7827172967197162     
   6.8407243625774397E-003  -1.1449389355588580E-002   1.0269586124042523E-002
   4.4421115213933542E-002   8.8382422723762346        21.880231960556916     
   2.8285512592774450E-002   3.8656477360741917E-002   4.0923009223669440E-002
   17.652971090380046        10.048535010210145        15.492856277889397     
   5.9067390878617676E-002  -8.1051768517373862E-002   8.1436001133313216E-002
   8.7609617874344057       0.15207673018015705        19.075105833910794     
   2.7604831528692909E-002  -6.5546818633633042E-002  -3.9101684702652136E-002
   5.8535345310867530        1.0083106410614708        8.3256334255173954     
  -2.0578901290497043E-002   3.9997056063081262E-003  -6.5086288505155063E-002
   10.318400846900833        28.048697608920829        25.139985991754624     
  -5.1309447933324676E-003   3.2252190459392448E-002  -2.0566780047133876E-002
   21.836139737232713        29.268486035162937        5.6638340775344655     
  0.13350387723383200       -7.3148305452767556E-002  0.14071853528023190     
   2.2174846823430121        27.801144968902477        14.733396596425163     
  -1.5488288927492736E-002   6.4366668370625060E-002  0.10562473782331472     
   23.410164464244517        23.375409585353069        13.158650670074378     
  -9.4484772653291513E-003  -1.6850782708151515E-002   1.0127788458347602E-002
   15.360446004554175        12.995448949874927        6.1002142466177594     
  -2.5330924520320382E-002  -3.5116510504629168E-002  -4.1676717545335265E-002
   12.650605326201383        30.102908656426727        17.544653612372123     
  -8.3735040037659303E-002   6.8048555822220316E-002  -3.7261975447217051E-002
   19.349558070569621        21.777157472742889        25.697761550857877     
   5.9561669477293508E-002   4.6181957011004549E-003   1.4872563220455957E-003
   8.0614710661189335        3.4716130663113418        26.599283144032867     
  -5.6408485829888763E-002  -5.0748661108861393E-002   2.5568768802673603E-002
   12.945810640348126        23.641432416640463        21.359205927894443     
   4.5095952801464396E-002   9.0561208498591728E-002   4.2276072661112229E-003
   10.892885551238484        14.416413120814573        1.3448500823150984     
  0.13171772976216303        1.4095742430109769E-002   8.1250286458959514E-002
   10.690316080481441        21.789102230624103        25.277248826194629     
   3.8978829845846830E-002   6.5901650327426925E-002   1.5446422487085866E-002
   25.139783375048452       0.99147589193732644        23.368032634878745     
   7.3310678775189334E-002   5.5835289443021130E-002  -6.2606433532705244E-002
   14.369183616615874        21.000484466917424       0.93565095831622813     
   4.4488900256328678E-002  -1.5776747589091290E-002   2.5129373764515704E-002
   24.162952626763236        24.571054280183525        5.2308044932560964     
  -8.7055992132615126E-002  -3.3532847083167380E-004  -4.1176854695971016E-002
   1.7299972321264339        19.070517434225941        22.308543950047305     
  -1.8376692181976673E-002  -1.8105117352986429E-002  -3.9173469615023668E-003
   26.973689940706166        17.210540139780711        12.529480032045621     
   1.6545805698618594E-002   2.2689631051917861E-002   4.0675217995676263E-002
   12.626983670421987        24.685239455294511        17.982700248312291     
   2.2078065598748642E-002   4.4819729595514904E-002   2.9585771321904559E-002
   9.4855379271078260        29.330341206418840        15.954150679556387     
   4.0059830636020050E-003  -9.3486566998254264E-002  -5.1867274693939642E-003
   30.238832939604681        6.1378246650755734        19.500503743425053     
  -2.7676901379574282E-002   3.4859365355059693E-002  -6.2370352909759307E-002
   29.146024602595936        15.801549756016490        27.795350121516869     
  -2.3264266600037269E-002  -8.8392684456220713E-002  -6.2636174551206026E-003
   7.1125631224803092        22.044044665761792        15.937279563253867     
   6.5297672922156352E-002   3.4263829946626981E-002   1.3967625616390174E-002
   19.813382220405302        2.7163775070662606        26.778964198533085     
   9.7353376676595091E-002  -6.5940910089457488E-002   8.3756363644354029E-002
   13.335360396286857        27.343642760183101        27.226012994500117     
   2.4669559395151565E-002  -1.4511221300850250E-002  -2.1968337499216968E-003
  0.24353452474259266        3.9255348806895749        22.947580411865740     
   6.4902552251465781E-002  -5.4105962837368354E-003  -1.4693581134222748E-002
   14.610478387171684        21.203131178476184        11.398808557527214     
   9.9139666285295771E-003  -8.5293860318500572E-003   4.0915576912348720E-002
   21.866283751051377       0.78486753713062973        9.3496952127919606     
  -8.2819168450057823E-002   2.5755360824390012E-003   4.2779731803295196E-002
   28.902088519737323        24.212431026152800        10.849740587983897     
   2.2677215803941310E-002  -1.2835166102567012E-002  -7.5682700866145369E-002
   10.193560593169263        1.5699857143666216        22.839342803552306     
  -1.1428578320521066E-002  -7.6129125459106370E-002   1.4642232581193626E-002
   28.396734823342367        22.396080110099486        20.980972198487155     
   5.5705223602890902E-002  -1.6809333277844733E-002   1.3719607973795863E-002
   20.670801762678021        14.051327496041802        13.470122749755783     
  -5.7318856025929683E-002  -2.6036857515122018E-002  -7.1985007660152797E-002
   24.189645640494678        28.330986964349162        11.950577183632046     
   1.1587306401935500E-003  -2.6024124841556241E-002  -2.8924602152682031E-002
   6.2798276150026497        10.505679658971269        7.6693964764061002     
  -4.1884852314150178E-003  -4.3903294492046746E-002   3.6973098957028598E-002
   15.224168376380955        4.6238705827351838        30.216159815006947     
  -3.5390057755148030E-002  -5.2239703738505554E-002   6.4646600459393230E-002
   12.498757618945065        24.536535905376819        3.7769423074964674     
  -3.5775900063560837E-002   2.7093956272832273E-002   4.8382185825484834E-003
   25.949789018476991        28.985047733481206        20.495228129742014     
  -8.3213593319038159E-002   4.3186978819889033E-002  -1.9200135926099073E-002
   10.865925119523224        26.147507088270430        11.457856953124017     
  -8.5324348631123370E-002  -2.2617715484564175E-003   1.9641489387537330E-002
   10.336306470970911        8.6034799023238193        9.7192103115642912     
   1.6818549447023563E-002   5.3136743820520735E-002  -3.3507805189823874E-002
   27.478880087771731        23.229472723198164        1.8882687031362000     
  -4.5709468145583035E-002  -6.9041218983309796E-002  -3.2666069531582305E-002
   2.3697250589492773        15.850368985544391        11.513774934715416     
   2.5790564557974655E-002   1.5918177828543371E-002  -6.5568570843422713E-002
   25.652074118967430        4.2114412151888860        30.157482119865950     
   6.9257071032737885E-002  -7.4222587588949770E-002   3.3982275774774758E-002
   7.0722153707231525        27.581976747920763        5.7873199887411673     
   5.3667420273444212E-002   4.1075147373932773E-002   1.4126071810625791E-002
   28.263078075551743        11.652838165124733        3.6640961886114418     
   5.6334448171670812E-002  -5.6989601629416950E-002   6.4212880267586925E-002
   19.222409627422739        17.023742969402537        22.924475798770924     
  -1.5741799260724791E-003  -5.6864780442437479E-002  0.12162605703332273     
   25.347172637512550        13.640780310284189        7.7125057625870381     
  -8.4145757690190684E-002   1.9770212990855469E-003  -9.8961840375627261E-002
   11.527409991570735        4.9011623244700919        9.0185095482329434     
   1.8011696717264637E-002   6.5036382963668017E-003   2.0687222117825470E-002
   2.6790243744800573        14.643578200833289        2.9973119345634607     
  -1.7772436046067312E-002   4.7360863277884017E-002  -2.5170191724918779E-002
   16.296804841250946        24.627027915234294        27.410931811605280     
  -3.0346316854467918E-002  -8.0762233078352300E-002   4.8195888860650127E-002
   2.1066207440657543        22.326513415364651        5.6134197058885995     
   9.5995351560361972E-003   6.5773312122364841E-002  -8.5953385990085993E-002
   17.216597003803059        28.587648202315574        27.186296147475758     
   9.6282735775465977E-002  -1.4474789328392527E-002   1.0235660053692166E-003
   13.559566257173113        17.538869204638960        14.216658249612232     
 -0.12570659722906907       0.11954673897797649       -4.9950430610376809E-002
   22.140545088036593        23.551836621167620        25.237676905434775     
  -5.3504115007141518E-003   2.6950021303045659E-002  -4.2122573374368645E-003
   4.8729307885118844        5.4528580032854643        2.4387515314486867     
 -0.12514778425938050       -5.4560566073754736E-002  -3.8928108684219680E-003
   18.954676985516180        24.448885064606198        22.457361227956714     
   7.0581270342021149E-002  -3.1324014164000227E-002   9.6321419966092281E-002
   12.263766602287722        10.119129407396183        12.731142919348711     
   1.3557400882469803E-002   4.9011465858056810E-002   5.3526666556601495E-002
   14.558219993947356        17.532358593009924        7.1995472944877257     
  -6.2178429884431313E-002   6.7387447715001741E-002  -7.4423429314004419E-002
   28.653879889106040        26.277255852787743       0.43716658881709286     
   8.2833051935309779E-002  -2.2115350433976937E-002   4.3325889970014554E-002
   8.9698226489607418        11.594259225159336        15.711265073247915     
  -8.2874286324007597E-003   7.0906635932988876E-002  -7.3053037708196615E-003
   19.012465729273121        12.078410331499080        21.635998094043845     
  -1.3172322145700719E-002  -1.7419731254007093E-003  -3.4774012352226241E-002
   8.4569080552701070        23.397505505780558        9.7649826364911387     
  0.15577680551628814       -8.6049157497676304E-002  -3.7418762477533341E-002
   6.5220132126673960        23.446505584556906        12.770944412648458     
   1.2222180359714126E-002  0.16792559472561353       -3.2264265950011424E-002
   22.219096329569396        7.9642268632601594        3.8194128852105687     
  -1.3101043603124410E-002  -3.2822906678642523E-002  -9.0890743273658578E-002
   12.435343091830296        18.202549734483252        17.594726778597430     
   1.5033200211957084E-002   7.1562129879217132E-002  -7.2169431039187298E-002
   25.738501481389083       0.40415112439726342        7.7111249758497653     
  -7.1946116505748878E-002  -3.9766812598044064E-002  -8.9639449957954712E-002
   24.800417018305893        25.082593893190637        10.689573436601430     
  -3.4916815675176860E-003   3.1684142956885597E-002   2.3384791499988636E-002
   14.977118971869224        27.018006506574565        20.491814456418858     
  0.10073422811639554        1.9493594462339603E-003   6.7947659957386830E-002
   15.740145218184020        30.693139219987543        16.648262285660625     
  -3.7853402337581804E-002   6.9920988516314906E-003   3.5389361445415288E-003
   10.984207923864597        17.468183178790440        26.624113516179175     
   2.6068460704441038E-002   3.6234022624964141E-002  -1.1004471589604480E-002
   26.188314019024283        23.983970005901217        28.999935101684859     
  -2.1814302970325473E-002   6.3582149369621324E-002  -8.5423828902662757E-002
   15.607046320464995        22.025198057827907        5.4327229291382206     
   5.1218094841563089E-002  -1.3665365756124651E-002   2.4530755920285762E-002
   12.413294408448774        23.402289520959034        9.7741062219594532     
  -2.7601317763671075E-002   2.5740098143385608E-002  -4.7912620585739883E-002
   21.408739488306605        11.132735945682594        5.6306857103051895     
   1.4813023837887070E-002  -5.2977745832424289E-002  0.10750554028319163     
   15.410232828916536        25.732958578003295        12.427036496849770     
   2.4782767291455506E-002  -4.6758408133560553E-002   3.0179955505970923E-002
   20.484785973653548        8.0095245678446894        21.381193649228436     
   3.2571889934053452E-002   2.9746734514485302E-002   6.9582563229005828E-002
   14.564930958090164        13.416570103549390        11.182309874508597     
  -6.9355832199179318E-002   2.0880879968830871E-002  -2.7332829435157302E-002
   16.742299313213351        2.3285698688940291        14.503464802244663     
   1.6205773839922073E-002  -6.1563283882453109E-003  -3.2866801208169330E-002
   27.229743086738530        27.877485533103574        13.798566496741905     
   9.8929423690333515E-002  -2.5420145956916291E-002  -4.4986500031327613E-002
   19.348918659729058        18.067482565493453        1.3726455354819476     
  -8.7104708582106422E-002   1.2685466117239790E-002  0.10923983599282520     
   4.9539155962281489        13.720467048810240        28.210353043613157     
   6.9475178290605150E-002  -3.3808353997193549E-002   7.5994038567147660E-004
   25.008923912888019        27.312056616578850        17.518772487896793     
  -1.1431413072827188E-002   1.3916330060979654E-003   2.2914457250043180E-002
   23.388226648853198        11.628013158805331        13.648834941534620     
   4.6431996128128053E-002  -1.4680573346604602E-002  -1.1118540882999698E-003
   20.643943325931293        18.985514914367890        27.228962761023187     
   9.3053499626793074E-002   3.9575037437073718E-002   1.8774033703288046E-004
   27.434833525134927        14.424676477435442        17.203950384023660     
  0.13051477724072344        2.3746878736789108E-002  -2.0643532556804300E-002
   5.3665422588745164       0.36881052890487998        3.5827465506316254     
   1.5345134606210441E-002 -0.11204992536771105        1.8504290442437468E-002
   21.497951813720409        15.567897808978715        9.0414266299591066     
   1.7065676379192897E-004  -4.1442972376106939E-002 -0.13683253259713690     
   2.7167969208715332        19.963387480520094        11.177166430845386     
   6.5883681673293365E-002  -3.9122001241569247E-002  -1.4588871558290268E-002
   28.554307599419186        24.068745679638855        5.2545315566022284     
   5.3489263719692898E-002  -6.7606470186993520E-002  -9.9424730428117392E-002
   14.252363669086366        29.896167373309645        29.862023409730888     
   2.1804495134236188E-002  -6.0804668099943185E-002  -4.3917428366703481E-002
   6.5649243589570974        23.221338174859824        21.875157190062044     
 -0.11611232365512283        3.2950827782979787E-002   1.3762986446571887E-002
   24.887971940693991        20.143615251311626        12.846994024069131     
  -7.0533804975782613E-002  -2.4413387538515623E-002 -0.13901139495264281     
   8.3389025367250422        9.9162451783589347        12.625923941868436     
   4.8450729564084409E-002   5.7306638335115491E-002   1.2062813107298821E-002
   11.261335790419995        14.724319992209175        17.807174687730903     
  -3.4879140651835894E-002  -3.8723698548318752E-002   2.0139536067969258E-003
   23.099357708827863        25.109376272868765        29.087140254662682     
  -1.7381757683288649E-002  -5.0509468466346318E-002   4.9178577937004114E-002
   5.2531215906891831        9.1475683120222548        17.460192253850643     
  -3.1424789144646359E-002  -7.4295389869992977E-003   1.8744518394163877E-002
   8.5200932381117145        14.897783776345435        28.896044890218501     
  -2.5527860211312779E-002   2.8199616452679984E-002   1.2150046131425639E-002
   24.962166592842895        8.8061248660293003        24.282729250407293     
   2.2324546226158690E-002  -3.6321471986717264E-002   2.0227458735348074E-002
   11.980613704775875        19.667821187353880        28.635233959806797     
   2.2542640857044757E-002  -4.8810697015475045E-002  -8.0913335468490218E-003
   18.003442507628257        23.229745780753344        2.6800603742421929     
  -5.9107029143011056E-003  -6.4809381104179616E-003   2.3096337864261335E-004
   15.003692230687873        4.5533073590551050        17.404572387072356     
  0.15240972398560251        6.3003086554545715E-002   2.7682345936350612E-002
   6.1235386805204213        16.224321173609130        21.707439541740357     
   8.3619035857326163E-002  -2.9749111937785823E-002   6.9651278537021530E-003
   12.807551859740364        11.569366288040657        7.9300269303591637     
   6.2003235618922188E-002   7.4703129281248670E-002  -9.5424332713655250E-003
   17.478592055066979        20.741344450884576        8.1454660553005347     
  -2.9203070817158804E-002   1.3267111806492357E-002   3.5372684118989486E-002
   23.663247809043686        17.289377201358413        7.3756018006874386     
  0.10512202395967565        1.3895548420187881E-003   9.1705255328623766E-002
   22.425987726732505        13.220425978903419        19.378153647457232     
  -6.0018097485697773E-002  -3.4546789539940288E-002   3.0624254495014443E-002
  0.94978984573603931        23.589576173710586        13.414352313382363     
   9.3326457072068755E-002  -7.2047302142500561E-002  -6.5856286948720019E-002
   4.2014320626081290        1.0563905830423448        11.964035747140068     
   8.7138200380629277E-002  -9.1748425887952095E-002   9.9136718852401287E-002
   10.110146890953121        20.941301465164528       0.53295429801900440     
  -4.0483317529459710E-002  -5.0956222766386769E-002   1.0445027945441181E-002
   9.1154144453816759        22.913423813057928        19.117447652850654     
 -0.10189051848269308      -0.23059583241133530       -5.3746310638377141E-002
   28.604449473763580        14.277565977656238        9.1721189006786101     
   7.3165517713072378E-003  -4.8921266585444635E-002  -5.7414345247797254E-002
   27.667101561182413        20.932141955468197        10.481022984594848     
   8.6305579595594206E-002   2.0198842825688488E-002  -2.3013851072844396E-002
   12.635911966598835        7.2031879041321503        19.386662892476576     
  -5.9160037618925403E-002  -4.6806327656476526E-003   4.2971991857462595E-002
   1.8968411836996728        28.957053542108191        27.735220766398534     
   6.6281685186676792E-002   3.3473581988004354E-002  0.14328639295220996     
   23.122304441986341        30.498351605316753        20.790802778145476     
 -0.10215792286972863        4.7416892893352498E-002   5.4056677761280446E-002
   8.1021935333824704        23.712008377753509        27.806537411118121     
  -6.9001529723313568E-002  -4.1903367489800718E-002  -5.6840188311684040E-002
   4.1667469503615404        8.3870707057440743        11.051286130095336     
  -5.5507245166801139E-002  -7.7818167910034229E-003  -3.6060766351450058E-002
   16.043047357298033        6.7870688781969362        19.859626674921394     
  -2.2207446251449828E-002  -8.4541751291271838E-002  -3.1394096038339460E-002
  0.94770201980669611        2.0158503548299382        10.537468310088968     
   5.1167232685348805E-002  -6.3246782862997550E-002   7.7185572578631588E-003
   22.745567474455900        22.579540309488070        16.963098786197691     
   4.1115532746515649E-003  -8.2763403437881508E-002  -4.0508696456338709E-004
   17.210838918708728        8.8117790161816707        10.563990175042498     
  -7.6083483515313632E-002  -5.5651308248440237E-002  -1.6959709619798109E-002
   8.5608185493421747        7.1417743306865038        3.6423471305400543     
   8.6869724891978611E-002  -4.7013349582561079E-002  -5.8466266545409089E-002
   28.210088434319324        19.659945367269607        23.402257344817478     
   8.4353291948866566E-002   7.4630234942714424E-002   6.6173601897401846E-002
   5.4911263177982574        27.027152713660509        1.5669046567523064     
   1.3040373987902863E-002   4.0624169949462212E-002   2.4776215700643329E-002
   25.600342614168074        18.173380454371568        16.349605497682269     
   8.0780260204849436E-002  -5.3883528414677397E-002   1.4604954471200965E-002
   23.629920988909252        8.8761315399734322        10.449595716385918     
  -8.2276000783929951E-002   9.6357035604047164E-003   2.5343607826779670E-002
   17.895845932764200        25.478022868015724        30.629560197985679     
  -2.3118468914508975E-002  -2.1259874444136077E-002  -6.9675559755007027E-002
   4.2741594435205927        25.890822996904557        21.137392631430330     
   4.0975082551823340E-002  -6.7934546080142488E-002  -8.4666323790648201E-002
   17.513998983096513        2.4321814519133862        18.642449888850745     
   2.7933131839425609E-002  -4.0503562261035839E-002  -2.5231608587860575E-002
   25.024937038647572        10.648702251825462        5.6593146430467822     
   8.3043965003084849E-002  -1.2003036736524478E-004   5.4729374114306686E-002
   4.9975445162347576        3.7291122504575620        28.163008430709034     
   2.8384830880007563E-002  -4.9655310068754704E-002  -2.1042293489606682E-002
   13.053238368309341        13.213261781291047        14.915840123280132     
  -8.2106794873487765E-002   6.3978071093403754E-002   1.0493378604157477E-002
   12.307277586843872        17.818575851818888        1.0956544196994200     
  -9.8224297484682407E-002  -3.5379152027194549E-002   1.9380853770951108E-002
   22.560827411664253        16.744888939456111        1.1911358435212784     
 -0.17676865280348347       -3.9276770198599271E-002   4.8576439634820466E-002
   5.2867688369912624        18.015005604573318        2.7375547260674740     
  -7.9485927191710933E-003  -7.3285236763268813E-002   6.5714984550065539E-002
   19.403697996471866        29.113242229401770        19.509393765705980     
   9.9381109272598488E-003   1.6492705226266217E-002  -3.4491219088803385E-002
   12.019364309819697        26.810891550762996        15.452875106429323     
  0.13910058985754956       -7.7242656675799354E-002  -2.1231614197282154E-004
   8.7436733915279810        15.774796027145010        13.621696762762463     
  -7.4790623976486795E-002   3.9014264294761521E-002   1.3677061279164413E-003
   26.221948345683458        24.121929230243811        25.656048527361527     
   8.9347738467375135E-002  -2.1768167337557891E-004   9.3418635371747730E-002
   7.8382774373014534        14.583557102203518        17.472592000773560     
   1.8448245918796211E-002  -3.8118704044861132E-002   2.7341651842646371E-002
   9.1353154330815265        5.0147480201080441        11.526419129307776     
   3.8321788091039741E-002   9.8782608962706825E-003  0.10316003143035345     
   25.085061381368980        21.604816683718727        23.539816687013541     
  -2.3843105834868646E-002  -6.7049617189087654E-002  -1.2693574983159778E-002
   3.0372460236736867        10.205833286479379        19.621072695482145     
  -5.4875567802524179E-002  -8.5640561516085231E-003   2.9877049585430419E-002
   13.909374860668962       0.97201171751543214        2.1267484559079799     
  -3.3993507962515636E-002   2.9754712981470165E-002  -4.8712088796375980E-002
   22.815198447526097        8.1366233062070847        13.820657211078855     
   3.1854429962572026E-002   6.6564985079925381E-003   4.2048891941620543E-002
   26.536295769004290        8.7397073176122824        13.219150000715144     
  -1.9202484051244653E-002  -5.6475050234095485E-002   7.7141650569905768E-002
   27.942291356721221        8.6612599289693328        8.4032822341918152     
   3.8276595652011025E-002   8.3510597405300299E-002  -1.3630757619592546E-003
   4.8680228068481561        14.315938630236975        9.3649335172068042     
  -7.8480223525961346E-002   2.4352938866183917E-002   4.6873913038663867E-002
   5.6041768250211579        29.677865741051733        14.239979314999736     
   1.1054325439007674E-002  -6.0584716694800207E-002   6.2966761990486064E-002
   11.195208404051495        30.452346959805652        11.934275626860012     
 -0.10721265124279787       -2.8208996879299369E-002  -1.8598686955384837E-002
   3.6838129809975158        1.6081770141162837        25.740380206619744     
  -5.6718503068071927E-002  -6.0951019249749903E-002  -4.3545090455172943E-002
   12.279340950211227        25.455715445940172        24.359072856027357     
   1.7012975339404459E-002   3.3439963310992589E-002  0.11603460203200648     
   3.7438183275249468        30.433389551272594        17.102952358509775     
  -2.6923397816209574E-002  -6.9454503866966680E-002  -7.1701757454288570E-002
   27.213529453120390        27.643352964601391        10.068804578162235     
   5.2603406346569494E-002   9.1979616500850944E-002   2.6787202091800616E-003
   25.862511180411943        22.956829605142772        18.584155725243480     
   2.9841240449322307E-002   3.1001488449899127E-003   7.5186724405573646E-003
   7.6677427770620161        17.797849532354466        25.867477837374850     
  -3.0941696528267622E-002   3.2871604648707586E-002   3.4106162301948753E-002
   4.8936245976567365        11.830566458958010        9.1423020675260827E-002
  -6.2971417980005634E-002   4.1353447618540901E-002  -4.6161444138139718E-002
   6.2793491995571200        27.945408175235272        26.735902987300523     
   3.7378828255045779E-002   4.0574281904074284E-002   5.9261583437626032E-002
   18.362063264674102        6.4704431542239886        23.495593665393841     
   1.9317706336474286E-002   7.8277728872315835E-002  -5.0766453826631740E-003
   4.9437546499860057        2.8677107000040927        15.767176060847303     
  -3.4427189045943232E-002 -0.13468373490450972       -5.6912643532987695E-002
   20.894089694355198        24.459610245508753        2.1938064177788235     
   2.2690194044902724E-002   1.2600978507512604E-002 -0.13191836867229031     
   15.204559280185229        26.779114634019084        2.7252727440383304     
  -1.4210253958910008E-002  0.10074271211674758       -5.9609589859883037E-003
   6.5363926190212256        8.7693577125787545        1.2076912070815751     
  -3.4724871400706590E-002   1.1305687834072995E-002   2.7159262316190928E-002
   26.689153363591554        14.908109737213717        20.812606615635374     
   3.8260974173198049E-002   5.5021430295387377E-002   4.4673933204202564E-003
   18.074363676200278        1.8664184238992996        8.8731641618346018     
   3.9935506244194445E-002 -0.10167294622164133        3.2898737145670688E-002
   19.880312497660483        17.773579588586699        11.791522528341069     
   3.9815930830341219E-002  -3.8536823342988797E-004  -4.7114659985698040E-002
   8.6450696001088243       0.23111364567499318        1.5653323508274053     
  -2.8469471403879724E-002  -7.7666646523008327E-003   7.8129324023619259E-002
   12.445167724151705        18.256690700493635        10.615674424211484     
  -4.2870276411141793E-002   3.2768679758956821E-003  -4.3843740046710954E-002
   4.7179804917480626        4.3074844712909224        12.455092277614957     
   6.2483742385091849E-002  -5.7202835902069298E-004   2.1069067199312716E-002
   25.490917429089819        1.1499066195022913        16.461966107907553     
   3.1890686374399936E-002  -2.3986843405492037E-002  -1.1994871734829280E-002
   8.6051190893164851        11.313094713014914       0.18603861144760186     
   2.2196929147079665E-002  -2.1071079684414785E-002  0.10811758550049178     
   20.842920079488181        15.385818535229653        28.606103463346351     
  0.11473156610713224        2.0419183601536703E-002  -3.0245068062332663E-002
   9.3281476651320414        16.958955021560342        3.7035112482112145     
  -3.6608393981614876E-002   1.6419714882358639E-002  -6.7191898700895729E-004
   29.038906269986814        7.4283393527702222        25.122447398231380     
  -2.3228766123602113E-002   4.3444974352725735E-002   4.9613541081562136E-002
   8.6154014642535746        6.6627250478211337        17.851442667472668     
  -5.5424322545875468E-002  -1.7534814774298013E-003  -8.9195817193493912E-002
   3.4013777244394867        23.204214335377262        8.9267824043789723     
   1.0183672130899084E-002   3.9883775971895748E-002  -3.4672155202223984E-002
   28.605806422611629        6.8061118193491241E-002   20.391886806475519     
  -2.1472358937068631E-002  -1.3598310664337199E-002  -9.2575104291253471E-002
   4.5891356374757351        5.1567112222907987        18.283259162459526     
   1.8448480648958352E-002   4.1928860198794729E-002   1.9750934060923708E-002
   5.6930512245023390        23.987416997684139        6.0941565307179859     
  -2.6882475347023930E-002   1.7691855642719887E-002  -1.1738035081536142E-002
   3.6415926026141099        11.599828659530431        5.6467335471347946     
  -7.6536582112506107E-002  0.14496834028362413       0.14266835958195892     
   13.049142304751765        5.2054904639630015        28.067779412357137     
   4.8651255116595439E-002   6.7758314056507993E-002   4.4149159399916524E-002
   11.942276160685365        23.192309045510289        13.998723424952807     
  -1.8577909944400704E-002   4.2647832327661200E-002   3.1451241136072672E-002
   8.0111797193376848        6.6386800960449346        6.9936804729001336     
   1.9612920011331254E-002  -7.3867412550962325E-002   9.5308337065767006E-003
   26.520108811957307        4.5803358802098852        17.839547772082756     
  -2.1213589574609237E-002   2.7166199081546149E-003 -0.11175022695882790     
  0.12346447029367499        23.501538982133692        2.8118368193885050     
  -8.1007401428676490E-002   2.2277557419076940E-002  -4.4111558091282928E-002
   2.2989294718137061        7.2653550708004184        4.3608163594963711     
  -7.1491640819036154E-002   4.6716926344316401E-002   5.2433611153298497E-002
   22.319318487569213        25.245011507719394        18.996342155755212     
  -8.2220351595148317E-002  -2.2454591925925020E-002  -2.1979052700675999E-002
   19.788991641199935       0.37712874692919124        22.604903819481184     
   6.7105938540561938E-003  -4.1941916437228374E-002 -0.10339050030686245     
   28.802440101674286        1.8577180777645286        16.281672956925913     
  -5.3133583802650423E-002  -3.6989629751660439E-003   3.4827386460155187E-002
   20.563749754536847        27.571721728136062        29.704173807049088     
   5.3644260095877978E-003  -5.4401081199700312E-003   1.0937447678814986E-002
   18.043549408276231        20.138484053133517        13.798417091996047     
   2.8480044754386528E-002   8.3819237557591256E-002   1.2633046045655259E-002
   18.440484639257800        6.2711429561899417        15.139546431996568     
 -0.10112731761907652       -8.5546945626435861E-002  -3.5701833467853300E-002
   27.941433917434075        29.530097918545486        29.718588588054093     
   3.5063646259219448E-002   1.2935593033552906E-002   2.2695984077775479E-002
   11.232077809294854        9.2935468119915683        2.1867318750866804     
  -8.7713764537962740E-003   7.4669143042440836E-002  -5.8643368115834468E-002
   24.351967995709522        21.653582218115670        27.365116562522591     
   5.0553356279772026E-002  -1.1817769890602020E-002  -5.0408012896544577E-002
   28.294715685770424        10.753047647217706        11.075130359118608     
   4.4512276199749026E-002   5.6598033251843746E-002   3.4058177974739721E-002
  0.78404172814877260        11.344525021514892        24.814669181337599     
  -9.9393932165593377E-002  -5.0346807185428062E-002   3.8293957227005189E-002
   3.5857406051712530        26.051972115258206        11.726786975004730     
  -9.4872984558929396E-002   8.5914093751872075E-002   1.3311129059351501E-002
   4.8443591747929542        19.788782168735139        20.905896047145490     
  -6.8857172012391873E-002  -2.7239973890596549E-002   6.0963375984514311E-002
   23.629101196603337        10.520584514105289        21.331290521515864     
  -5.7658576414745359E-002   3.4809960592568717E-002   3.5133928834760693E-002
   1.1565866065318637        13.633794015512933        17.714439790946880     
   1.1565115162489375E-002 -0.11796645462299840       -4.2967539126347626E-002
   20.677505015745396        26.969951149928931        11.699036038226398     
  -3.8350371510587594E-002 -0.14347322471882382        7.4851973865743937E-002
   15.943393850864002        8.5024800167766035        29.590773073752029     
  -1.7364964990440507E-002   2.1893951724432622E-003   3.0609768927944748E-002
   27.924639425869525        21.502204814418224        26.351734563214997     
   5.4167560561947603E-002  0.10816840862425828        1.4562968787332120E-002
   29.752961080416252        27.175056523715742        3.8004521731098162     
  -1.0277989252874016E-002  0.13438329692897780        1.3919476026838176E-002
   9.4345711056966994        20.105540994173801        8.7819731019383092     
   4.0243843898182662E-002  -9.6491821459540987E-003   3.8240433922935621E-002
   8.3813792805456817        20.305966201069758        27.582221369573112     
  -2.3654403370378111E-002   3.5245720087220427E-002  -3.8004041330808362E-002
   18.197890892601290        15.923081013791222        8.8057290530954457     
  -4.2274963095958663E-002   4.1477652557669734E-002  -4.9732173222317252E-002
   1.1198635874187637        15.709145436932422        23.222997909391484     
   1.6429784141448786E-002   2.2414679882609194E-002  -1.4180988921921978E-002
   15.130801301885151        20.258246106868274        18.897822523695567     
   3.2417862039581358E-002  -1.1035191381768108E-002  -5.8553875605087194E-002
   26.238250818002339        18.864131978585039        20.366808642129303     
  -3.0301492935405929E-002   1.4828214803030005E-002  -6.7291289728287962E-002
   5.2400111898294206        4.5307584871038040        24.810549999066605     
  -6.6491648792699184E-002   2.2827920895479411E-002  0.10800046757501537     
   23.936425805142051        21.511179220020203        1.5184115920839070     
   7.6824171136871053E-002  -5.2571479366486908E-002   4.1834367881330957E-002
   29.282621509555973        26.497519331070020        15.975404091103378     
  -8.9736819853067831E-003  -3.1636060874796465E-002   8.7109486049593621E-002
   25.037998388933502        11.615859943241912        18.148086068930080     
  -9.8656290195723514E-002   8.6289975853788822E-002   4.2442422686477368E-002
   16.743099807103732        9.4787366629746099        24.219272854396301     
   4.7065342046894200E-002   1.6887002425457421E-002   2.4410845107623477E-002
   3.7744678127367606        17.907334993801555        8.2833262861248080     
   3.9506357514041100E-003   4.6559985394869323E-002  -2.3848979691316424E-002
   27.396974977359452        29.492790464727367        2.3833618957957876     
  -3.0803398503219444E-002  -5.2768883761078239E-004  -3.3796825237230627E-002
   3.8573377372435096        3.6693014576686624        5.5003314027132948     
  -5.2060880262318247E-002  -1.3005137000356534E-002   6.5709223906038741E-002
   22.845633905194738        11.611118400432966        26.026059009356757     
  -2.6127577715064774E-002  -8.0642176526122725E-002   6.5286073453157206E-002
   30.454311219546835        19.726830857106737        19.450597539908198     
  -7.3663305197422035E-002  -4.5831271462439323E-002   7.3080214474478725E-002
   10.868683740573122        3.9386109422015867        1.8379327343316938     
   6.0508525727625627E-002   6.3244615629650086E-002  -3.9623948477322563E-002
   14.242332205072502        16.794634594965842        20.947010836174002     
  -4.8388564571303768E-003   1.8010303357504195E-002  -4.1622204166371898E-002
   23.547757761588837        2.3617047401590514        27.940752279506512     
  -3.1008532474392902E-002   9.5959710382112928E-002  -7.4143196220299246E-002
   26.941050456261543        9.9454699467684868        21.510843801071548     
  -8.7127813458384565E-002  -2.5734567778712660E-002  -1.4085100331149377E-002
   10.040199857420779        6.8263128110639499        27.719962096877495     
  -9.1772751550724521E-002  -4.2614295185382393E-002   5.6353503045225996E-002
   7.8403876178836116        26.152049122030036        20.984582892147806     
  -3.6253221858334225E-002  -6.8828914177610657E-003  -4.4184287340961519E-002
   21.654886378839123        21.985761611861879        21.976101829966655     
   2.4682403473917893E-002  -9.9373192071498220E-004 -0.10816039440771862     
   11.602260027441744        12.697473443124515        28.491135289845779     
   3.9345790767238480E-002  -9.8827095105034398E-003   9.0332704787487225E-003
   10.250670853797896        13.776513946101860        11.250888679764964     
   1.8998027651300303E-002  0.16046127860370307       -5.0352059046555641E-003
   21.559595787443932        14.968023538594966        4.5292334275310528     
  -1.6006521111645085E-002   5.3800715384636211E-002   8.5134890955371953E-002
   18.737778339524755        24.234822069085816        16.482182029098237     
  -8.4544236960632457E-002  -3.6984471252316693E-003   7.0554911479500756E-002
   8.4934482070659598        24.601304111065435        23.822608635613278     
  -2.0543977752030063E-003  -1.4857380145567025E-002   1.3813730967231376E-002
   6.7377678716931255        19.711285307920331        5.4309784932200191     
   6.2847644768622729E-002  -6.8899807426371654E-002  -1.7881812624065435E-002
   3.2528541003557070        29.333091162260661        24.527001707830596     
   2.3318108394119939E-002   8.6487731710391841E-002   7.8372614582577459E-003
   26.810313106080049        4.4805595736453530        3.1557411334474792     
  -7.6257243690177764E-002   5.5270541597589040E-002   5.3562592658569419E-003
  0.35855826481069103        13.970490287709181        5.2907533870243011     
  -4.6117363926594657E-003 -0.10725392787737827      -0.13738724214067435     
   8.1135483853196479        18.093034155816827        30.650268028229583     
  -5.4284763263552270E-002  -4.7634441487268329E-002  -8.4849511837898878E-002
   1.3312748491491535        12.288900832239399        29.460344820129876     
   6.5819410846726586E-002  -7.2949023199161106E-002  -8.6863520846704265E-003
   18.389629467077551        12.933624178542138        4.9009425816606784     
  -4.9543234262045648E-002   7.2881525000884637E-003  -5.3693483482679582E-003
   8.2561093056176631        4.1715106852387196        20.562250631268263     
  -2.3219733627446677E-002  -4.6169207371920762E-002   2.1500755488875513E-002
   12.605196945583382        19.817797420793500        5.6356744620542703     
   5.5721840008857035E-002   3.5941484565230837E-002   4.7085421154128186E-003
   11.066531099685148        29.952035090091876        7.8542548451715577     
   5.7926971518337108E-003  -1.7416067882761125E-002  -2.9893069629023820E-002
   3.2724766892199844        3.6251224285576371        21.435559100192442     
   5.4370008087945669E-003  0.12596185719065520       -5.0884218139006801E-002
   22.166594789027293        5.8671323565214006        17.771048022028282     
  -9.1862880554604509E-002  -5.5981043663112240E-002   8.3706496069183067E-002
   5.4700717434369599        15.910673986383280        5.6267790670504310     
   9.1537904854154764E-002  -9.1272912299681208E-002  -5.3958082458202647E-002
   17.454691580923321        27.619296465520353        15.045895642705185     
  -9.6893051629825505E-002  0.10135146349124617      -0.13327541656473973     
   1.8100057818161268       0.57981792609214133        7.4459741185999206     
  -4.8372389122306729E-002  -2.7356473842433938E-002   3.5512616966026180E-002
   28.969086635155499        17.942615523793375        30.631509289292879     
  -9.9370267007118970E-002   5.4209549135228602E-002  -8.3053497473488109E-004
  0.78123319369412159        9.5310260666257758        15.678713707737829     
  -6.2786453848905591E-002  -1.3402276073898239E-002  -9.3493833055208017E-002
   28.411721449545581        3.2725775524860010        28.230568523613410     
   2.3653562207912510E-002  -1.7405414460188100E-002  -2.6341058451575708E-002
   19.631567472897725        1.7262645251736839        5.7959096981284572     
   4.1551715375871066E-002   2.4700836494504254E-002  -5.2253534617364920E-002
   13.809219140527849        29.676322252706992        24.559372221829694     
   4.0431526658815164E-002  -3.0541349667672336E-002  -1.7713542399602933E-002
   13.967173923402054        8.1695434879230682        9.1947260707651246     
   2.4221705436653473E-002  -4.8189999761000697E-002  -4.0784143513468908E-002
   22.006560945432561        14.145476144669653        23.175405378568477     
   6.9393033944264798E-002   4.1794446426839507E-002   4.0164387258808693E-002
   20.399731863168022        11.654861749812021        16.241222778197301     
  -9.0344813316606223E-002   4.7247872782984396E-002   8.7719815272943539E-003
   20.313330198526277        22.387685108949913        29.372235419388232     
  -3.0755767618228763E-002   6.3587355744046059E-002  -4.0197303274138096E-003
   18.796211148024884        28.971919632210881        7.7221801206709646     
   3.9917965617002414E-002  -4.7912271608909582E-002   3.6170447682563256E-003
   20.725713269376705        8.4248489513804632        25.183130722895925     
  -7.5815111974725499E-002   5.6264154025834345E-002   2.2400972819881061E-002
   8.9282392906311951        9.2535019305032229        25.942706487999672     
   2.3351204936752291E-002  -6.2053180907075669E-003   4.9248862905927034E-003
  0.24636197043878980        16.643442041209418        8.7593355876424948     
   3.7858260229487350E-002   1.8254705878689617E-002  -9.5979897278505144E-002
   4.0074254087462844        7.7770274970747684        7.4247206466815037     
   7.0482833072908577E-002   6.5240759095566661E-002   3.9527599631045504E-002
   7.1975034713716610        6.8605156839108865        22.919188609762905     
  -5.4768802302991089E-002  -5.1210555532631388E-002   6.1516176376580859E-003
   17.513386185096007        28.470813263085464       0.79502571170545477     
  -4.2513842547727311E-002   5.6294454979963819E-002   4.8451123173054181E-002
   18.262966660306901        30.013029533136077        11.071348506155301     
   2.3869517209159134E-002   4.3745809964222546E-002   8.2962529038328500E-002
   22.921584805309415        6.3298205063335580        23.335434827141544     
  -6.7356640136794724E-002  -1.1629004438433026E-002  -7.6533585270011605E-003
   21.486292768214682        3.3709595248341735        13.525546636049503     
  -7.3558768874639094E-002   3.9280743116870354E-002   1.4169350957128252E-002
   17.771616311054039        14.711226910942944        19.660690675826267     
  -2.7198713364622023E-002  0.10269551803429884        2.2204592496469028E-002
   20.340834222619158        19.596696584923176        6.4314714155261177     
   3.2958791849731682E-002   5.4750095718969688E-002   1.5370872874458270E-002
   12.362350119057757        19.038158181567148        23.449897198651623     
   4.8089067351628934E-002   3.9242007312982208E-003  -4.8921720963319166E-003
   7.5960988152053632        20.684675925254499        23.568688790916664     
   4.1494517847707642E-002   8.6272267920424583E-002   4.5212061678360531E-003
   2.1426970847788565        24.823325178440729        7.6387364200251148E-002
   5.4539028105305018E-002   8.1290372243781550E-002   8.8149315420632493E-002
   10.182135059903553        3.3233920628586757        17.747855756610068     
   6.8894157453248658E-002  -6.0049725217357956E-002  -9.0984430179487388E-002
   24.569626040573592        5.0036452409812080        14.817327948842564     
  -2.2066563012452197E-003  -7.9196663721848130E-003  -5.5932405563466646E-002
   2.3614652463971284        12.874612854087935        21.173343300705952     
  -6.4420421832284205E-002  -4.9752824507825798E-006  -3.3619192196258564E-002
  0.67990658021116401        9.3939737772515226        11.881228774674481     
   2.6309725856504478E-002   5.5295071421564965E-002  -4.8342613202704228E-002
   28.798036331947603        27.592987954705745        23.694250292201509     
   5.2147218964918605E-002   6.6585707438247599E-002  -7.9622766586817550E-002
   27.622923784621012        11.358710289448560        15.318366124051092     
  -3.6016378469944418E-002  -5.7195617074080621E-002  -1.6922339431398783E-002
   20.198327947258832        12.537999251205516        8.7653657721162652     
   1.8870434296152674E-002  0.11354365098494687        1.6074044780909052E-002
   14.187603124135538        6.0895762515742131        23.515887642346122     
   8.5127435799821748E-003   2.2009341692044760E-002  -1.8246185050134513E-002
   25.583016573315497        12.873284769023577        23.337939119147222     
  -8.3116210149515384E-004  -2.7557827864234750E-002  -4.7718910252371370E-002
   6.1630788484035595        20.713947854587975        9.0431571316286696     
  -2.2210576578161764E-002   8.8661392452326085E-002   6.2803900861835085E-002
   29.172612467966882        11.800859161473770        19.671216169592544     
   7.2458256915775236E-003   4.0003468355071480E-002  -1.0906112099358534E-002
   24.202847477889435        21.642654204310276        9.7021762103123095     
   3.0727180630300322E-002  -4.2346794077244183E-003  -2.5111518965807066E-002
   13.417355597885903        10.322907297786710        22.213521633567701     
   2.6961891766808146E-002   2.1730765029797143E-002   2.6694894096602358E-002
   4.0501741445675723        17.451682826317711        29.547452141619001     
  -2.4775136870418227E-002  -7.7796199598541227E-002   7.5080250492261649E-002
   1.1780013104759468        16.681127981324849       0.46233502784181524     
  -1.3041523934466989E-002  -8.0863485057614069E-003   1.0319646954553337E-002
   29.788812553093141        16.145722469493862        19.543567482500933     
   3.5388847328812069E-002  -2.6497994690946842E-002  0.10939221016723891     
   20.137046349971733        8.9498545052102330        8.8273749634672889     
  -1.7186550087176455E-002   3.9545874686008481E-002   3.9464991262877155E-002
   12.042620751471489        2.4925098633214295        13.805626783632452     
  -2.7373319529578652E-002  -6.3918899179179700E-002  -2.7619508125511501E-002
   7.1862380189190374        18.053548773288853        16.455805423462980     
  -1.5878158871251496E-003  -7.2115628630127337E-003   4.2703114228032038E-002
   24.515308483989557        29.989233179485897        4.0463051778189252     
  -5.5444071619127365E-002  -3.5950032515781653E-002  -1.6184851319965297E-002
   3.0531028997683585        20.934399595799928        2.0039400056720122     
   3.7238323423296839E-002  -3.8183457364277078E-002   3.5534318656122346E-002
   30.387732435274547        17.699198612669267        11.934003013780185     
  -9.3399476461068359E-002   5.0201082637662611E-002  -8.5890821203261827E-003
   15.261157496547153        29.905045906834992        9.3254877549474315     
   7.4211428396107212E-002 -0.10361934331510787        5.9594668304317880E-002
   1.3162356851906611        13.575384890395606        14.056850942359581     
  -8.5062609687256305E-002  -2.7079074825383468E-003  -4.1108297794625534E-002
   27.017756734153842        14.466794339711916        1.8555370479342151E-002
  -9.5429985279427532E-002   2.0382457088022023E-002   4.2368424106140196E-002
   12.943557297104993        2.0547084099537498        7.3213871428325668     
   9.1988525200248639E-003   8.6116812490541501E-003   6.9567156669592803E-002
   18.296087835476133        5.5816443548258965        28.941700471951425     
  0.10858471848055151       -8.2305064337941714E-002  -2.6584773061333168E-003
   4.9344249664000177        24.949909378124588        28.857710749988392     
   5.0835364737552007E-002   2.7876675164803084E-002   4.9042106775735325E-002
   24.338731983392382        5.0143991322810066        11.024900631483709     
  -8.9154511279020982E-003   7.0740354707390513E-002   2.9472508009747876E-003
   10.755629444435613        4.8774869740855937        24.218104105102725     
   6.1264968477138138E-002   2.9427243135389459E-002   6.2341280140939342E-002
   6.6801508648191215        1.3784825870515884        22.858721821375024     
  -3.5333501813289765E-002  -1.2504172058619411E-002  -8.7614369140343817E-002
   14.520693574460006        21.003791193414784        15.602824027427316     
  -4.9886304666942584E-002  -7.1346490561807224E-002  0.13449877117435841     
   18.400760921687265        11.543684737286613        12.065547276428127     
  -6.6418169219847598E-002   3.6436400846903402E-002  -2.9626084552305726E-002
   11.738183883291486        8.1062457332942284        5.5334156016285565     
  -1.6328764887166610E-002  -5.8822921076649550E-003   4.2063477574963481E-002
   24.265246640256738        12.295543398178607        2.3355687364060911     
 -0.14147677778875017       -7.6919389651025336E-002   4.5730223478220408E-002
   15.454506084602489        12.203924395666453        26.433854366079782     
  -5.0057286455971343E-002  -8.1007516054375454E-003  -3.6450564272931363E-002
   12.638849712893846        3.0554877640921934        20.611528396662830     
  -2.7769334949109745E-002  -4.1665949575940914E-002  -2.7000540084771901E-002
   23.555969923192620        3.7161836650463189        7.0596050154663441     
  -2.7963059233150071E-002  -4.6105153838113380E-002   4.3143028669307110E-002
   22.910584241383201        3.5291680113048249        20.095005533989156     
  -7.6010090372951866E-002  -2.2933606516790481E-004  -5.5295521265307575E-002
   5.9453617467954638        9.0715235293729428        4.4408466686062713     
  -1.4435017253068469E-002  -1.9563323337480999E-002  -3.6520962342234224E-002
   25.157098090054486        8.3462526642938712        16.804121657291844     
   4.8166502112239613E-002  -5.3140758716882404E-003   3.7215973283099392E-003
   4.7865722404801616        13.313869545854070        18.863339634954990     
  -4.4930993207344151E-002  -7.1335716021479437E-002  -9.4692064501684925E-004
   29.042091492318807        6.2351924173813229       0.43503093756003991     
  -2.8193336913213780E-003   3.0132560034233254E-002   3.1864590980049450E-002
   4.9922861061647712        16.894971307587351        13.452567916677053     
  -7.1239696015479331E-002  -4.9466268999542186E-002  -2.1287812360575718E-002
   20.939985787618458        3.1672061070097635        23.349705614999010     
   3.0749731182802557E-002  -7.8691172722520741E-002  -5.5016748479678960E-002
  0.58414076012922878        29.612810987298317        18.289083827486305     
  -8.2675266828704547E-002  -1.4762704239965460E-002  -2.8527675946512731E-003
   1.5671909958340102        21.076531086715125        26.416548288594065     
 -0.14170170234494048       -2.6974698351260470E-003  -1.5432555004395460E-002
   2.5382377558282356        7.4381816229570141        30.688289498241904     
   8.7713021598167476E-002  -9.3074915582115666E-003  -8.4320882696840133E-004
   22.228277453267374        17.697787142476507        20.801630694002572     
   9.7222175349642156E-002   8.5629258525644087E-003  -2.6410735130470799E-002
   10.150734283538014        21.531931236555526        3.6454558664135082     
   1.0255188664393265E-002   4.8779909640112723E-002  -8.9229518709787875E-002
   24.356741150148920        1.7830659039697048        12.476157274402599     
 -0.11276157535431829       -1.8500043584821980E-002 -0.13811399901515345     
   15.947598094758458        14.758264641469939        23.022409099403351     
   5.8858805939472077E-002   5.3000600186602111E-002  -4.4326978186241123E-002
   15.665480355186418        23.476628218076627        8.5032386616498439     
  -6.7866241303258079E-002  -6.5111797543591546E-002 -0.10027502268377213     
   15.551316231471318        2.0977412732183982        27.979873262618653     
   5.7696280134755487E-002  -1.1209583897857209E-002  -3.8372889539624193E-002
   3.8836660926573194        14.668869189903443        16.023352852231678     
  0.10667332286247419       -2.4103104730288715E-002   8.8763855634901745E-002
   9.7617314286208856        24.145005390032189        6.2494020649086393     
  -1.4857401235521215E-002  -2.3676472427485114E-002   2.4101096182235597E-002
   1.4613639162659682        1.0671166544062025        29.652151313464284     
  -9.3028246940414006E-002   1.3639894364561870E-002   7.5036687678768699E-002
   13.791856184054600        27.253902763924724        8.1895060832789675     
   1.3669116376457638E-002  -2.8681883724169851E-002   4.3476595782501057E-002
   12.871131546078422        9.7932130358296465        25.375727415460268     
   2.0475203531828360E-002   2.6515752625772094E-002  0.10413077190867438     
   18.521441157851790        24.956524367401087        8.8827851113454468     
  -1.9640665725421596E-002   8.4962789482098441E-002   6.4247868203287706E-002
   30.664878015315185        21.189687477788130        30.127954784554731     
  -4.1247832830759272E-002   2.8647484629539841E-002   4.9717682353824358E-002
   17.440741178437275        3.0271339523127687        2.1360531100881230     
   1.8130091324708240E-002   2.7308325825409576E-003   1.9470348995581494E-003
   16.087471084686339        16.517945850316543        16.947962477990025     
  0.13987187545039620       -2.5899795623892698E-002   2.6244537187564098E-002
   5.4400233850071640        4.8222741250945100        9.0085591422434668     
   2.7733604279000904E-002  -3.2183741349186626E-002  -4.3598636759369473E-003
   26.245750705937144        4.2665429498874170        21.184517726242174     
   4.0831026364702129E-002   2.6826175273047176E-002   3.3229822836811550E-002
   24.948379143919109        17.382572521628017        27.632112143751655     
  -1.7952384021552709E-002  -2.0867884730365837E-002   1.7301807684352789E-002
   3.7894462329698717        21.448819779308177        29.561075342655904     
   1.5731098761272919E-002  -8.6979957909046109E-003   6.4135098595554052E-002
   12.831380977812101        23.015045594098638        29.019248534461983     
 -0.13909110064837715        6.3768821423387020E-004  -7.5424064011765709E-003
   6.5841228238049130        12.401842653591432        25.387999070128149     
  -7.3009151523798568E-002  -7.7241756279265994E-002   1.2682506326959131E-002
   24.914858377995266       0.74816774228973693       0.38536408220144391     
   3.2908986718987038E-002   4.6351500649454258E-002 -0.11311975265514597     
   6.3063689503248384       0.48300146401051947        29.259119496487404     
  -2.0067209938786901E-002   4.1174419606831901E-002   5.2330379879940173E-002
   4.5600072568998673        7.1816465297327587        14.302347489263189     
   1.9976003078481099E-002   6.6747490409686680E-002  -1.1068090034731698E-002
   8.0186684989100936        25.574097916537557        30.659224922085571     
  -2.1310341223277414E-002  0.10232729023426927       0.10168095692792525     
   23.130486408509903        14.408596137244379        16.281375557726420     
  -2.3363879702245616E-002  -2.3090893504454545E-002   2.9599184265166223E-002
   6.2194174243588805        14.454680211839351        1.5732790041111990     
  -9.8887314695792101E-003   4.5410322820963175E-002  0.10465419622759738     
   20.500899188656369        22.042936450177379        9.3219195558710197     
  -5.4216846649792544E-003  -7.4189660090406201E-002  -1.3562286631963934E-002
   1.6851632572199116        5.0203310291973384        27.735730620180608     
 -0.12635579749670386       0.10561182108996760        2.3560308323848353E-002
   17.089760639602570        1.1190265195578277        24.385446896420479     
  -2.7151715571893054E-002   5.9608674637582446E-002   9.5333077464893785E-003
   7.9582981898009617        11.788608697598677        19.546251537543903     
   5.1219714822786311E-002  -2.5907261673117538E-002  -8.3018338141263373E-003
   20.184242689536635        5.9141178788398667        1.8586515665466801     
   6.1393836599608578E-002  -6.7083805540341698E-002  -5.8928080730307440E-002
   22.130788818520546        26.587953054591296        8.3423211987530319     
   6.8316467524072499E-002   5.0368625719937221E-002   1.2915046475044977E-003
   27.549027894607452        16.179356987674947        24.630964637361338     
  -1.7546952308062681E-002 -0.10058638568414698        7.5765990293570298E-002
   15.884256632561318        18.222316188764246        1.8678606108312505     
   4.6368700857765788E-002   2.2594960982930009E-002   7.0453205983919218E-003
   25.502347128001635        30.075012343408570        27.265414015464874     
  -2.1471633609291630E-003  -1.1276221324223951E-002  -1.2775592504517413E-002
   9.6016499555164874        17.753054341157181        19.371165652806216     
   8.2039446583681452E-002  -1.4222337726697174E-002  -4.1103032660499292E-002
   3.4476594592932108        24.436433023523630        3.3959511904803206     
  -2.0914574212463287E-003 -0.12479354626019708        1.4412351265437393E-002
   29.595038752747026        1.1417964461667200        24.422310981313032     
  -5.8161773885160523E-003   6.1267650825920859E-002  -2.1736923834034853E-002
   16.093500764781396        23.972940977732740        18.203684470209275     
  -5.2825778881246406E-002  -9.1749962635632055E-003  -5.5921729408393239E-002
   13.448905787277958        6.3756122675295339        1.7189367983672041     
  -8.8406494848926633E-003   5.2878010908799740E-002   2.4239149602405405E-002
   30.750331623220390     
