   18.953353411548704        3.5176274725009105        25.801234178777300     
  -2.9344071138618258E-003   8.3340150738934624E-002   9.8240029452428768E-002
   5.8250557278283370        11.633006331312130        27.596569887025584     
  -2.9323316440643513E-002  -7.5778158141125582E-002   2.5810229652240415E-002
   17.824844734351348        13.099513061867937        18.540413953345894     
   4.7383413563724767E-002  -1.1662699361347133E-002 -0.13832427362482375     
   19.390323710628873        21.449058782803125        10.277445588117910     
  -1.5324411153501822E-002   1.1292545019060852E-003  -3.3794512776263996E-002
   21.783059297977982        23.199335973591584        20.612035107034288     
   7.3540905212609115E-002   2.4215267288697603E-002   3.8086521197477109E-002
   7.0461916968790792        27.775181020728670        4.9199136928466469     
  -9.1208452897995437E-002   7.3959434229884324E-002 -0.10965592996410010     
   16.152271225191619        12.266906864453571        21.622863511770575     
  -4.6146939895123418E-002   2.8383821999894514E-002   2.1255172746933351E-002
   7.8481206935388146        12.177210532687340        17.248171129315864     
   2.9906134069844032E-003  -8.1950385780137344E-002  -1.9011569912460342E-002
   23.783341343956810        18.429083867394382        12.851461939338586     
  -2.2423413405995723E-002  -4.9915445115417900E-002  -1.0927524612699272E-002
   18.358555765479618        24.528353079467159        2.3306781407353423     
  -3.0899542802963090E-003  -2.7772757423110590E-002  -4.2788943992544959E-003
   29.173594109192322        2.4661864818932142        21.438673092555028     
  -4.6620716403621885E-002   1.5355380822875409E-002  -1.6338834367944061E-002
   16.133342192811131        7.8479434243451776        6.9417011214436606     
  -6.3350273283775058E-002   6.5597354736824404E-002  0.14307901380916149     
   23.113971951523776       0.62196139196760325        9.2625849125972870     
  -9.3837393553617088E-002   7.3099346296329262E-002   6.0632597421443085E-002
   10.715250534462893        22.744276757023709       0.11220425155778153     
   2.0902716333157472E-002  -2.2513189119341005E-002   7.9759391609751082E-002
   9.6286739662233991        18.988129790866839        27.732626902738531     
  -5.1776572587287330E-002  -8.3393072858806826E-003   6.5372760130133184E-002
   20.959993254546838        19.820828635904494        18.150082079517190     
   6.7376076950036862E-002   7.4887992737498757E-002  -3.8277276818097852E-002
   3.8483246599437448        18.688684936086876        7.5058344062466116     
  -4.3604614054653310E-002  -1.7169131630579437E-002  -6.2392198308048673E-002
   19.962516831845313        4.1550564032074195        16.033498228911725     
  -3.7407904549013388E-004  -5.1403694089914791E-002  0.10292618792074289     
   13.054550640198130        12.201573668879082        23.910863697257099     
   6.2971618379036823E-002  -3.7600805195495357E-002   4.9612687095441789E-002
   5.0821197391394906        22.783546278390617        5.1443587762538474     
  -1.7267990144013230E-003  -7.7245750993027537E-002   2.1840921126218459E-002
   4.0022350017458495        2.9557611758399593       0.87003826110547478     
  -4.7397565470364209E-002   2.6837017799072545E-002  -1.0017443307324511E-003
   22.093962662940385        4.9015976044671588        4.1725084194452728     
   4.9813509339746327E-002   7.1516296539437793E-002  -5.0238991994200635E-002
   21.810645092670530       0.10196456790142154        28.325628019874735     
  -2.4229367215252293E-002  0.10402721129014980       -8.0948312458244600E-003
   1.0436036953388281        9.6040525720409864        6.1556225612411373     
  -9.1964466300236344E-003   4.0382973025690029E-002   3.0062248284550425E-003
   27.147479617286820        6.3075414998424915        26.628573037231988     
  -1.9537043002018327E-002  -3.6756250943099579E-003   7.5175670775588926E-003
   25.857660092608079        20.594952560838298        20.817345502060505     
   2.8040169939381868E-002  -2.8009975889960900E-002  -3.1242655798272401E-002
   1.5385654146356738        20.063856877627870        4.4265659585382435     
  -7.8674366727104102E-003  -2.4848728456435366E-002  -2.2998670148570256E-002
   6.7358668482206134        24.657773851660153        27.967238633333036     
  -3.8598713989389396E-003   6.9021405797666274E-002  0.10584933504036985     
   4.8948327536802942        24.317770806178135        16.951594553885517     
   7.5630769545213333E-002  -6.4205598549998480E-003  -5.1577076312385235E-002
   3.4452753339676030        18.332594653455029       0.11597647531213230     
   4.2304063281557960E-002  -7.3847263805941116E-002  -9.0998288834093846E-003
   27.424791417066963        27.502105794008877        16.514223930866482     
  -5.1951854354359887E-002  -3.2668318203847573E-002   1.7499684252686571E-002
   21.211314993671348        11.758759852011259        8.5320743944104560     
   1.4812365768279698E-002   1.6086301700767098E-002  -2.2803270006338642E-002
   24.260041417469516        21.367782142722650        3.2360401610797673     
  -3.0514031916877198E-003   1.9206445069889295E-002  -5.1041758644314074E-002
   13.796674775226398        19.844517997133281        29.201154043163260     
  -3.9546489753262484E-003   5.0712229864991611E-002   4.4535071312891465E-002
   25.484667708940467       0.91608183955538480        12.356573653774756     
   7.1666965347726125E-002  -9.6802648841914807E-002   7.2819196078161674E-002
   9.6470521437873789        26.480278452049973        8.2303822912383211     
   4.0751566530503732E-003   3.5411544963589753E-002  -4.0562958944194503E-002
   23.475318887358075        15.573316172370644        1.0474753150400404     
  0.10396052847354520       -3.3928197029148115E-002   8.3142315318918789E-002
   12.837257623711357        22.217526408581239        2.9711078531780490     
 -0.13551648389344209        5.3443067750656569E-002  -1.0143246625554631E-002
   15.113120494167248        19.259195477958972        22.241087923780245     
   7.2226756279438031E-002   4.0347995946291973E-002  -9.0452533740366631E-002
   23.368873359155209        12.098327513507494        15.505474819137584     
  0.11716871887169830       -2.0179930624853990E-002   7.6617931039597700E-002
   28.938472187810603        7.7418669995295755       0.27946991877526445     
   3.8385640337257172E-002  -3.3558526216927252E-002  -3.3981870502437533E-002
   17.586568314096777       0.88892378909709069        23.306314041960523     
   4.1587332769975761E-002  -4.4638971047100205E-002  -1.7946127485112279E-002
   16.077238110769947        22.396987967858735        24.539747908866879     
  -5.9838859614640492E-002   5.4229996092369309E-002  -3.2279549760157455E-002
   25.255800334392404        28.375308634618957        26.276171392209143     
  -3.7072420579882409E-003   1.8479938113053467E-002  -1.6676498347726547E-002
   15.597982557238172        14.482089635734631        4.2363536304862537     
  0.10238618395613906       -3.9867078439433143E-002  -5.1679886255701239E-002
   2.1398212903022484        23.682637880549631        19.576785637304425     
   1.8012765469376014E-002   4.8125276120697898E-002   5.3956114427847632E-002
   21.815503346083961        23.276792846601563        2.4118326496996891     
   5.0431693386972370E-002   8.0443156406672461E-002  -4.4121756183875989E-003
   6.7545540396465977        6.8195823183068267        5.7027645752693408     
  -1.5149208132443697E-002   5.2469658896725821E-002  -9.5564927143775208E-002
   8.3667610347644850        19.529416812393304        15.078325864108756     
   5.9213800173226770E-002 -0.10965847076670368        1.3850282249693351E-002
   24.789239060770477        28.115963652661062       0.55145866934809329     
   7.1238197348624507E-002   6.4801060285985630E-003   1.9919465086976257E-002
   18.157469977635689        14.411272363591316       0.20019750264027231     
   1.4067968431114342E-002  -4.4703241413592026E-002  -3.4625035532165525E-003
   12.966117262143261        7.1489290851665990        26.078534656323633     
  -1.1226877945851548E-002   1.1681422571154244E-002  -2.8317126754163025E-002
   10.277767085419116        24.616311194390729        16.295459347223986     
  -9.4879143578262565E-003  -9.3663939589124483E-003  -2.9980297822869387E-002
   22.131467079416549        13.910042338930680        20.006299362989104     
  -3.4867550803955281E-002   1.5956217591921111E-002   4.0534460318435522E-002
   6.0003958273848310        3.7073050105734380        4.0033046815571440     
  -4.9554397989263171E-002   9.7939283654978657E-002   2.6108589172704120E-002
   24.599200604698652        4.1790593200329580        9.9694564412258657     
  -6.0308665730360329E-003  -3.7831046506590894E-002   1.8496582531371106E-003
   19.095672621676080        27.742317089688498        9.3806529645979140     
   5.9905019311058731E-002  -1.6793972944205763E-002   7.8213407827117151E-002
   22.068880917139424        2.1940800388145099        12.609475799336433     
   6.3132263842271621E-002  -1.4556192132594063E-002   1.0562483249754871E-002
   27.504805748956130        3.8460196983039472        2.7453585521018553     
   3.7749201389099700E-002  -1.2912043422291240E-003   1.0476677043077922E-002
   4.3124786209578447        8.4964665300410438        9.6431306759295747     
   9.6808461851189090E-002   2.7308502484109015E-002  -4.2300531275803396E-003
   1.9324373703088982        2.3741353964811256        18.081565617434926     
  -2.8345880335020491E-003  -5.4755306344991282E-002 -0.10055494252861459     
   21.875545041797803        4.8776849370949487        21.805080074405865     
   6.9421607100352391E-003   2.3619427240372033E-002   4.5910574804504320E-002
   25.727760594162707        12.346701617316356        8.9224706994037728     
   2.5220844426353313E-002   6.9394872168338090E-002  -8.2475458487767730E-002
   12.426604706278937        5.5834407410424891        7.8601124135286415     
   7.7818674960897696E-003  -6.5135210828839191E-002   4.4449297784917415E-002
   24.973646529908134        24.165555936876995        7.7402577196389721     
  -4.3827404690162733E-003  -1.3088075401244926E-002   1.0577458737204224E-002
   4.1137911851464617        13.936101046398964        16.111058692289141     
   4.4317996889167550E-002   3.3995731639388967E-002  -5.2228130210704792E-002
   17.712038421972302        5.6412175771178825        28.763032638320951     
   3.8120237399507734E-002  -1.5299805019905627E-002   4.1388829436676149E-002
   25.043668091573480        8.6992368702278018        25.886631852343957     
   5.1775238052914084E-002   3.8602116847308021E-002  -2.1228899482949386E-004
   3.9254744173660567        16.186872833246628        10.203173585915289     
  -1.0077586260784494E-002   3.8555804462623612E-002  -3.4930218723301029E-002
   19.927770677282307        21.454661677079415        14.699401796373884     
  -1.5290545248659410E-002  -1.0955592856385313E-002   8.6172035892178062E-002
   3.6519655036001093        5.0111477245833562        20.769009183882225     
  -4.0734109953722779E-002   7.1518328278548815E-002  -2.5319927052180894E-002
   2.6235467114456648        4.6401008132342092        3.1303872852487227     
  -5.6740144344963925E-002  -1.0604971977734414E-002   6.2466678513497381E-002
   28.790202062713007        9.2100165574730095        25.411392295868939     
  -3.0608664374290492E-002  -2.4854710120077807E-002   6.8008652803537961E-002
   19.007345308921582        2.9227818516761155        20.672290709107045     
   3.0782510060674749E-002  0.12877611679862913        5.5052272615781384E-002
   7.4447769893583970        23.587416166617096        24.021848175866204     
  -7.7824226764499072E-002   5.9889967190599339E-003  -4.2145519370112058E-002
   28.992007574730327        24.488008357296724        12.526892707114039     
  -1.9079502691310188E-002   4.8938328806359968E-002  -6.3304945553700448E-002
   22.415858833407587        24.152505890666983        16.236960137954469     
   2.1381917544096345E-002  -5.8484158201517492E-002  -1.5990191696544451E-002
   16.040527783930653        29.499519791483834        19.715257778860760     
   6.1979932661084508E-002  -6.9633340374518557E-003   3.1179568210902158E-002
   22.213056519157810        8.2309605299926432        10.024479799136998     
  -6.6310621970031250E-002  -2.9966107508857490E-002  -2.0019503438203193E-002
   29.049572946261197        15.278497545977235        24.438249407442221     
   1.0181456389746621E-002  -2.5509080989990916E-003  -2.8246628965687373E-002
   11.812519057422337        9.4349685381488086        18.656749004878268     
   1.0445862882235471E-002  -5.4905409800575379E-002   6.9228214532127495E-003
   10.391174776841495        2.8233136303812900       0.47589663224819989     
   8.7314908135126698E-002  -2.0011876368610668E-002   4.4147383080573907E-002
   28.794973343143884        15.628682442794860        27.880159996126785     
  -8.6382922448685236E-003  -3.7394782595338828E-002   3.1521802310141483E-002
   2.1364375438558909        14.728908507591440        29.126098257771787     
  -8.4899817792439512E-003  -7.2474092056884182E-002  -1.0829117647775917E-002
   22.595443533898472        4.0683308357409222        26.827490030235744     
   7.6049034440612354E-002   5.0297002329969732E-002  -7.8378745156745880E-002
   3.6046164918439723        19.768916318984871        21.116931017404916     
  -6.8854352786571316E-002 -0.11918137086449138        6.1435998472586850E-002
   26.972425390913472        5.3936973148158982        12.962380424347685     
  -1.6861909449591306E-002  -5.2595536538586219E-003  -1.4864563849529180E-002
   12.549052851170918        22.871867442041847        19.407831686808468     
   2.8817455970252476E-003  -1.1383309697855464E-002   3.1059046448461403E-002
   10.302568733944499        22.880206820803821        8.8276820662245044     
   3.3844597353202381E-002   6.0046216408237311E-002  -7.6307957432916448E-002
   10.859477960423161        19.498832896802153        1.7352229505487222     
   9.5437426297712125E-002  -1.4202566206779777E-002  -2.0108869914833565E-002
   9.6995443422442964        5.7270980358431602        20.603158895565514     
  -7.7781462724942144E-003   8.5301830672364787E-003 -0.10741513838591531     
   21.800126172957231        19.012214925598283        2.6168747410862347     
  0.10527020841113828        8.3025019785234647E-002 -0.13197948962010764     
   8.8357864317902095        11.427431460532629        8.6307612926589421     
  -4.3614948366853680E-002  0.10930040356589564       -5.6797875500621785E-002
   27.881108014028850        14.838856576308388        4.8209757784081972     
  -2.2275553704836790E-002   2.5918996410376167E-002  -1.7154922003525742E-002
   28.265475321212186        25.333698617348698        19.583510817125411     
   1.9992709621049334E-002   2.8739345239850184E-002   2.0454944589620282E-002
   29.049443188806983        12.543196368078776        10.156585159493844     
  -2.8567565520317112E-002  -4.3506112163885627E-002  -1.1875561465273644E-002
   18.277544838166826        20.440666937583657        7.2627291080542653     
  -6.6566456228191800E-003  -5.0317014785781732E-003   2.1263508235676118E-002
   15.249357453660755        22.736729046568993        5.8057327847543085     
  -4.4730564658213852E-002  -3.8852569883782329E-002  -1.8077648487975741E-002
   21.299403284643308        13.835496654421089        27.832346108575440     
  -7.5180129771339602E-002   4.9234212142924547E-002   4.3625099310294043E-003
   4.8236077080950857        27.044080079056965        19.381138816545963     
 -0.11389535020080810       -7.7804561607870250E-003  -4.5120362378357301E-002
   7.1594865673919701        5.0932194532559070        26.343153274029156     
   3.9196382909101983E-002  -2.4357352717545414E-002  -9.0198891991451327E-002
   14.300355870179425        26.528330891154308        13.917750439912719     
  -4.4962003306280279E-002  -1.9673661378931300E-003  -6.9633329639453775E-002
   7.6567650321112879        28.660425210826158        20.975471080750907     
   6.6109428898595390E-002  -2.2859473456669232E-002  -2.5628599530438681E-002
   18.944168239764426        6.8963937781992311        26.015509959135379     
   1.3114140818832611E-002  -8.6224111364294989E-002  -6.0616321231667616E-002
   7.0471770667382918        8.6899088228881745        12.110416326013043     
  -9.2554792866590633E-003  -9.0567571418443377E-002  -2.7104071407664177E-002
   22.884000501297933        5.6718640997302838        13.819340909337193     
  -3.7820435608076991E-002  -2.9333415131003990E-002  -1.5736257418554212E-002
   28.225075349913752        2.9283448657641058        25.970837341581070     
  -2.7209327548436444E-002   3.5361383335131356E-002   3.2995307186277794E-003
   10.360597960197385        8.4586757574991420        24.691895347877139     
   3.1003018482811378E-002  -8.5223583147418333E-002  -5.0088254197358247E-002
   18.969456197805560        24.928401996158335        14.716688540710011     
  -3.5391001805194229E-002   2.0007900655556399E-002  -2.2397155848602635E-002
   2.4708845890409568        13.668688596061704        12.650932901703111     
   1.6870053821297328E-002   2.7718188662243973E-002  -2.4881983094239963E-002
   24.043858446652997        26.381468996316908        4.1820090168810582     
   1.4938619289934982E-002  -5.8597059695479362E-002   1.2062553007696347E-002
   9.0511179546244556        1.4677561606807343        18.859573221797152     
  -1.9637434091648347E-002  -6.5047585036281108E-002  -7.6369790937171125E-002
   10.686464155194898        25.610929477779717        4.9459358309568913     
   8.6664351906285977E-002  -7.4449323142508517E-002  -2.4002804018449689E-002
   16.821970260141629        3.3110947924370628        2.6363639242629873     
  -3.3314163856694194E-003  -2.0813873230105223E-002   1.7357713406912830E-002
   27.282697002640056        24.029821103893106        26.632888067984069     
  -3.8970517622334923E-002  0.10751167263703321        4.0272204693301707E-002
   13.608266288718710        5.7062809488283124        20.957398455285229     
   9.4594393368067298E-002   4.3721146871221958E-002  -5.7500162093311623E-002
   11.349527186075065        12.268004437898357        16.613833792139680     
  -8.1774382649363153E-002  -3.9444279043658402E-002  -1.7560377796771290E-002
   3.3880525729075726        8.2003505439393614        28.248877630260594     
  -5.7587866688968488E-002   9.1029193838187111E-002  -7.7420437939639736E-002
   5.9835744085232925        14.945085464683283        24.582771325000749     
   1.1910966265199762E-002   2.2760425599639505E-004   5.6870904214008637E-002
   24.862156810272850        4.1212907147926810E-002   22.714052604729442     
  -5.8816359898696075E-002   9.8934453952077318E-003  -8.7606177668946073E-002
   22.813818648506757        9.1667995754903391        20.015181893121984     
   3.2854618885678095E-002  -8.2472019123337167E-002   2.9035429021564734E-002
   19.726038991089901        16.389043243040199        2.7008340971418043     
   5.1307251995181075E-002  0.11828082836012822        1.7505368367189376E-003
   10.194689851991338        1.9524996909030103        10.385333223939210     
   6.3666567930757048E-002   5.6652505614381350E-002  -3.1864888308701558E-002
   16.667024825325026        23.201442125919140        12.593061352123662     
  -3.7686712593393464E-002   1.2882033294372795E-002   3.7451227819952478E-002
   24.354580351126575        7.9311260097248129       0.39035272395619430     
  0.13864018019445168        2.5267290666725634E-002  -9.1127028385901490E-002
   12.742786098017168        16.393818597969446        26.094281565235633     
  -1.7733315944581787E-002  -4.6249812045931711E-002 -0.13975495886662662     
   21.697608409272021        4.7697523676608728        7.8138345367938689     
   7.9892115657680743E-003 -0.14050695885360834        2.4268449325297876E-002
   1.5495365417886897        11.027225677339501       0.11789237809169557     
   1.0329443166192370E-002   1.7409467770285920E-002  -3.2800251554590105E-002
   2.6884100108825804        18.046252938787919        13.573937285056036     
   2.9129816874273927E-002   3.9031134548387345E-003   6.1903919498326979E-002
   18.848832636499349        23.715736928794840        7.8224166109729225     
  -4.4094849977663858E-002   4.9872972392337733E-002  -6.6475188803718693E-002
   28.835940035033637       0.18027862602127273        29.376479087929415     
   7.6324004254412206E-003   4.5448834757589381E-002  -8.3111249901843993E-003
   1.3103393107006325        16.799778684229658        2.8494455510776002     
   7.8759210678163438E-003  -8.4359662686332909E-002  -1.1996794760238846E-002
   11.521583175725462        27.522665534366102        20.511138317020254     
   3.2804931918877012E-002  -3.0999861448718379E-002  0.11929600055811876     
   2.0274667429273250        2.9446560702260540        25.092937460004443     
   2.1760108983023243E-002   1.1690280660472717E-002   5.8791444153862898E-003
   15.946305457125636        9.7617937132154520        3.5479736413914487     
   2.7845524044039019E-002   1.1158884971271814E-002   3.6529215535860112E-003
   14.679820405675734        2.4506595268205751        22.124819709821686     
   1.7055747680301887E-002   4.5124275064793773E-002   7.4820996395568579E-002
   23.925603078137346        20.568461678335101        9.6648810732398260     
   5.4038972879264985E-002   7.7071767819349463E-002  -4.7581989085457743E-002
   23.054095766822396        16.481529942644148        6.7883847535967998     
   6.8407243625774397E-003  -1.1449389355588580E-002   1.0269586124042523E-002
   19.606546884008523        2.5143747993546368       0.76554378158517677     
   2.8285512592774450E-002   3.8656477360741917E-002   4.0923009223669440E-002
   18.660517251124244        8.8091250425335819        16.536814958986316     
   5.9067390878617676E-002  -8.1051768517373862E-002   8.1436001133313216E-002
   12.888242975785007        4.5645163907736794        11.444207458681545     
   2.7604831528692909E-002  -6.5546818633633042E-002  -3.9101684702652136E-002
   10.078066116092941        2.9274763384048645        6.1803732919515895     
  -2.0578901290497043E-002   3.9997056063081262E-003  -6.5086288505155063E-002
   25.643328796943532        25.897767201570463        13.585215433912275     
  -5.1309447933324676E-003   3.2252190459392448E-002  -2.0566780047133876E-002
   13.119942407996641        3.4815072914062832        2.1726935836807280     
  0.13350387723383200       -7.3148305452767556E-002  0.14071853528023190     
   16.163493642743667        1.3566928759937231        11.430384270612544     
  -1.5488288927492736E-002   6.4366668370625060E-002  0.10562473782331472     
   26.365199145942299       0.67265593097998655        18.135227710569740     
  -9.4484772653291513E-003  -1.6850782708151515E-002   1.0127788458347602E-002
   25.512196448796832        13.577975748983455        11.949776781790124     
  -2.5330924520320382E-002  -3.5116510504629168E-002  -4.1676717545335265E-002
   6.2090557678137079        3.6989527792370276        23.145678143010372     
  -8.3735040037659303E-002   6.8048555822220316E-002  -3.7261975447217051E-002
  0.79037043471474666        21.403066709753528        25.343185331444062     
   5.9561669477293508E-002   4.6181957011004549E-003   1.4872563220455957E-003
   9.5716932990441830        12.001214334927520        27.165122220681656     
  -5.6408485829888763E-002  -5.0748661108861393E-002   2.5568768802673603E-002
   9.9559367768329903        15.343000184637898        11.197268350641423     
   4.5095952801464396E-002   9.0561208498591728E-002   4.2276072661112229E-003
   2.2699893210171407        8.7665736328747030        17.518779842369714     
  0.13171772976216303        1.4095742430109769E-002   8.1250286458959514E-002
   19.343010467815478        17.505305570955798        20.710063311543152     
   3.8978829845846830E-002   6.5901650327426925E-002   1.5446422487085866E-002
   20.502213006342753        29.227420765333150        6.0409172126725910     
   7.3310678775189334E-002   5.5835289443021130E-002  -6.2606433532705244E-002
   21.728942659670320        1.6368263335242992        24.127773729376059     
   4.4488900256328678E-002  -1.5776747589091290E-002   2.5129373764515704E-002
   4.9216399881157340        19.456302930452363        3.6527199482187127     
  -8.7055992132615126E-002  -3.3532847083167380E-004  -4.1176854695971016E-002
   24.610549318023143        23.518510300447034       0.62595013846559233     
  -1.8376692181976673E-002  -1.8105117352986429E-002  -3.9173469615023668E-003
   15.021929996577114        21.389105057990911        17.363587091319822     
   1.6545805698618594E-002   2.2689631051917861E-002   4.0675217995676263E-002
   8.1030683722445289        26.809389263866933        18.046936412297161     
   2.2078065598748642E-002   4.4819729595514904E-002   2.9585771321904559E-002
   7.9836401591765362        4.4246275685696990        11.578997204192367     
   4.0059830636020050E-003  -9.3486566998254264E-002  -5.1867274693939642E-003
   22.033431457625561        9.0202292153326535        27.283568247704942     
  -2.7676901379574282E-002   3.4859365355059693E-002  -6.2370352909759307E-002
   18.551810816941394        19.832280431902291        23.417840895181953     
  -2.3264266600037269E-002  -8.8392684456220713E-002  -6.2636174551206026E-003
   19.318452837708197        21.925576930761864        4.1298104422814852     
   6.5297672922156352E-002   3.4263829946626981E-002   1.3967625616390174E-002
   7.1755178399182293        5.5229003123311156        17.124994257913823     
   9.7353376676595091E-002  -6.5940910089457488E-002   8.3756363644354029E-002
   22.805607542207021        1.8390181774860288        2.0742405539607809     
   2.4669559395151565E-002  -1.4511221300850250E-002  -2.1968337499216968E-003
   9.6225347047600103        27.230124485554501        28.220348828044781     
   6.4902552251465781E-002  -5.4105962837368354E-003  -1.4693581134222748E-002
   8.8123872048956216        28.346481381248751        11.059534315707829     
   9.9139666285295771E-003  -8.5293860318500572E-003   4.0915576912348720E-002
   20.721388131087849        6.2109315773713165       0.12011786041007456     
  -8.2819168450057823E-002   2.5755360824390012E-003   4.2779731803295196E-002
   28.946092632105696        15.630732516048356        8.0787050737870469     
   2.2677215803941310E-002  -1.2835166102567012E-002  -7.5682700866145369E-002
   28.308076553592510        7.4760334291483810        15.309683517843036     
  -1.1428578320521066E-002  -7.6129125459106370E-002   1.4642232581193626E-002
   25.053694603960849        3.3814463389854974        23.706736996237780     
   5.5705223602890902E-002  -1.6809333277844733E-002   1.3719607973795863E-002
   25.639070746926752        11.289335318670481        18.911605522500111     
  -5.7318856025929683E-002  -2.6036857515122018E-002  -7.1985007660152797E-002
   20.145639532424298        6.7649860476579189        19.637372680939450     
   1.1587306401935500E-003  -2.6024124841556241E-002  -2.8924602152682031E-002
   18.092958482472010        12.082067885473050        2.8598490694127081     
  -4.1884852314150178E-003  -4.3903294492046746E-002   3.6973098957028598E-002
   27.788571643907105        20.821353494812840        28.429710325690813     
  -3.5390057755148030E-002  -5.2239703738505554E-002   6.4646600459393230E-002
   14.168141815019661        29.367545981399704        3.0279756319128261     
  -3.5775900063560837E-002   2.7093956272832273E-002   4.8382185825484834E-003
   28.603050553202092        28.387656180200995        22.674135691857934     
  -8.3213593319038159E-002   4.3186978819889033E-002  -1.9200135926099073E-002
   20.986518216858506        5.0135675241296904E-002   16.367090515633954     
  -8.5324348631123370E-002  -2.2617715484564175E-003   1.9641489387537330E-002
   6.3063815292033025        15.175586366413913        1.7753102872240798     
   1.6818549447023563E-002   5.3136743820520735E-002  -3.3507805189823874E-002
   1.8437741894579043        26.803976323805113        14.317317472803483     
  -4.5709468145583035E-002  -6.9041218983309796E-002  -3.2666069531582305E-002
   7.8067957949128104        12.868332969373032        4.7777151174614438     
   2.5790564557974655E-002   1.5918177828543371E-002  -6.5568570843422713E-002
   19.184324598491791        16.861599027284072        26.956626734129934     
   6.9257071032737885E-002  -7.4222587588949770E-002   3.3982275774774758E-002
   2.9713472907745602        3.8683658073734533        6.7090230220632705     
   5.3667420273444212E-002   4.1075147373932773E-002   1.4126071810625791E-002
   25.231510617157252        18.526067919819024        29.512277363499667     
   5.6334448171670812E-002  -5.6989601629416950E-002   6.4212880267586925E-002
   21.891710829447316        15.872046779389875        23.681027944496343     
  -1.5741799260724791E-003  -5.6864780442437479E-002  0.12162605703332273     
   10.977102385860931        8.9860380701648150        28.281529467371545     
  -8.4145757690190684E-002   1.9770212990855469E-003  -9.8961840375627261E-002
   12.003178442569707        29.178109745930822        6.2159442566441516     
   1.8011696717264637E-002   6.5036382963668017E-003   2.0687222117825470E-002
   27.888921291413805        20.344053638551028        3.2241252062062062     
  -1.7772436046067312E-002   4.7360863277884017E-002  -2.5170191724918779E-002
   18.012811116467134        1.3931854006797577        17.485630513100141     
  -3.0346316854467918E-002  -8.0762233078352300E-002   4.8195888860650127E-002
   7.1048548398244256        1.9523208119790960        7.4484823732238050     
   9.5995351560361972E-003   6.5773312122364841E-002  -8.5953385990085993E-002
   12.371559455681924        28.808249697631798        24.087306790660609     
   9.6282735775465977E-002  -1.4474789328392527E-002   1.0235660053692166E-003
   20.278635423276118        14.089885116653479        5.4445597708361895     
 -0.12570659722906907       0.11954673897797649       -4.9950430610376809E-002
   14.856818299381562        21.714174691079883        9.7687254445248204     
  -5.3504115007141518E-003   2.6950021303045659E-002  -4.2122573374368645E-003
   4.6097244984002961        2.3484228700377758        13.253856257750044     
 -0.12514778425938050       -5.4560566073754736E-002  -3.8928108684219680E-003
   5.6710076136430301        22.089456727638513        13.849495478008121     
   7.0581270342021149E-002  -3.1324014164000227E-002   9.6321419966092281E-002
   18.923605816312939        12.259455582945447        15.032222094518586     
   1.3557400882469803E-002   4.9011465858056810E-002   5.3526666556601495E-002
   8.4669780199866391        21.317552253180558        12.369933353737942     
  -6.2178429884431313E-002   6.7387447715001741E-002  -7.4423429314004419E-002
   1.8680281840253758        3.0848086994794537        10.425925524871584     
   8.2833051935309779E-002  -2.2115350433976937E-002   4.3325889970014554E-002
   11.838143297017846        5.5672000162360549        17.722957776281387     
  -8.2874286324007597E-003   7.0906635932988876E-002  -7.3053037708196615E-003
   15.768811349873467        8.4336449162122822        22.023995987239719     
  -1.3172322145700719E-002  -1.7419731254007093E-003  -3.4774012352226241E-002
   6.7882945377020585        23.423114550237830        10.322037660925252     
  0.15577680551628814       -8.6049157497676304E-002  -3.7418762477533341E-002
   12.672428230102701        12.161029217544609        20.663831452281801     
   1.2222180359714126E-002  0.16792559472561353       -3.2264265950011424E-002
   21.555747451461958        18.257913867126895        28.662957530067086     
  -1.3101043603124410E-002  -3.2822906678642523E-002  -9.0890743273658578E-002
   11.831699279803424        15.896803452831168        7.8026830929971025     
   1.5033200211957084E-002   7.1562129879217132E-002  -7.2169431039187298E-002
   7.7258516437630611        8.3118813816657262        27.433505492810944     
  -7.1946116505748878E-002  -3.9766812598044064E-002  -8.9639449957954712E-002
   23.306802596326943        27.498650563193046        18.642685149580391     
  -3.4916815675176860E-003   3.1684142956885597E-002   2.3384791499988636E-002
   15.558047082035182        4.5021336728903041        14.927522557573958     
  0.10073422811639554        1.9493594462339603E-003   6.7947659957386830E-002
   17.910202434912474        21.168993056049747        20.454672145761965     
  -3.7853402337581804E-002   6.9920988516314906E-003   3.5389361445415288E-003
   9.2677470638953103        21.304430642791335        5.3609365665767044     
   2.6068460704441038E-002   3.6234022624964141E-002  -1.1004471589604480E-002
   9.1924900480606517        21.859666412563502        26.178791180167043     
  -2.1814302970325473E-002   6.3582149369621324E-002  -8.5423828902662757E-002
   19.060782319495591        17.224644725996161        10.424605532238401     
   5.1218094841563089E-002  -1.3665365756124651E-002   2.4530755920285762E-002
   6.6177822769834478        29.003216008378931        1.4613210325571147     
  -2.7601317763671075E-002   2.5740098143385608E-002  -4.7912620585739883E-002
   19.588450751093131        24.763545962652952        22.698257398664641     
   1.4813023837887070E-002  -5.2977745832424289E-002  0.10750554028319163     
   17.282097785506878        11.676373119843314        7.5210436515308725     
   2.4782767291455506E-002  -4.6758408133560553E-002   3.0179955505970923E-002
   29.393626584030034        8.5073405656520915        9.4285052344992497     
   3.2571889934053452E-002   2.9746734514485302E-002   6.9582563229005828E-002
   9.8895729738461267        5.5560906153882064        14.532982391855526     
  -6.9355832199179318E-002   2.0880879968830871E-002  -2.7332829435157302E-002
   11.523001155992810        2.1922301747191062        15.631500871360151     
   1.6205773839922073E-002  -6.1563283882453109E-003  -3.2866801208169330E-002
   13.479766080396553        2.9185701604674006        5.7753224102852814     
   9.8929423690333515E-002  -2.5420145956916291E-002  -4.4986500031327613E-002
   14.483885465642148        27.940467504962413        9.5895448083790615     
  -8.7104708582106422E-002   1.2685466117239790E-002  0.10923983599282520     
   26.758863397671043        17.914276505200526        26.477430337881643     
   6.9475178290605150E-002  -3.3808353997193549E-002   7.5994038567147660E-004
  0.40365776766526296        4.2123972237047784        8.1380465729843129E-002
  -1.1431413072827188E-002   1.3916330060979654E-003   2.2914457250043180E-002
   18.651084379762231        17.749181010877116        14.495134015144414     
   4.6431996128128053E-002  -1.4680573346604602E-002  -1.1118540882999698E-003
   8.5975875079659811        10.469101873891953        20.599915938553963     
   9.3053499626793074E-002   3.9575037437073718E-002   1.8774033703288046E-004
   28.709671358556935        21.637864729160288        19.086660732544217     
  0.13051477724072344        2.3746878736789108E-002  -2.0643532556804300E-002
   4.8783010419992490        20.408448966407022        17.434819802068716     
   1.5345134606210441E-002 -0.11204992536771105        1.8504290442437468E-002
   15.332762260233828        12.535916437716240        15.166724090374876     
   1.7065676379192897E-004  -4.1442972376106939E-002 -0.13683253259713690     
   28.280672671239902        9.6804245957768291        12.528152831884782     
   6.5883681673293365E-002  -3.9122001241569247E-002  -1.4588871558290268E-002
   4.6368050549930633        1.1154609032411336        9.5443206052516807     
   5.3489263719692898E-002  -6.7606470186993520E-002  -9.9424730428117392E-002
   19.247726928641292        24.918010552654437        28.016180128601512     
   2.1804495134236188E-002  -6.0804668099943185E-002  -4.3917428366703481E-002
   1.2389703289918186        17.779664292141799        19.448378990195632     
 -0.11611232365512283        3.2950827782979787E-002   1.3762986446571887E-002
   25.541034981603861        23.792187455664372        10.861239112722123     
  -7.0533804975782613E-002  -2.4413387538515623E-002 -0.13901139495264281     
   6.2323474878473730        14.986485614664664        13.476887108377465     
   4.8450729564084409E-002   5.7306638335115491E-002   1.2062813107298821E-002
   23.973623160433338        15.137297803962511        17.237316387193847     
  -3.4879140651835894E-002  -3.8723698548318752E-002   2.0139536067969258E-003
   8.9474734492048533        1.1160164647468456        23.336575574761401     
  -1.7381757683288649E-002  -5.0509468466346318E-002   4.9178577937004114E-002
   4.7495081228033706        8.3301913924795539        19.999489686291479     
  -3.1424789144646359E-002  -7.4295389869992977E-003   1.8744518394163877E-002
   5.9337727127173903        15.248583422785369        19.110313105899653     
  -2.5527860211312779E-002   2.8199616452679984E-002   1.2150046131425639E-002
   3.4720723871436876        26.433041332821006        11.346057558245262     
   2.2324546226158690E-002  -3.6321471986717264E-002   2.0227458735348074E-002
   1.9346366050859904        21.503305892456925       0.13472919614544882     
   2.2542640857044757E-002  -4.8810697015475045E-002  -8.0913335468490218E-003
   17.647361926063883       0.10626607413509333        2.3319493210175750     
  -5.9107029143011056E-003  -6.4809381104179616E-003   2.3096337864261335E-004
   12.704378733892334       0.38856921660214117        29.436007248601488     
  0.15240972398560251        6.3003086554545715E-002   2.7682345936350612E-002
   1.7908708491455652        10.535155916106817        22.732860044119001     
   8.3619035857326163E-002  -2.9749111937785823E-002   6.9651278537021530E-003
   12.320536916170290        14.177893762527457        28.436371031880146     
   6.2003235618922188E-002   7.4703129281248670E-002  -9.5424332713655250E-003
   18.870569062005540        7.8861002142836449        9.0900313614388928     
  -2.9203070817158804E-002   1.3267111806492357E-002   3.5372684118989486E-002
   19.456371476014006        1.6647025139429790        9.4412562160061970     
  0.10512202395967565        1.3895548420187881E-003   9.1705255328623766E-002
   17.663937752467906        15.448873309200030        22.783618413570629     
  -6.0018097485697773E-002  -3.4546789539940288E-002   3.0624254495014443E-002
   12.443088308745725        21.891199945815593        25.550364308190687     
   9.3326457072068755E-002  -7.2047302142500561E-002  -6.5856286948720019E-002
   23.443474542453004        25.636578782354402        24.597476853860726     
   8.7138200380629277E-002  -9.1748425887952095E-002   9.9136718852401287E-002
   7.0466136160057546        25.366120284844538        14.468347165488133     
  -4.0483317529459710E-002  -5.0956222766386769E-002   1.0445027945441181E-002
   10.080737288600034        28.564611899250483        15.099293221191894     
 -0.10189051848269308      -0.23059583241133530       -5.3746310638377141E-002
   27.781152965334986        26.604516838914247        28.253185744351693     
   7.3165517713072378E-003  -4.8921266585444635E-002  -5.7414345247797254E-002
   24.810694465200378        18.391183075778009        4.5620921911809207     
   8.6305579595594206E-002   2.0198842825688488E-002  -2.3013851072844396E-002
   11.314115281726716        4.8882343894218341        23.986479635038666     
  -5.9160037618925403E-002  -4.6806327656476526E-003   4.2971991857462595E-002
   2.7095371347062458        14.168215570337560        7.5597398071282242     
   6.6281685186676792E-002   3.3473581988004354E-002  0.14328639295220996     
   22.889658723303310        5.2385871598190672        18.094213439961290     
 -0.10215792286972863        4.7416892893352498E-002   5.4056677761280446E-002
   2.6078341959299376        18.913228275142114        24.206674465256086     
  -6.9001529723313568E-002  -4.1903367489800718E-002  -5.6840188311684040E-002
  0.60996029659949769        28.276016052133794        9.9720597111405347     
  -5.5507245166801139E-002  -7.7818167910034229E-003  -3.6060766351450058E-002
   8.0587322366853318        17.867361817152212        18.793957980786349     
  -2.2207446251449828E-002  -8.4541751291271838E-002  -3.1394096038339460E-002
   16.314021535550339        27.526900081073197        27.582369772711036     
   5.1167232685348805E-002  -6.3246782862997550E-002   7.7185572578631588E-003
   25.636781952616023        16.795894285961424        8.8534664979734448     
   4.1115532746515649E-003  -8.2763403437881508E-002  -4.0508696456338709E-004
   19.943692981253477        28.092817162707867        25.962580563843186     
  -7.6083483515313632E-002  -5.5651308248440237E-002  -1.6959709619798109E-002
   15.204411291296074        5.0649394482563430        24.798191097002814     
   8.6869724891978611E-002  -4.7013349582561079E-002  -5.8466266545409089E-002
   3.9123191747282076        16.698306109455828        26.466261518800778     
   8.4353291948866566E-002   7.4630234942714424E-002   6.6173601897401846E-002
   15.993308835786213        1.1427327516451711        26.937512146319790     
   1.3040373987902863E-002   4.0624169949462212E-002   2.4776215700643329E-002
   16.628086892846774        9.9504223544916854        12.711999446553286     
   8.0780260204849436E-002  -5.3883528414677397E-002   1.4604954471200965E-002
   20.661173365036571        10.985258979411487        17.985467433466493     
  -8.2276000783929951E-002   9.6357035604047164E-003   2.5343607826779670E-002
   12.862419755825062        27.217499579242606        27.192871339603954     
  -2.3118468914508975E-002  -2.1259874444136077E-002  -6.9675559755007027E-002
   26.168153990151268        11.002938889072224        4.3202108901567424     
   4.0975082551823340E-002  -6.7934546080142488E-002  -8.4666323790648201E-002
   16.176453617951193        6.0835467923149587        17.905238403448450     
   2.7933131839425609E-002  -4.0503562261035839E-002  -2.5231608587860575E-002
   23.586749373925855        13.965050626757181        4.2229982743964340     
   8.3043965003084849E-002  -1.2003036736524478E-004   5.4729374114306686E-002
   8.2237008885900451        25.135475822594525        2.0045310579021871     
   2.8384830880007563E-002  -4.9655310068754704E-002  -2.1042293489606682E-002
   13.238436223164090        11.290757797644465        27.469151179228792     
  -8.2106794873487765E-002   6.3978071093403754E-002   1.0493378604157477E-002
   15.010981825663496        12.585928687668204       0.80530647997957916     
  -9.8224297484682407E-002  -3.5379152027194549E-002   1.9380853770951108E-002
   25.537360115263233        8.8324000734347372        9.3468104556687663     
 -0.17676865280348347       -3.9276770198599271E-002   4.8576439634820466E-002
   2.0815905951902893        25.181901278550022        24.031359653074301     
  -7.9485927191710933E-003  -7.3285236763268813E-002   6.5714984550065539E-002
   13.119995214146973        28.697689255404661        17.453579604252106     
   9.9381109272598488E-003   1.6492705226266217E-002  -3.4491219088803385E-002
   2.0084218256657005        21.925165235207245        14.029971160038837     
  0.13910058985754956       -7.7242656675799354E-002  -2.1231614197282154E-004
   11.324206478240221        19.498831098216332        11.508299853214867     
  -7.4790623976486795E-002   3.9014264294761521E-002   1.3677061279164413E-003
   14.084156903482201        6.4697745396557416       0.29615635457574319     
   8.9347738467375135E-002  -2.1768167337557891E-004   9.3418635371747730E-002
   22.712608808005637        22.099972936036583        12.581562399362529     
   1.8448245918796211E-002  -3.8118704044861132E-002   2.7341651842646371E-002
   8.5122250798753143        12.027348007087966        12.827949279140945     
   3.8321788091039741E-002   9.8782608962706825E-003  0.10316003143035345     
   26.630776193004014        18.088723535952276        18.338079253590447     
  -2.3843105834868646E-002  -6.7049617189087654E-002  -1.2693574983159778E-002
   12.765139375766756        12.941186339639119        10.984108283123300     
  -5.4875567802524179E-002  -8.5640561516085231E-003   2.9877049585430419E-002
   15.503746785757803        3.8521068916342558        8.9361679354102410     
  -3.3993507962515636E-002   2.9754712981470165E-002  -4.8712088796375980E-002
   19.353575222033609        3.1338066877024850        6.1379998268087457     
   3.1854429962572026E-002   6.6564985079925381E-003   4.2048891941620543E-002
   5.1857962720170070        12.053734242050854        11.391337317475331     
  -1.9202484051244653E-002  -5.6475050234095485E-002   7.7141650569905768E-002
   21.122778600837716        9.4638327729837730        5.0253898469877480     
   3.8276595652011025E-002   8.3510597405300299E-002  -1.3630757619592546E-003
   3.2531227846187241        25.051490620025248        29.245275109631489     
  -7.8480223525961346E-002   2.4352938866183917E-002   4.6873913038663867E-002
   14.997239991206190        9.8961950956137859        9.4519496339906155     
   1.1054325439007674E-002  -6.0584716694800207E-002   6.2966761990486064E-002
   5.3487454647622332        10.600661346273561        6.6002387225283448     
 -0.10721265124279787       -2.8208996879299369E-002  -1.8598686955384837E-002
   5.4975720494988174        26.088708697850091        23.421629793318385     
  -5.6718503068071927E-002  -6.0951019249749903E-002  -4.3545090455172943E-002
   23.002378629516055        17.303347570084330        20.380465470968755     
   1.7012975339404459E-002   3.3439963310992589E-002  0.11603460203200648     
   25.327703763648788        7.6740822842389935        17.914244357561781     
  -2.6923397816209574E-002  -6.9454503866966680E-002  -7.1701757454288570E-002
   26.375362806311948        23.760994567409497        4.3971610513812447     
   5.2603406346569494E-002   9.1979616500850944E-002   2.6787202091800616E-003
   5.2155234813739275        28.160380152339236        15.890573678227724     
   2.9841240449322307E-002   3.1001488449899127E-003   7.5186724405573646E-003
   17.039013543163840        13.877825705895306        26.280303792605192     
  -3.0941696528267622E-002   3.2871604648707586E-002   3.4106162301948753E-002
   4.7994148317384449        11.433720477303229        2.2566656252546231     
  -6.2971417980005634E-002   4.1353447618540901E-002  -4.6161444138139718E-002
   17.870498634985026        20.758871586992747        27.331534041228501     
   3.7378828255045779E-002   4.0574281904074284E-002   5.9261583437626032E-002
   13.065275369086718        16.418308767108815        11.141980339307752     
   1.9317706336474286E-002   7.8277728872315835E-002  -5.0766453826631740E-003
   2.4008995069114221        10.224163810348232        12.375371705472809     
  -3.4427189045943232E-002 -0.13468373490450972       -5.6912643532987695E-002
   29.491357667368820        23.368086573176384        22.391223667371619     
   2.2690194044902724E-002   1.2600978507512604E-002 -0.13191836867229031     
   11.257257022450492        27.908571861381688        2.3974854933553376     
  -1.4210253958910008E-002  0.10074271211674758       -5.9609589859883037E-003
   10.001540536796902        14.357401714645782        24.920187249256525     
  -3.4724871400706590E-002   1.1305687834072995E-002   2.7159262316190928E-002
   17.274651128037604        21.496658158017567        1.7016005250168167     
   3.8260974173198049E-002   5.5021430295387377E-002   4.4673933204202564E-003
   20.427935326710163        27.323027592208668        1.2198785062421051     
   3.9935506244194445E-002 -0.10167294622164133        3.2898737145670688E-002
   19.408134811689454        17.478770175941555        6.2800148109453744     
   3.9815930830341219E-002  -3.8536823342988797E-004  -4.7114659985698040E-002
   16.562607130868749       0.71260126072599195        5.8210624663871027     
  -2.8469471403879724E-002  -7.7666646523008327E-003   7.8129324023619259E-002
   15.183856826248842        19.036147898314489        6.5781227905720412     
  -4.2870276411141793E-002   3.2768679758956821E-003  -4.3843740046710954E-002
   29.446445664914620        3.4766889100759371        14.612231421401283     
   6.2483742385091849E-002  -5.7202835902069298E-004   2.1069067199312716E-002
   3.2365309233804620        5.9451096934398100        11.412143032573903     
   3.1890686374399936E-002  -2.3986843405492037E-002  -1.1994871734829280E-002
   12.062377845117691        9.5520481844848533        7.9291420072981644     
   2.2196929147079665E-002  -2.1071079684414785E-002  0.10811758550049178     
   21.841910033768613        19.108828372786245        24.610964814250885     
  0.11473156610713224        2.0419183601536703E-002  -3.0245068062332663E-002
   3.5326600280990270        4.6765535644682030        27.437740429101762     
  -3.6608393981614876E-002   1.6419714882358639E-002  -6.7191898700895729E-004
   22.793904506975206        11.744911175400130        23.081260822148206     
  -2.3228766123602113E-002   4.3444974352725735E-002   4.9613541081562136E-002
  0.46528913838388486        1.3754782456359411        6.9803199674240313     
  -5.5424322545875468E-002  -1.7534814774298013E-003  -8.9195817193493912E-002
   21.785794691527133        15.601656597212152        13.990640892238174     
   1.0183672130899084E-002   3.9883775971895748E-002  -3.4672155202223984E-002
   18.491022469899761        10.086390654360782        20.330424474044285     
  -2.1472358937068631E-002  -1.3598310664337199E-002  -9.2575104291253471E-002
   8.8924664575549119        27.329155318580010        24.548769170381146     
   1.8448480648958352E-002   4.1928860198794729E-002   1.9750934060923708E-002
   11.802943677830884        20.448503348834748        7.5462734010726322     
  -2.6882475347023930E-002   1.7691855642719887E-002  -1.1738035081536142E-002
   8.1690753226933950        21.450271034522839        2.3723780849487137     
  -7.6536582112506107E-002  0.14496834028362413       0.14266835958195892     
   11.335736843805590        2.8217173725895739        21.068576032675736     
   4.8651255116595439E-002   6.7758314056507993E-002   4.4149159399916524E-002
   19.772252611105653        4.6802921123747083        12.058427228979891     
  -1.8577909944400704E-002   4.2647832327661200E-002   3.1451241136072672E-002
   5.1645692786860105        7.0908122935811440        14.392222149010856     
   1.9612920011331254E-002  -7.3867412550962325E-002   9.5308337065767006E-003
   26.700372420626287        2.1422835750573270        8.3208663155817888     
  -2.1213589574609237E-002   2.7166199081546149E-003 -0.11175022695882790     
   1.9233474807243307        27.569888380126709        5.1193355485842167     
  -8.1007401428676490E-002   2.2277557419076940E-002  -4.4111558091282928E-002
   7.7794988958206890        10.495521323741407        24.482793613319664     
  -7.1491640819036154E-002   4.6716926344316401E-002   5.2433611153298497E-002
   4.1956862825832761       0.50660121322633056        20.880404904049627     
  -8.2220351595148317E-002  -2.2454591925925020E-002  -2.1979052700675999E-002
   21.353826235955232        27.944791890467538        22.450589456785341     
   6.7105938540561938E-003  -4.1941916437228374E-002 -0.10339050030686245     
   4.2765410110937037       0.63400121915130891        5.4527861614175528     
  -5.3133583802650423E-002  -3.6989629751660439E-003   3.4827386460155187E-002
   27.358400324550413        20.983972084356278        14.697207536306932     
   5.3644260095877978E-003  -5.4401081199700312E-003   1.0937447678814986E-002
   9.4500733837156403        15.205249605611549        14.889913191308160     
   2.8480044754386528E-002   8.3819237557591256E-002   1.2633046045655259E-002
   12.549281786371873        14.695942716727821        14.542333865603469     
 -0.10112731761907652       -8.5546945626435861E-002  -3.5701833467853300E-002
   25.748027625514723        7.5193337635938162        3.5579158724767845     
   3.5063646259219448E-002   1.2935593033552906E-002   2.2695984077775479E-002
   7.3334611791863082        4.1756086641852326       0.37696334912372975     
  -8.7713764537962740E-003   7.4669143042440836E-002  -5.8643368115834468E-002
   27.612424955893214        16.354505846229252        1.7276716296820684     
   5.0553356279772026E-002  -1.1817769890602020E-002  -5.0408012896544577E-002
   20.055651822928741        10.306582573102174       0.77276430227064385     
   4.4512276199749026E-002   5.6598033251843746E-002   3.4058177974739721E-002
   24.857040042848325        4.7746955230212320        20.756342485568066     
  -9.9393932165593377E-002  -5.0346807185428062E-002   3.8293957227005189E-002
   10.272052387306493        25.194536055804583        12.325223759610656     
  -9.4872984558929396E-002   8.5914093751872075E-002   1.3311129059351501E-002
   5.6984342879294445        10.850554474541850        15.021455602630617     
  -6.8857172012391873E-002  -2.7239973890596549E-002   6.0963375984514311E-002
   22.706697782331521        15.291051787069065        10.291633207058322     
  -5.7658576414745359E-002   3.4809960592568717E-002   3.5133928834760693E-002
   5.9806234035074315        20.260420819952387        26.747883513622764     
   1.1565115162489375E-002 -0.11796645462299840       -4.2967539126347626E-002
   22.135054907608264        22.485169503321924        6.4885046137865912     
  -3.8350371510587594E-002 -0.14347322471882382        7.4851973865743937E-002
   28.728104021451482        6.5214437305322308        21.795451426161389     
  -1.7364964990440507E-002   2.1893951724432622E-003   3.0609768927944748E-002
   23.412644286709156        12.141388663553847        29.483710711991780     
   5.4167560561947603E-002  0.10816840862425828        1.4562968787332120E-002
   2.2389002530081648        28.632199036662357       0.91769578292814002     
  -1.0277989252874016E-002  0.13438329692897780        1.3919476026838176E-002
   16.302619751356868        18.269193603693957        17.988744157960340     
   4.0243843898182662E-002  -9.6491821459540987E-003   3.8240433922935621E-002
  0.43653821869126358        17.128670729881737        11.151661519443895     
  -2.3654403370378111E-002   3.5245720087220427E-002  -3.8004041330808362E-002
   22.435977202280846        27.139616544935514        13.149082743297082     
  -4.2274963095958663E-002   4.1477652557669734E-002  -4.9732173222317252E-002
   25.781854737952699        9.5333479184708594        15.183998327781655     
   1.6429784141448786E-002   2.2414679882609194E-002  -1.4180988921921978E-002
   8.7432087701911811        20.988712069468473        20.483351512699393     
   3.2417862039581358E-002  -1.1035191381768108E-002  -5.8553875605087194E-002
   3.4630276013499910        7.0560477480927375        5.5882316744469041     
  -3.0301492935405929E-002   1.4828214803030005E-002  -6.7291289728287962E-002
   5.2995855454068588        21.592391100169046       0.77596697890157751     
  -6.6491648792699184E-002   2.2827920895479411E-002  0.10800046757501537     
   25.040800444835927        5.3654426217785796        6.1208692259838591     
   7.6824171136871053E-002  -5.2571479366486908E-002   4.1834367881330957E-002
   9.2297805742746775        9.0337957992545626        14.849330841507335     
  -8.9736819853067831E-003  -3.1636060874796465E-002   8.7109486049593621E-002
   13.553782832586860        8.6639063420992350        12.353860650889253     
  -9.8656290195723514E-002   8.6289975853788822E-002   4.2442422686477368E-002
   14.417746636296121        24.887603362446033        16.865646798919141     
   4.7065342046894200E-002   1.6887002425457421E-002   2.4410845107623477E-002
   28.602647098207004        23.006753351914075        1.2974715244756929     
   3.9506357514041100E-003   4.6559985394869323E-002  -2.3848979691316424E-002
   26.098701510735385        25.373005141039791        22.501991572767182     
  -3.0803398503219444E-002  -5.2768883761078239E-004  -3.3796825237230627E-002
   13.199579785114906        3.6997084838557264        27.562631404330329     
  -5.2060880262318247E-002  -1.3005137000356534E-002   6.5709223906038741E-002
   3.3637490413057107        12.022550436172988        19.129575566775969     
  -2.6127577715064774E-002  -8.0642176526122725E-002   6.5286073453157206E-002
   28.087440931430873        3.7987775825906174        18.161826176583386     
  -7.3663305197422035E-002  -4.5831271462439323E-002   7.3080214474478725E-002
   16.768830656745525        15.875597854546124        7.7979910637476211     
   6.0508525727625627E-002   6.3244615629650086E-002  -3.9623948477322563E-002
   4.5087239210133285        29.412568169416154        24.279565327007749     
  -4.8388564571303768E-003   1.8010303357504195E-002  -4.1622204166371898E-002
   22.320914381919181        24.628077541180406        10.419353377315600     
  -3.1008532474392902E-002   9.5959710382112928E-002  -7.4143196220299246E-002
   14.476292461128644        11.319299575215659        18.076609334033812     
  -8.7127813458384565E-002  -2.5734567778712660E-002  -1.4085100331149377E-002
   8.9179231579134015        13.683308989381867        21.739593359647543     
  -9.1772751550724521E-002  -4.2614295185382393E-002   5.6353503045225996E-002
   24.233041679464208        9.7229410231498061        12.132022548874811     
  -3.6253221858334225E-002  -6.8828914177610657E-003  -4.4184287340961519E-002
   18.438530731906866        24.097877510877815        18.878179737738481     
   2.4682403473917893E-002  -9.9373192071498220E-004 -0.10816039440771862     
   2.9178170387514393        15.828926124234792        22.628957214358284     
   3.9345790767238480E-002  -9.8827095105034398E-003   9.0332704787487225E-003
   28.741625144721120        24.994474697990281        8.2942283288938707     
   1.8998027651300303E-002  0.16046127860370307       -5.0352059046555641E-003
   18.773794708681951        13.017661063206413        11.223679276499913     
  -1.6006521111645085E-002   5.3800715384636211E-002   8.5134890955371953E-002
   15.966955502642941        14.042025559846900        10.831767889005807     
  -8.4544236960632457E-002  -3.6984471252316693E-003   7.0554911479500756E-002
   5.4997964153759549        22.819317280050175        20.354180080551146     
  -2.0543977752030063E-003  -1.4857380145567025E-002   1.3813730967231376E-002
   14.436797596276429        26.254629062220229        4.4097804049496281     
   6.2847644768622729E-002  -6.8899807426371654E-002  -1.7881812624065435E-002
   4.5950287377395078        27.903389105219841        27.608138392606872     
   2.3318108394119939E-002   8.6487731710391841E-002   7.8372614582577459E-003
   25.363389829956297        8.9874256479015440        22.554930012596419     
  -7.6257243690177764E-002   5.5270541597589040E-002   5.3562592658569419E-003
  0.71129198362309365        24.461627363888436        4.1181511596578488     
  -4.6117363926594657E-003 -0.10725392787737827      -0.13738724214067435     
  0.64288487289251872        1.2922327184800100        3.5129294872085195     
  -5.4284763263552270E-002  -4.7634441487268329E-002  -8.4849511837898878E-002
   5.0185481279506030        12.175279684345428        23.305199770882389     
   6.5819410846726586E-002  -7.2949023199161106E-002  -8.6863520846704265E-003
   27.676472256021427        14.990290412661119        14.500218332875939     
  -4.9543234262045648E-002   7.2881525000884637E-003  -5.3693483482679582E-003
   8.2474674955281237        2.4417865473080522        14.475110638171587     
  -2.3219733627446677E-002  -4.6169207371920762E-002   2.1500755488875513E-002
   7.5438215303841289        18.216050589017527       0.94201571826213448     
   5.5721840008857035E-002   3.5941484565230837E-002   4.7085421154128186E-003
   14.241814875209236        13.297978890980881        7.2725336309598303     
   5.7926971518337108E-003  -1.7416067882761125E-002  -2.9893069629023820E-002
   6.3455372571972024        3.1747196428859175        20.036491204227495     
   5.4370008087945669E-003  0.12596185719065520       -5.0884218139006801E-002
   24.251692734531606        28.436502020842070        15.807599149285302     
  -9.1862880554604509E-002  -5.5981043663112240E-002   8.3706496069183067E-002
   8.5211311751604644        19.599599794127354        9.1882553524309447     
   9.1537904854154764E-002  -9.1272912299681208E-002  -5.3958082458202647E-002
   22.567974701519745        17.899592267012103        16.104746706863324     
  -9.6893051629825505E-002  0.10135146349124617      -0.13327541656473973     
   18.495408046672907        6.9802130886192959        3.1091872301272994     
  -4.8372389122306729E-002  -2.7356473842433938E-002   3.5512616966026180E-002
  0.30044575545646235        6.3577651697124660        18.572566695026751     
  -9.9370267007118970E-002   5.4209549135228602E-002  -8.3053497473488109E-004
   28.632616960722491        12.148809104038536        6.9443667035742518     
  -6.2786453848905591E-002  -1.3402276073898239E-002  -9.3493833055208017E-002
   25.654328588542082        15.635691969027700        20.662426985414665     
   2.3653562207912510E-002  -1.7405414460188100E-002  -2.6341058451575708E-002
   25.074248249871928        3.5325995892490334        15.892811541597897     
   4.1551715375871066E-002   2.4700836494504254E-002  -5.2253534617364920E-002
   11.095738197837235        21.253506927806804        16.085601952533043     
   4.0431526658815164E-002  -3.0541349667672336E-002  -1.7713542399602933E-002
   7.7333571989114009        17.945381409798340        6.1487000748556380     
   2.4221705436653473E-002  -4.8189999761000697E-002  -4.0784143513468908E-002
  0.83606244708065081        23.828133592196995        27.508064811286633     
   6.9393033944264798E-002   4.1794446426839507E-002   4.0164387258808693E-002
   13.711338884085718        7.9864202197123726        15.866381331279673     
  -9.0344813316606223E-002   4.7247872782984396E-002   8.7719815272943539E-003
   24.464848527390679        21.560650369982877        27.086276969764114     
  -3.0755767618228763E-002   6.3587355744046059E-002  -4.0197303274138096E-003
   13.160007480346867        6.4297528525877450        4.0355981332096507     
   3.9917965617002414E-002  -4.7912271608909582E-002   3.6170447682563256E-003
   19.357428623651892        27.703997878635974        19.460719880334153     
  -7.5815111974725499E-002   5.6264154025834345E-002   2.2400972819881061E-002
   3.1857228072257708        23.474656762112755        7.9524659778109221     
   2.3351204936752291E-002  -6.2053180907075669E-003   4.9248862905927034E-003
   27.499550092985281        27.148078437949188        3.5852484329933207     
   3.7858260229487350E-002   1.8254705878689617E-002  -9.5979897278505144E-002
   2.1978207282256013       0.37960056488386829        14.841769590164136     
   7.0482833072908577E-002   6.5240759095566661E-002   3.9527599631045504E-002
   11.972838612082574        9.9925946962858827        1.8364820751679758     
  -5.4768802302991089E-002  -5.1210555532631388E-002   6.1516176376580859E-003
   10.257703875145406        8.0998932763158304        5.2725755093831097     
  -4.2513842547727311E-002   5.6294454979963819E-002   4.8451123173054181E-002
   15.975785012407762        18.892076419682059        10.941920039294544     
   2.3869517209159134E-002   4.3745809964222546E-002   8.2962529038328500E-002
   21.929122119854835        7.9230861720853936        23.897231426568837     
  -6.7356640136794724E-002  -1.1629004438433026E-002  -7.6533585270011605E-003
   22.204894695068194       0.73079317301223179        19.807918167901356     
  -7.3558768874639094E-002   3.9280743116870354E-002   1.4169350957128252E-002
   29.364604054970311        14.701090968850517        21.036109124459003     
  -2.7198713364622023E-002  0.10269551803429884        2.2204592496469028E-002
   25.810634615776198       0.34651394051074325        5.1360705209940818     
   3.2958791849731682E-002   5.4750095718969688E-002   1.5370872874458270E-002
   10.598239975416757        20.002929263639160        23.103253832089191     
   4.8089067351628934E-002   3.9242007312982208E-003  -4.8921720963319166E-003
   12.719657839381895        23.145479653862250        13.604353902009649     
   4.1494517847707642E-002   8.6272267920424583E-002   4.5212061678360531E-003
   1.2467703244218820        28.597062414557328        19.654545008377635     
   5.4539028105305018E-002   8.1290372243781550E-002   8.8149315420632493E-002
   19.698695248231537        16.009131395149229        17.488302778974219     
   6.8894157453248658E-002  -6.0049725217357956E-002  -9.0984430179487388E-002
   28.825604361107541        1.5878862766231099        11.881135706663484     
  -2.2066563012452197E-003  -7.9196663721848130E-003  -5.5932405563466646E-002
   2.2753387346419540        13.206669959937567        25.879003576284813     
  -6.4420421832284205E-002  -4.9752824507825798E-006  -3.3619192196258564E-002
   10.251425347113226        7.8962428716727988        10.852258137079634     
   2.6309725856504478E-002   5.5295071421564965E-002  -4.8342613202704228E-002
   24.443234173742916        4.3863104233414587       0.42749560744632165     
   5.2147218964918605E-002   6.6585707438247599E-002  -7.9622766586817550E-002
   28.031522935295740        11.818578468561629        22.825798379654486     
  -3.6016378469944418E-002  -5.7195617074080621E-002  -1.6922339431398783E-002
   27.989462424615528        13.003783284016706        29.482503111515364     
   1.8870434296152674E-002  0.11354365098494687        1.6074044780909052E-002
   8.4810476488672695        11.202673997401984        1.2446172221870129     
   8.5127435799821748E-003   2.2009341692044760E-002  -1.8246185050134513E-002
   29.290254936084764        19.452281528821842        7.2474715696398606     
  -8.3116210149515384E-004  -2.7557827864234750E-002  -4.7718910252371370E-002
   5.0609290408289249        25.792742083809252        2.6797619162194479     
  -2.2210576578161764E-002   8.8661392452326085E-002   6.2803900861835085E-002
   23.885589438463590        22.300179691727489        23.870469095732219     
   7.2458256915775236E-003   4.0003468355071480E-002  -1.0906112099358534E-002
   1.2365771805518515        20.230943509159459        17.006587406638989     
   3.0727180630300322E-002  -4.2346794077244183E-003  -2.5111518965807066E-002
   16.660601375157835        27.214523222649746        16.844243186314788     
   2.6961891766808146E-002   2.1730765029797143E-002   2.6694894096602358E-002
   14.505627735921159        23.553125259945265        27.889804176522933     
  -2.4775136870418227E-002  -7.7796199598541227E-002   7.5080250492261649E-002
   10.437869878088055       0.79800939077767652        26.290735953701748     
  -1.3041523934466989E-002  -8.0863485057614069E-003   1.0319646954553337E-002
   15.352736790110342        16.561809945179768        5.9376643765277855E-002
   3.5388847328812069E-002  -2.6497994690946842E-002  0.10939221016723891     
   4.0420999684935905        7.8217533801929369        2.4620226229869178     
  -1.7186550087176455E-002   3.9545874686008481E-002   3.9464991262877155E-002
   14.110396743292082        14.894541997032231        18.076654529504715     
  -2.7373319529578652E-002  -6.3918899179179700E-002  -2.7619508125511501E-002
   15.500767535419447        15.755721539270249        14.397342899307990     
  -1.5878158871251496E-003  -7.2115628630127337E-003   4.2703114228032038E-002
   19.135269580396503       0.44816711956802030        13.600417824026009     
  -5.5444071619127365E-002  -3.5950032515781653E-002  -1.6184851319965297E-002
   14.717494160073072        25.974847300024784       0.89311151877140194     
   3.7238323423296839E-002  -3.8183457364277078E-002   3.5534318656122346E-002
   3.7743824173863683        17.073921225405776        16.955150793996982     
  -9.3399476461068359E-002   5.0201082637662611E-002  -8.5890821203261827E-003
   12.488537385958812       0.61421128562251082        12.750657575859961     
   7.4211428396107212E-002 -0.10361934331510787        5.9594668304317880E-002
   14.757706239597939        3.1786733746436631        18.306405377248922     
  -8.5062609687256305E-002  -2.7079074825383468E-003  -4.1108297794625534E-002
   22.435510840362106        26.282939074662163        28.256299607817986     
  -9.5429985279427532E-002   2.0382457088022023E-002   4.2368424106140196E-002
   16.596481188132454        25.383753036109663        9.5022961710353560     
   9.1988525200248639E-003   8.6116812490541501E-003   6.9567156669592803E-002
   10.323242674761389        5.5639344678654155        27.911830555805608     
  0.10858471848055151       -8.2305064337941714E-002  -2.6584773061333168E-003
   24.945280646818112        24.473643239047075        18.981997182149300     
   5.0835364737552007E-002   2.7876675164803084E-002   4.9042106775735325E-002
   29.218000325956623        5.0071647840725220        6.8126768562959770     
  -8.9154511279020982E-003   7.0740354707390513E-002   2.9472508009747876E-003
   29.240081478179871        7.3722113414161621        4.1635350395586661     
   6.1264968477138138E-002   2.9427243135389459E-002   6.2341280140939342E-002
  0.82540856628039350        28.402039725625396        25.503324413398829     
  -3.5333501813289765E-002  -1.2504172058619411E-002  -8.7614369140343817E-002
   12.627765565574290        17.756534318972093        16.041030071928684     
  -4.9886304666942584E-002  -7.1346490561807224E-002  0.13449877117435841     
   15.290196033152355        19.031291037577269        2.6709649682900762     
  -6.6418169219847598E-002   3.6436400846903402E-002  -2.9626084552305726E-002
   17.007791168628913        8.9692808230327756        2.1958374789614429E-002
  -1.6328764887166610E-002  -5.8822921076649550E-003   4.2063477574963481E-002
   11.226543923728359        12.980189641278226        5.5427774098912890     
 -0.14147677778875017       -7.6919389651025336E-002   4.5730223478220408E-002
   6.8500058591825912        1.4909852108991701        27.287855893458985     
  -5.0057286455971343E-002  -8.1007516054375454E-003  -3.6450564272931363E-002
   16.743240726727784        26.557914737832157        23.966136369870664     
  -2.7769334949109745E-002  -4.1665949575940914E-002  -2.7000540084771901E-002
   18.380325728444898        5.8448943610455855        22.604397693702630     
  -2.7963059233150071E-002  -4.6105153838113380E-002   4.3143028669307110E-002
   26.511910827441898        27.576059409584420        10.734371885824391     
  -7.6010090372951866E-002  -2.2933606516790481E-004  -5.5295521265307575E-002
   6.2222568888196559        14.045830489205310        7.6460055038050161     
  -1.4435017253068469E-002  -1.9563323337480999E-002  -3.6520962342234224E-002
   28.701813420712831        9.5195059491207239        19.547819244752745     
   4.8166502112239613E-002  -5.3140758716882404E-003   3.7215973283099392E-003
   28.180011694669588        13.137761778264808        17.239352962514339     
  -4.4930993207344151E-002  -7.1335716021479437E-002  -9.4692064501684925E-004
   4.0822488833676678        15.490269299642769        4.3595722626645452     
  -2.8193336913213780E-003   3.0132560034233254E-002   3.1864590980049450E-002
   4.5523693593347101        27.376205352551541        7.7344735396223614     
  -7.1239696015479331E-002  -4.9466268999542186E-002  -2.1287812360575718E-002
   20.984540801315184        22.524676324763544        25.501523247047054     
   3.0749731182802557E-002  -7.8691172722520741E-002  -5.5016748479678960E-002
   2.6680209028334287        5.5943775862217784        16.239591518181570     
  -8.2675266828704547E-002  -1.4762704239965460E-002  -2.8527675946512731E-003
   8.2722601753463572        15.289588810722085        28.329551390891087     
 -0.14170170234494048       -2.6974698351260470E-003  -1.5432555004395460E-002
   4.0804240844049486        20.804853967481503        10.504400273828280     
   8.7713021598167476E-002  -9.3074915582115666E-003  -8.4320882696840133E-004
   12.115384565449558        19.072690000400566        20.356650807222596     
   9.7222175349642156E-002   8.5629258525644087E-003  -2.6410735130470799E-002
   16.192227629115123        17.994874718167917        25.591331452895869     
   1.0255188664393265E-002   4.8779909640112723E-002  -8.9229518709787875E-002
   19.813189373456822        8.4867775321890040        12.751321813398167     
 -0.11276157535431829       -1.8500043584821980E-002 -0.13811399901515345     
   12.104365925055099        23.994423936110106        22.646254446141935     
   5.8858805939472077E-002   5.3000600186602111E-002  -4.4326978186241123E-002
   27.349952610001417        8.2038609089943719        6.4945151154230834     
  -6.7866241303258079E-002  -6.5111797543591546E-002 -0.10027502268377213     
   8.8467520779891338        25.130375975000359        20.841621046009504     
   5.7696280134755487E-002  -1.1209583897857209E-002  -3.8372889539624193E-002
   27.357221119942743        27.917311044746651        7.6113723441095056     
  0.10667332286247419       -2.4103104730288715E-002   8.8763855634901745E-002
  0.59178390460780883        21.560813389360611        10.360325170672148     
  -1.4857401235521215E-002  -2.3676472427485114E-002   2.4101096182235597E-002
   13.319884296133631        1.2118336799475420        8.7089889253526866     
  -9.3028246940414006E-002   1.3639894364561870E-002   7.5036687678768699E-002
   8.5745997289290479        8.0081677090579255        2.1863601192975568     
   1.3669116376457638E-002  -2.8681883724169851E-002   4.3476595782501057E-002
   1.2879401791040148        13.078194560374300        3.1113972813942086     
   2.0475203531828360E-002   2.6515752625772094E-002  0.10413077190867438     
   28.196950248111811        23.978320331448781        16.446131035150117     
  -1.9640665725421596E-002   8.4962789482098441E-002   6.4247868203287706E-002
   29.144280716838779        18.879555752111273        22.462259507824850     
  -4.1247832830759272E-002   2.8647484629539841E-002   4.9717682353824358E-002
   20.654905776938605        25.530634852100409        5.0538197394011393     
   1.8130091324708240E-002   2.7308325825409576E-003   1.9470348995581494E-003
   18.985996101462039        11.299751820366041        24.173232460590100     
  0.13987187545039620       -2.5899795623892698E-002   2.6244537187564098E-002
   7.7897708361536075        24.145258673373554        6.7539873190116850     
   2.7733604279000904E-002  -3.2183741349186626E-002  -4.3598636759369473E-003
   29.178330807150200        10.531879467958806        15.640178727222720     
   4.0831026364702129E-002   2.6826175273047176E-002   3.3229822836811550E-002
   23.969143575244651        16.102701863506354        26.981917633329044     
  -1.7952384021552709E-002  -2.0867884730365837E-002   1.7301807684352789E-002
   5.7229101830518472        5.0919174976759471        9.1278106098491545     
   1.5731098761272919E-002  -8.6979957909046109E-003   6.4135098595554052E-002
   12.991741925410034        15.799630198416224        2.7955747675428535     
 -0.13909110064837715        6.3768821423387020E-004  -7.5424064011765709E-003
   12.805976032900682        15.644149030840230        21.770665815808055     
  -7.3009151523798568E-002  -7.7241756279265994E-002   1.2682506326959131E-002
   25.906593112679264        1.6130059818260427        28.293862093499712     
   3.2908986718987038E-002   4.6351500649454258E-002 -0.11311975265514597     
   9.8659070264530833        5.2825703975330480        3.3053055322448022     
  -2.0067209938786901E-002   4.1174419606831901E-002   5.2330379879940173E-002
   15.574148896646570        24.289281766431902        20.685636071497935     
   1.9976003078481099E-002   6.6747490409686680E-002  -1.1068090034731698E-002
   8.6759479660753129        1.3340215154307535        3.1263113412098935     
  -2.1310341223277414E-002  0.10232729023426927       0.10168095692792525     
   16.167513471132477        8.9252399937736566        26.261961412429859     
  -2.3363879702245616E-002  -2.3090893504454545E-002   2.9599184265166223E-002
  0.67733040902446306        18.652333492895185        27.384081033992796     
  -9.8887314695792101E-003   4.5410322820963175E-002  0.10465419622759738     
   15.491190642366238        19.775238901943595        14.404469433077271     
  -5.4216846649792544E-003  -7.4189660090406201E-002  -1.3562286631963934E-002
   2.3181394227282439        7.4068180406063577        23.956632056449202     
 -0.12635579749670386       0.10561182108996760        2.3560308323848353E-002
   10.679381459507916        24.585096575087459        26.203299905075351     
  -2.7151715571893054E-002   5.9608674637582446E-002   9.5333077464893785E-003
   6.6965235686855822        18.177235566285820        11.745714030397776     
   5.1219714822786311E-002  -2.5907261673117538E-002  -8.3018338141263373E-003
   20.564789962261514        21.612028726990591        29.126650066132616     
   6.1393836599608578E-002  -6.7083805540341698E-002  -5.8928080730307440E-002
   13.428245025423420        25.103497114907167        7.9461969658796194     
   6.8316467524072499E-002   5.0368625719937221E-002   1.2915046475044977E-003
   24.313944513429771        21.582016341125094        16.848524428490382     
  -1.7546952308062681E-002 -0.10058638568414698        7.5765990293570298E-002
   10.079704567457858        14.357282860588844        1.6752776694986016     
   4.6368700857765788E-002   2.2594960982930009E-002   7.0453205983919218E-003
   12.300085100154959        8.6399004427115500        22.062075717386502     
  -2.1471633609291630E-003  -1.1276221324223951E-002  -1.2775592504517413E-002
   7.4181900933281923        17.992262787638726        22.654917264964261     
   8.2039446583681452E-002  -1.4222337726697174E-002  -4.1103032660499292E-002
   7.9018275062791083        22.090401649790508        17.476299752845257     
  -2.0914574212463287E-003 -0.12479354626019708        1.4412351265437393E-002
   4.4629756935810869        22.707100474451813        23.761951643796081     
  -5.8161773885160523E-003   6.1267650825920859E-002  -2.1736923834034853E-002
   15.333688243827092       0.61684404219904510        14.648247337655976     
  -5.2825778881246406E-002  -9.1749962635632055E-003  -5.5921729408393239E-002
   11.338964363558647        18.031811505869488        4.6825775700332022     
  -8.8406494848926633E-003   5.2878010908799740E-002   2.4239149602405405E-002
   29.512405525978238     
