   16.249549725288908        12.584316938513730        23.463361522397680     
  -2.9344071138618258E-003   8.3340150738934624E-002   9.8240029452428768E-002
   22.766205333396403        40.544387782646737        61.370435108292767     
  -2.9323316440643513E-002  -7.5778158141125582E-002   2.5810229652240415E-002
   1.9884258731855322        35.168230007489612        55.033016079611400     
   4.7383413563724767E-002  -1.1662699361347133E-002 -0.13832427362482375     
   15.099302715421166        55.831564888044326        36.947869095426356     
  -1.5324411153501822E-002   1.1292545019060852E-003  -3.3794512776263996E-002
   11.854848982603514        48.230534492149125        3.7151323613836480     
   7.3540905212609115E-002   2.4215267288697603E-002   3.8086521197477109E-002
   28.647072821247857        45.804790226695090        57.606469613971434     
  -9.1208452897995437E-002   7.3959434229884324E-002 -0.10965592996410010     
   49.532400394880376        49.884615381373770        55.114002174963339     
  -4.6146939895123418E-002   2.8383821999894514E-002   2.1255172746933351E-002
   19.030152050009821        36.222004559444336        39.025381145895622     
   2.9906134069844032E-003  -8.1950385780137344E-002  -1.9011569912460342E-002
   59.962195077352860        46.586839693276602        2.0902202939223224     
  -2.2423413405995723E-002  -4.9915445115417900E-002  -1.0927524612699272E-002
   47.927022126866603        34.729656231960746        27.111700092912084     
  -3.0899542802963090E-003  -2.7772757423110590E-002  -4.2788943992544959E-003
   56.714636144800785        40.514348196304340        32.443899758789748     
  -4.6620716403621885E-002   1.5355380822875409E-002  -1.6338834367944061E-002
   58.529597127866481        32.089883508447343        29.818656119038639     
  -6.3350273283775058E-002   6.5597354736824404E-002  0.14307901380916149     
   56.310707757023131        16.545228134137737       0.62579172824710627     
  -9.3837393553617088E-002   7.3099346296329262E-002   6.0632597421443085E-002
   47.839056467700999        37.745305794663082        22.286540068601106     
   2.0902716333157472E-002  -2.2513189119341005E-002   7.9759391609751082E-002
   1.0423479355508518        48.215311874321173        22.273295514032174     
  -5.1776572587287330E-002  -8.3393072858806826E-003   6.5372760130133184E-002
   9.6610936485334573        63.759733729440605        23.151676581825576     
   6.7376076950036862E-002   7.4887992737498757E-002  -3.8277276818097852E-002
   56.188073825650321        35.860839332308714        22.741430727930823     
  -4.3604614054653310E-002  -1.7169131630579437E-002  -6.2392198308048673E-002
   24.801645881061539        54.101105090845977        40.522033773634071     
  -3.7407904549013388E-004  -5.1403694089914791E-002  0.10292618792074289     
   55.219172611571466        22.266372377022517        10.153152852895477     
   6.2971618379036823E-002  -3.7600805195495357E-002   4.9612687095441789E-002
   37.009327072381133        55.587992829980216        37.354229733406314     
  -1.7267990144013230E-003  -7.7245750993027537E-002   2.1840921126218459E-002
   44.605258135077555        56.105396972550146        3.5637367185159490     
  -4.7397565470364209E-002   2.6837017799072545E-002  -1.0017443307324511E-003
   61.608256819137331        55.373740251371366        26.216427920207966     
   4.9813509339746327E-002   7.1516296539437793E-002  -5.0238991994200635E-002
   33.240990920580550        20.776516270935829        12.642950202228809     
  -2.4229367215252293E-002  0.10402721129014980       -8.0948312458244600E-003
   17.568780396518708        36.095756865808475        28.338068093699420     
  -9.1964466300236344E-003   4.0382973025690029E-002   3.0062248284550425E-003
   26.357479884107121        40.650389122496250        11.322700479724801     
  -1.9537043002018327E-002  -3.6756250943099579E-003   7.5175670775588926E-003
   32.918778989181376        34.812285467427294        59.298127319526834     
   2.8040169939381868E-002  -2.8009975889960900E-002  -3.1242655798272401E-002
   18.378563942749096        42.787098940349317        30.180268229946911     
  -7.8674366727104102E-003  -2.4848728456435366E-002  -2.2998670148570256E-002
   43.844106301888978        37.708009927516741        37.829815437798224     
  -3.8598713989389396E-003   6.9021405797666274E-002  0.10584933504036985     
   39.193014871632222        30.714649524932796        29.780611788937989     
   7.5630769545213333E-002  -6.4205598549998480E-003  -5.1577076312385235E-002
   42.390725174667530        15.139392141731312        21.454278779678418     
   4.2304063281557960E-002  -7.3847263805941116E-002  -9.0998288834093846E-003
   34.817042722043276        57.016454297197789        2.7174289212346632     
  -5.1951854354359887E-002  -3.2668318203847573E-002   1.7499684252686571E-002
   32.440808008127597        31.816972649416968        51.733377419639588     
   1.4812365768279698E-002   1.6086301700767098E-002  -2.2803270006338642E-002
   7.6194687717430361        38.525536462156623        2.9649271071101242     
  -3.0514031916877198E-003   1.9206445069889295E-002  -5.1041758644314074E-002
   58.752925810464845        56.811930047876224        38.153417704220054     
  -3.9546489753262484E-003   5.0712229864991611E-002   4.4535071312891465E-002
   20.323228616201735        34.227989845597911        8.7870961169164516     
   7.1666965347726125E-002  -9.6802648841914807E-002   7.2819196078161674E-002
   7.8563126080018781        5.3657506708590708        16.374258715298300     
   4.0751566530503732E-003   3.5411544963589753E-002  -4.0562958944194503E-002
   30.728039601383255        11.867265480643805        46.683906346752082     
  0.10396052847354520       -3.3928197029148115E-002   8.3142315318918789E-002
   51.814206111313943        23.952849344157311        51.045884613756876     
 -0.13551648389344209        5.3443067750656569E-002  -1.0143246625554631E-002
   29.628601927137293        39.678545057873350        14.400750287886146     
   7.2226756279438031E-002   4.0347995946291973E-002  -9.0452533740366631E-002
   27.540295573137271        50.966443038836907        38.461792545988466     
  0.11716871887169830       -2.0179930624853990E-002   7.6617931039597700E-002
   44.449374167868690        60.397099964818558        7.9387065835632065     
   3.8385640337257172E-002  -3.3558526216927252E-002  -3.3981870502437533E-002
   54.848317046967729        52.668511472833544        34.651919935398773     
   4.1587332769975761E-002  -4.4638971047100205E-002  -1.7946127485112279E-002
   5.1047303600607146        30.743282583949888        22.193341252157072     
  -5.9838859614640492E-002   5.4229996092369309E-002  -3.2279549760157455E-002
   9.3739133229312586        15.118831132815965        60.382537991944609     
  -3.7072420579882409E-003   1.8479938113053467E-002  -1.6676498347726547E-002
   13.108934976534334        20.024305122753123        32.564201841981294     
  0.10238618395613906       -3.9867078439433143E-002  -5.1679886255701239E-002
   8.7545201276747502        59.442353408243648        40.463013338896261     
   1.8012765469376014E-002   4.8125276120697898E-002   5.3956114427847632E-002
   28.539095082920394        58.122933886769786        32.538283939390190     
   5.0431693386972370E-002   8.0443156406672461E-002  -4.4121756183875989E-003
   57.932839167393979        56.503484249886135        26.075417604901460     
  -1.5149208132443697E-002   5.2469658896725821E-002  -9.5564927143775208E-002
   19.039903597864832        16.687168737811206        55.167815405093883     
   5.9213800173226770E-002 -0.10965847076670368        1.3850282249693351E-002
   59.067213964275105        23.414072057368625        14.941334283707135     
   7.1238197348624507E-002   6.4801060285985630E-003   1.9919465086976257E-002
   24.033906841661519        10.865077863290535        22.954859298539905     
   1.4067968431114342E-002  -4.4703241413592026E-002  -3.4625035532165525E-003
   51.061147833565080        48.357671970070697        20.304645020775745     
  -1.1226877945851548E-002   1.1681422571154244E-002  -2.8317126754163025E-002
   6.1343066557193824        28.736515696149137        28.178250965822539     
  -9.4879143578262565E-003  -9.3663939589124483E-003  -2.9980297822869387E-002
   1.3981889614422023        32.209080667098625        52.333130520676228     
  -3.4867550803955281E-002   1.5956217591921111E-002   4.0534460318435522E-002
   46.983779248845948        59.584276506488372        21.972720438365599     
  -4.9554397989263171E-002   9.7939283654978657E-002   2.6108589172704120E-002
   62.002750763154900        51.779994197975789        10.523007226916420     
  -6.0308665730360329E-003  -3.7831046506590894E-002   1.8496582531371106E-003
   47.849387752367441        53.810449173314417        12.294769974195681     
   5.9905019311058731E-002  -1.6793972944205763E-002   7.8213407827117151E-002
   60.687323254266786        21.574138474521138        24.182734389099789     
   6.3132263842271621E-002  -1.4556192132594063E-002   1.0562483249754871E-002
   51.258733955552323        48.622743137504102        9.3840730955110576     
   3.7749201389099700E-002  -1.2912043422291240E-003   1.0476677043077922E-002
   25.573101221380192        41.362283699635540        54.257833848095331     
   9.6808461851189090E-002   2.7308502484109015E-002  -4.2300531275803396E-003
   58.676811010699055        2.3956456894071225        22.729612643494843     
  -2.8345880335020491E-003  -5.4755306344991282E-002 -0.10055494252861459     
   45.019045872938975        6.3113164783918929        60.452005540482936     
   6.9421607100352391E-003   2.3619427240372033E-002   4.5910574804504320E-002
   30.251375233520925        8.8304775483569795        21.444182572720127     
   2.5220844426353313E-002   6.9394872168338090E-002  -8.2475458487767730E-002
   10.860228523032614        22.587075432050550        41.168378975625153     
   7.7818674960897696E-003  -6.5135210828839191E-002   4.4449297784917415E-002
   34.612597415760149        33.390709356551504        4.7200843212726689     
  -4.3827404690162733E-003  -1.3088075401244926E-002   1.0577458737204224E-002
   11.253042340329516        7.5573228756152719        19.250515629520791     
   4.4317996889167550E-002   3.3995731639388967E-002  -5.2228130210704792E-002
   12.965851802185835        4.0551257178496849        13.461686195755435     
   3.8120237399507734E-002  -1.5299805019905627E-002   4.1388829436676149E-002
   14.723218715518129        63.828873701384161        9.9637470080041819     
   5.1775238052914084E-002   3.8602116847308021E-002  -2.1228899482949386E-004
   41.043961162740914        48.944431048736242        16.393436890028003     
  -1.0077586260784494E-002   3.8555804462623612E-002  -3.4930218723301029E-002
   51.503175563263689        42.872428453443135        30.870237896561449     
  -1.5290545248659410E-002  -1.0955592856385313E-002   8.6172035892178062E-002
   15.764257636141664        42.476166943306367        17.445101305301275     
  -4.0734109953722779E-002   7.1518328278548815E-002  -2.5319927052180894E-002
   50.715073027955469        27.692699402796137        48.287952348034722     
  -5.6740144344963925E-002  -1.0604971977734414E-002   6.2466678513497381E-002
   16.477452512433672        55.954813679036285        49.586882288165455     
  -3.0608664374290492E-002  -2.4854710120077807E-002   6.8008652803537961E-002
   16.378652828421483        31.693804214880007        32.042827700674721     
   3.0782510060674749E-002  0.12877611679862913        5.5052272615781384E-002
   19.217115844166660        39.866357391272686        47.195440258992498     
  -7.7824226764499072E-002   5.9889967190599339E-003  -4.2145519370112058E-002
   5.5041938878036314        48.937504297036860        13.833752844974851     
  -1.9079502691310188E-002   4.8938328806359968E-002  -6.3304945553700448E-002
   5.0217050439255493        18.584465960531826        30.201095009172061     
   2.1381917544096345E-002  -5.8484158201517492E-002  -1.5990191696544451E-002
   19.759436291865459        19.451774229051065        38.197953402730320     
   6.1979932661084508E-002  -6.9633340374518557E-003   3.1179568210902158E-002
   16.266111740507515        38.301926315464492        1.6926405044820065     
  -6.6310621970031250E-002  -2.9966107508857490E-002  -2.0019503438203193E-002
   43.887451637299158        14.207467678644226        12.019245237727642     
   1.0181456389746621E-002  -2.5509080989990916E-003  -2.8246628965687373E-002
   26.333820860550510        60.464229841211946        63.594721527011743     
   1.0445862882235471E-002  -5.4905409800575379E-002   6.9228214532127495E-003
   13.219526559976650        35.027538693048200        2.3662580593872957     
   8.7314908135126698E-002  -2.0011876368610668E-002   4.4147383080573907E-002
   60.209251916697859        40.294129566880599        20.014105649353112     
  -8.6382922448685236E-003  -3.7394782595338828E-002   3.1521802310141483E-002
   29.711018495826892        45.918904071328086        34.502542004851023     
  -8.4899817792439512E-003  -7.2474092056884182E-002  -1.0829117647775917E-002
   6.3318447333887704        45.360392958108129        22.433929479567400     
   7.6049034440612354E-002   5.0297002329969732E-002  -7.8378745156745880E-002
   60.791370253845145       0.33017408104532808        52.852175463327114     
  -6.8854352786571316E-002 -0.11918137086449138        6.1435998472586850E-002
   30.920151916498938        39.733577703488464        49.445669153977072     
  -1.6861909449591306E-002  -5.2595536538586219E-003  -1.4864563849529180E-002
   15.225607320253562        20.313777044292252        5.8719887788186487     
   2.8817455970252476E-003  -1.1383309697855464E-002   3.1059046448461403E-002
   20.169891989193498        61.497540884095180        16.220328293741460     
   3.3844597353202381E-002   6.0046216408237311E-002  -7.6307957432916448E-002
   13.505319875882975        36.169997277652470        38.629943221174173     
   9.5437426297712125E-002  -1.4202566206779777E-002  -2.0108869914833565E-002
   23.674544103695357        24.647810664569437       0.76834867105321658     
  -7.7781462724942144E-003   8.5301830672364787E-003 -0.10741513838591531     
   3.2992573543941126E-002   28.968815324756701        56.018696169534962     
  0.10527020841113828        8.3025019785234647E-002 -0.13197948962010764     
   22.863563913159407        33.897548307310743        25.866095838130377     
  -4.3614948366853680E-002  0.10930040356589564       -5.6797875500621785E-002
   58.232900489462594        6.7910824964589613        24.460607914534130     
  -2.2275553704836790E-002   2.5918996410376167E-002  -1.7154922003525742E-002
   48.070365269593218        56.124540924705435        28.724100896706542     
   1.9992709621049334E-002   2.8739345239850184E-002   2.0454944589620282E-002
   47.679662643079439        46.743425803528950        15.118111641899045     
  -2.8567565520317112E-002  -4.3506112163885627E-002  -1.1875561465273644E-002
   42.754887086062084        37.336398313960338        2.6946752063226032     
  -6.6566456228191800E-003  -5.0317014785781732E-003   2.1263508235676118E-002
   1.7550680445753957        63.261567399663726        34.850719535763595     
  -4.4730564658213852E-002  -3.8852569883782329E-002  -1.8077648487975741E-002
   35.490980384814968        56.802976969383025        22.783913917245240     
  -7.5180129771339602E-002   4.9234212142924547E-002   4.3625099310294043E-003
   12.143525037661586        47.506564374012740        39.192581799538921     
 -0.11389535020080810       -7.7804561607870250E-003  -4.5120362378357301E-002
   47.838033435622222        63.202328360392443        37.661001054318263     
   3.9196382909101983E-002  -2.4357352717545414E-002  -9.0198891991451327E-002
   31.618759052120964        48.804471587885928        11.160719660207201     
  -4.4962003306280279E-002  -1.9673661378931300E-003  -6.9633329639453775E-002
   54.236220873007618        41.895251565687367        25.551710946711811     
   6.6109428898595390E-002  -2.2859473456669232E-002  -2.5628599530438681E-002
   43.011106748184076        29.120079459697244        31.201850479456247     
   1.3114140818832611E-002  -8.6224111364294989E-002  -6.0616321231667616E-002
   9.8847876652599531        54.386463661413096       0.95875225268795283     
  -9.2554792866590633E-003  -9.0567571418443377E-002  -2.7104071407664177E-002
   4.4173973664558357        28.726395000931731        54.188330158824584     
  -3.7820435608076991E-002  -2.9333415131003990E-002  -1.5736257418554212E-002
   32.146079000135622        35.258688822677932        36.026992734250349     
  -2.7209327548436444E-002   3.5361383335131356E-002   3.2995307186277794E-003
   61.782631357055557        58.710865324479940        51.387675530447268     
   3.1003018482811378E-002  -8.5223583147418333E-002  -5.0088254197358247E-002
   34.243944654663665        44.933262629717646        7.5179757644771650     
  -3.5391001805194229E-002   2.0007900655556399E-002  -2.2397155848602635E-002
   41.553406538132450        17.879741511921097        15.034562320887014     
   1.6870053821297328E-002   2.7718188662243973E-002  -2.4881983094239963E-002
   16.402990567529169        4.9569925306066622        21.665758218313258     
   1.4938619289934982E-002  -5.8597059695479362E-002   1.2062553007696347E-002
   59.111660480936671        43.040404599416441        7.3121263454492738     
  -1.9637434091648347E-002  -6.5047585036281108E-002  -7.6369790937171125E-002
   56.516071278631252        51.650837605869000        26.476320568431511     
   8.6664351906285977E-002  -7.4449323142508517E-002  -2.4002804018449689E-002
   11.357861394710746        37.876557998343642        5.0717191801680368     
  -3.3314163856694194E-003  -2.0813873230105223E-002   1.7357713406912830E-002
   11.022148664883714        39.283760204404224        50.531499221024418     
  -3.8970517622334923E-002  0.10751167263703321        4.0272204693301707E-002
   22.776915275820173        6.8765758453505637        38.452187293998456     
   9.4594393368067298E-002   4.3721146871221958E-002  -5.7500162093311623E-002
   7.6172456556834618        29.259462304776111        56.493755053313016     
  -8.1774382649363153E-002  -3.9444279043658402E-002  -1.7560377796771290E-002
   22.107798688097745        13.641458677856699        56.223802130816004     
  -5.7587866688968488E-002   9.1029193838187111E-002  -7.7420437939639736E-002
   8.5817786048138682        48.446979495939495        44.269684377645824     
   1.1910966265199762E-002   2.2760425599639505E-004   5.6870904214008637E-002
   29.137553390902422        49.617968094003729        27.011279145184407     
  -5.8816359898696075E-002   9.8934453952077318E-003  -8.7606177668946073E-002
   44.421699173194526        19.839349507169409        2.9288279913538653     
   3.2854618885678095E-002  -8.2472019123337167E-002   2.9035429021564734E-002
   51.954244823940563        7.5044266373874295        24.313946929163933     
   5.1307251995181075E-002  0.11828082836012822        1.7505368367189376E-003
   3.7250087227015354        14.904154726853687        46.538603998054192     
   6.3666567930757048E-002   5.6652505614381350E-002  -3.1864888308701558E-002
   22.812707104636910        9.0614327096852509        58.187393269560758     
  -3.7686712593393464E-002   1.2882033294372795E-002   3.7451227819952478E-002
   63.004563288642629        39.288795733664230        36.481358907835926     
  0.13864018019445168        2.5267290666725634E-002  -9.1127028385901490E-002
   6.4722986040255748        16.447367543682816        58.924692402495673     
  -1.7733315944581787E-002  -4.6249812045931711E-002 -0.13975495886662662     
   47.722848449467890        14.992475651524694        53.290983026739042     
   7.9892115657680743E-003 -0.14050695885360834        2.4268449325297876E-002
   31.207627156743825        35.156738577472865        4.2357055958418401     
   1.0329443166192370E-002   1.7409467770285920E-002  -3.2800251554590105E-002
   59.984256104256055        9.8979180140050609        25.997387265796771     
   2.9129816874273927E-002   3.9031134548387345E-003   6.1903919498326979E-002
   40.032634362688484        2.0898266035715536        25.458300841229651     
  -4.4094849977663858E-002   4.9872972392337733E-002  -6.6475188803718693E-002
   25.319277370274236        25.330019741450045        48.585362125040454     
   7.6324004254412206E-003   4.5448834757589381E-002  -8.3111249901843993E-003
   22.642952585566338        1.3582402919309466        35.596727892631165     
   7.8759210678163438E-003  -8.4359662686332909E-002  -1.1996794760238846E-002
   37.079412764132982        37.389923642574537        44.906390172505269     
   3.2804931918877012E-002  -3.0999861448718379E-002  0.11929600055811876     
   54.380291711402364        45.938246224411813        2.7767533367139881     
   2.1760108983023243E-002   1.1690280660472717E-002   5.8791444153862898E-003
   47.375737399143169        4.3774608527717414        16.126966929031042     
   2.7845524044039019E-002   1.1158884971271814E-002   3.6529215535860112E-003
   35.688336885668662        1.6391729997233153        42.937636229433750     
   1.7055747680301887E-002   4.5124275064793773E-002   7.4820996395568579E-002
   22.773676680596751        34.749433949399865        36.653603632980449     
   5.4038972879264985E-002   7.7071767819349463E-002  -4.7581989085457743E-002
   13.897771508538581        6.3991901304900818        17.232266879512629     
   6.8407243625774397E-003  -1.1449389355588580E-002   1.0269586124042523E-002
   56.296544365052860        13.605696824693316        47.501455068479622     
   2.8285512592774450E-002   3.8656477360741917E-002   4.0923009223669440E-002
   19.813317578221636        13.271018328059542        14.502668869532672     
   5.9067390878617676E-002  -8.1051768517373862E-002   8.1436001133313216E-002
   26.908203583244720        46.701868504204889        25.771842164677899     
   2.7604831528692909E-002  -6.5546818633633042E-002  -3.9101684702652136E-002
   51.070943758198368        43.960441041409972        57.924816649991108     
  -2.0578901290497043E-002   3.9997056063081262E-003  -6.5086288505155063E-002
   56.364254850235419        31.636282077762910        46.627589704888287     
  -5.1309447933324676E-003   3.2252190459392448E-002  -2.0566780047133876E-002
   58.462068146977181        34.413918215521342        48.411750991170173     
  0.13350387723383200       -7.3148305452767556E-002  0.14071853528023190     
   35.816664003082906        20.305643679325559        46.561966650100395     
  -1.5488288927492736E-002   6.4366668370625060E-002  0.10562473782331472     
   51.934953052041166        19.404187941194760        59.152392300541109     
  -9.4484772653291513E-003  -1.6850782708151515E-002   1.0127788458347602E-002
   63.038760201829277        27.407573203671674        33.163343745821358     
  -2.5330924520320382E-002  -3.5116510504629168E-002  -4.1676717545335265E-002
   1.8234198148826986        58.256700493712316        37.049955921398428     
  -8.3735040037659303E-002   6.8048555822220316E-002  -3.7261975447217051E-002
   51.588047981502811        21.634680793172418        28.665796660828349     
   5.9561669477293508E-002   4.6181957011004549E-003   1.4872563220455957E-003
   37.966767162403393        18.274339379238448        48.343013580388657     
  -5.6408485829888763E-002  -5.0748661108861393E-002   2.5568768802673603E-002
   20.009111466698837        47.912290526669082        55.198404674127048     
   4.5095952801464396E-002   9.0561208498591728E-002   4.2276072661112229E-003
   19.215894108022091        13.873544059854343        46.804617899454243     
  0.13171772976216303        1.4095742430109769E-002   8.1250286458959514E-002
   12.726366806868013        62.178187428890169        35.590951753448905     
   3.8978829845846830E-002   6.5901650327426925E-002   1.5446422487085866E-002
   35.617142143307731        14.531235100262442        37.063112122599144     
   7.3310678775189334E-002   5.5835289443021130E-002  -6.2606433532705244E-002
   42.772180780785497        48.396549623069568        20.669670376092707     
   4.4488900256328678E-002  -1.5776747589091290E-002   2.5129373764515704E-002
   11.208781404393086        62.540014435459007        45.236654883587896     
  -8.7055992132615126E-002  -3.3532847083167380E-004  -4.1176854695971016E-002
   8.5474004608420895        51.441812580896915        18.076367582373191     
  -1.8376692181976673E-002  -1.8105117352986429E-002  -3.9173469615023668E-003
   42.139328603789401        58.278435230688991        13.940224698673308     
   1.6545805698618594E-002   2.2689631051917861E-002   4.0675217995676263E-002
   57.900177807461837        49.948122331782855        3.0936588707651969     
   2.2078065598748642E-002   4.4819729595514904E-002   2.9585771321904559E-002
   4.0805461303349997        11.025523083560961        28.385122942737514     
   4.0059830636020050E-003  -9.3486566998254264E-002  -5.1867274693939642E-003
   54.299529510100058        18.794919466936662        50.533290611964659     
  -2.7676901379574282E-002   3.4859365355059693E-002  -6.2370352909759307E-002
   57.113624664470827        5.0161947824547912        55.032938609740569     
  -2.3264266600037269E-002  -8.8392684456220713E-002  -6.2636174551206026E-003
   57.859030067723054        26.650874720115386        26.982367259327624     
   6.5297672922156352E-002   3.4263829946626981E-002   1.3967625616390174E-002
   10.139415752372855        30.238037669433957        6.2821820789316138     
   9.7353376676595091E-002  -6.5940910089457488E-002   8.3756363644354029E-002
   51.239551357924228        33.651714933617491        58.743687454923894     
   2.4669559395151565E-002  -1.4511221300850250E-002  -2.1968337499216968E-003
   10.832968208973412        44.386359041968554        6.3382050156250527     
   6.4902552251465781E-002  -5.4105962837368354E-003  -1.4693581134222748E-002
   62.566552985709123        43.841525766287759        1.7855540304769062     
   9.9139666285295771E-003  -8.5293860318500572E-003   4.0915576912348720E-002
   2.6434495949674344        57.051410482495221        49.263576521308615     
  -8.2819168450057823E-002   2.5755360824390012E-003   4.2779731803295196E-002
   11.767819927320918        41.499348409746162        30.704120163141454     
   2.2677215803941310E-002  -1.2835166102567012E-002  -7.5682700866145369E-002
   53.662070579770798        12.577950012357093        38.264171198226968     
  -1.1428578320521066E-002  -7.6129125459106370E-002   1.4642232581193626E-002
   8.8371720630687314        54.320750084235634        24.310854695552759     
   5.5705223602890902E-002  -1.6809333277844733E-002   1.3719607973795863E-002
   10.778005042353145        9.4621663084972045        42.536790425956347     
  -5.7318856025929683E-002  -2.6036857515122018E-002  -7.1985007660152797E-002
   22.427382621483972        4.7648254800312166        41.039599237358139     
   1.1587306401935500E-003  -2.6024124841556241E-002  -2.8924602152682031E-002
   56.280488847600907        8.3425544543391297        59.433704974282747     
  -4.1884852314150178E-003  -4.3903294492046746E-002   3.6973098957028598E-002
   32.019150521962651        49.782791138198469        7.0579967989317423     
  -3.5390057755148030E-002  -5.2239703738505554E-002   6.4646600459393230E-002
   13.155680798277391        27.863634956377410        16.920612790105537     
  -3.5775900063560837E-002   2.7093956272832273E-002   4.8382185825484834E-003
   21.478715429587815        26.279499846404068        17.582666079196201     
  -8.3213593319038159E-002   4.3186978819889033E-002  -1.9200135926099073E-002
   8.8322334685701929        15.513806593652200        12.109710831179713     
  -8.5324348631123370E-002  -2.2617715484564175E-003   1.9641489387537330E-002
   15.107589794751842        14.979604291639422        15.142480779553637     
   1.6818549447023563E-002   5.3136743820520735E-002  -3.3507805189823874E-002
   62.731858512701017        43.754717138785530        9.7702242326384034     
  -4.5709468145583035E-002  -6.9041218983309796E-002  -3.2666069531582305E-002
   56.851426390112124        18.526928203435936        7.3997943718206125     
   2.5790564557974655E-002   1.5918177828543371E-002  -6.5568570843422713E-002
   14.852280984050823        26.279300885676243       0.87381861617836964     
   6.9257071032737885E-002  -7.4222587588949770E-002   3.3982275774774758E-002
   25.216714209488416        39.785247815226462        49.631351117451764     
   5.3667420273444212E-002   4.1075147373932773E-002   1.4126071810625791E-002
   22.600305445901331        25.293001620369459        40.536437393882863     
   5.6334448171670812E-002  -5.6989601629416950E-002   6.4212880267586925E-002
   38.225569528839010        24.196354204689783       0.27866287736706236     
  -1.5741799260724791E-003  -5.6864780442437479E-002  0.12162605703332273     
   36.557172152692132        40.581763441829736        29.638415196712209     
  -8.4145757690190684E-002   1.9770212990855469E-003  -9.8961840375627261E-002
   51.988890890743356        39.365690714936633        40.402695089822352     
   1.8011696717264637E-002   6.5036382963668017E-003   2.0687222117825470E-002
   50.419202651248312        11.719793442943910        36.265530155787602     
  -1.7772436046067312E-002   4.7360863277884017E-002  -2.5170191724918779E-002
   44.539061577309475        2.9045343471815337        30.009894323288890     
  -3.0346316854467918E-002  -8.0762233078352300E-002   4.8195888860650127E-002
   14.481165550694387        62.089851696934581        41.819193689286827     
   9.5995351560361972E-003   6.5773312122364841E-002  -8.5953385990085993E-002
   51.964548484491402        8.3646861478420611        59.128375420120122     
   9.6282735775465977E-002  -1.4474789328392527E-002   1.0235660053692166E-003
   40.665179033948398        30.150397827094324        11.497166804650092     
 -0.12570659722906907       0.11954673897797649       -4.9950430610376809E-002
   25.663760644089511        22.103014801477130        24.510609221744406     
  -5.3504115007141518E-003   2.6950021303045659E-002  -4.2122573374368645E-003
   26.030276476458848        26.848601284369728        61.996271415556521     
 -0.12514778425938050       -5.4560566073754736E-002  -3.8928108684219680E-003
   55.484386354057314        45.362409378171257        7.9109631967061178     
   7.0581270342021149E-002  -3.1324014164000227E-002   9.6321419966092281E-002
   54.517390189143875        52.985328208084617        51.383881608065273     
   1.3557400882469803E-002   4.9011465858056810E-002   5.3526666556601495E-002
   8.3950484968604844        24.910518303518774        57.230135807997968     
  -6.2178429884431313E-002   6.7387447715001741E-002  -7.4423429314004419E-002
   19.893118928396294        11.210947068238168        19.986522573698721     
   8.2833051935309779E-002  -2.2115350433976937E-002   4.3325889970014554E-002
   26.566260157173225        7.6325810504316198        55.450277396822798     
  -8.2874286324007597E-003   7.0906635932988876E-002  -7.3053037708196615E-003
   42.863681616274739        36.396340355049141        31.196392569032074     
  -1.3172322145700719E-002  -1.7419731254007093E-003  -3.4774012352226241E-002
   21.390686939325775        29.018003089477695        43.816179796442555     
  0.15577680551628814       -8.6049157497676304E-002  -3.7418762477533341E-002
   27.827197856951503        52.251559817850740        32.825645972344105     
   1.2222180359714126E-002  0.16792559472561353       -3.2264265950011424E-002
   19.370474770875397        6.2158177201286557        50.199377287441770     
  -1.3101043603124410E-002  -3.2822906678642523E-002  -9.0890743273658578E-002
   8.1533550307016380        39.181369178456613        14.963386878635411     
   1.5033200211957084E-002   7.1562129879217132E-002  -7.2169431039187298E-002
   46.231832523806240        14.744719396603218        38.294355124319182     
  -7.1946116505748878E-002  -3.9766812598044064E-002  -8.9639449957954712E-002
   11.742690859338763        9.1526169583691352        24.922422039827399     
  -3.4916815675176860E-003   3.1684142956885597E-002   2.3384791499988636E-002
   2.0553851941553520        62.470223585166366        48.862069991543599     
  0.10073422811639554        1.9493594462339603E-003   6.7947659957386830E-002
   59.683507883137409        52.952237405401398        24.604339724425603     
  -3.7853402337581804E-002   6.9920988516314906E-003   3.5389361445415288E-003
   17.289679876977832        29.952407786706758        43.585200149005928     
   2.6068460704441038E-002   3.6234022624964141E-002  -1.1004471589604480E-002
   38.693115759524197        10.386231884550137        19.797452890070250     
  -2.1814302970325473E-002   6.3582149369621324E-002  -8.5423828902662757E-002
   53.901578816047220        32.662539207755039        51.613071529293094     
   5.1218094841563089E-002  -1.3665365756124651E-002   2.4530755920285762E-002
   48.747296929130151        1.4890983225275036        30.182710791263492     
  -2.7601317763671075E-002   2.5740098143385608E-002  -4.7912620585739883E-002
   12.057695202049652       0.65693737768241856        29.067631752351360     
   1.4813023837887070E-002  -5.2977745832424289E-002  0.10750554028319163     
   22.176437009980674        11.789407246402856        44.801775535251409     
   2.4782767291455506E-002  -4.6758408133560553E-002   3.0179955505970923E-002
   21.597468267345516        28.372759553723938        48.460254864778669     
   3.2571889934053452E-002   2.9746734514485302E-002   6.9582563229005828E-002
   38.951733354771157        57.956766811026917        26.546943714816674     
  -6.9355832199179318E-002   2.0880879968830871E-002  -2.7332829435157302E-002
   40.456058638973616        41.158152703523896        8.2868345445806586     
   1.6205773839922073E-002  -6.1563283882453109E-003  -3.2866801208169330E-002
   24.114187482153909        8.9054802641195163        10.999549788593146     
   9.8929423690333515E-002  -2.5420145956916291E-002  -4.4986500031327613E-002
   19.582194884996774        39.263323738367482        23.561120597115348     
  -8.7104708582106422E-002   1.2685466117239790E-002  0.10923983599282520     
   29.490316652149922        42.386438823920358        19.164886706569028     
   6.9475178290605150E-002  -3.3808353997193549E-002   7.5994038567147660E-004
   62.033755868673985        15.864502289932535        25.337309162943544     
  -1.1431413072827188E-002   1.3916330060979654E-003   2.2914457250043180E-002
   5.8591647280112547        26.216477420835403        59.073737769973597     
   4.6431996128128053E-002  -1.4680573346604602E-002  -1.1118540882999698E-003
   8.8201068079949732        38.880174714539969        37.504595911727087     
   9.3053499626793074E-002   3.9575037437073718E-002   1.8774033703288046E-004
   39.507386852012729        35.121506099390828        32.685964430513842     
  0.13051477724072344        2.3746878736789108E-002  -2.0643532556804300E-002
   51.649887708113695       0.12320487576481672        18.428760995409782     
   1.5345134606210441E-002 -0.11204992536771105        1.8504290442437468E-002
   52.650923437605179        6.4093794617013788        31.310967007041807     
   1.7065676379192897E-004  -4.1442972376106939E-002 -0.13683253259713690     
   61.950504656789164        22.783255402915284        1.3382994175409566     
   6.5883681673293365E-002  -3.9122001241569247E-002  -1.4588871558290268E-002
   13.017429090566727        40.035261652068222        20.817353612615147     
   5.3489263719692898E-002  -6.7606470186993520E-002  -9.9424730428117392E-002
   25.129337802518659        2.2038519487202941        63.230101351231134     
   2.1804495134236188E-002  -6.0804668099943185E-002  -4.3917428366703481E-002
   38.756191590956064        12.451999743710370        43.432729391018292     
 -0.11611232365512283        3.2950827782979787E-002   1.3762986446571887E-002
   17.846226468301975        5.9293205842471517        24.847513416950818     
  -7.0533804975782613E-002  -2.4413387538515623E-002 -0.13901139495264281     
   56.028574296428289        52.766040399632722        21.307416606977970     
   4.8450729564084409E-002   5.7306638335115491E-002   1.2062813107298821E-002
   48.569333462358784        22.104210237333749        38.223347493381766     
  -3.4879140651835894E-002  -3.8723698548318752E-002   2.0139536067969258E-003
   36.440857620204319        59.822867163041387        32.831536205390854     
  -1.7381757683288649E-002  -5.0509468466346318E-002   4.9178577937004114E-002
   29.948585495038216        53.203765879179109        56.566718645803491     
  -3.1424789144646359E-002  -7.4295389869992977E-003   1.8744518394163877E-002
   51.933820317235799        14.748678827273698        15.294037628293720     
  -2.5527860211312779E-002   2.8199616452679984E-002   1.2150046131425639E-002
   45.299157730269840        9.1946484445325929        47.786201235985672     
   2.2324546226158690E-002  -3.6321471986717264E-002   2.0227458735348074E-002
   32.911674600770340        54.275544426586855        52.411361711634960     
   2.2542640857044757E-002  -4.8810697015475045E-002  -8.0913335468490218E-003
   59.807775426638884        2.7080542202455642        17.769488446791001     
  -5.9107029143011056E-003  -6.4809381104179616E-003   2.3096337864261335E-004
   18.784178743969239        33.540197388077083        42.230784305444416     
  0.15240972398560251        6.3003086554545715E-002   2.7682345936350612E-002
   2.2263880014556716        10.226071324996576        14.847567005588223     
   8.3619035857326163E-002  -2.9749111937785823E-002   6.9651278537021530E-003
   9.8081217742770548        22.924691087978101        46.739316452397759     
   6.2003235618922188E-002   7.4703129281248670E-002  -9.5424332713655250E-003
   26.938077699203063       0.92691601835508586        22.803612985072213     
  -2.9203070817158804E-002   1.3267111806492357E-002   3.5372684118989486E-002
   14.127767882290163        45.302867361428838        24.818079867322492     
  0.10512202395967565        1.3895548420187881E-003   9.1705255328623766E-002
   27.736600246134774        6.3576463003699919        18.675479950642345     
  -6.0018097485697773E-002  -3.4546789539940288E-002   3.0624254495014443E-002
   44.832442222575018        24.243947507350121        46.373372502834862     
   9.3326457072068755E-002  -7.2047302142500561E-002  -6.5856286948720019E-002
   50.807848726798312        12.509706340738848        51.650427001174336     
   8.7138200380629277E-002  -9.1748425887952095E-002   9.9136718852401287E-002
   27.296841204561517        17.310991733538874        24.680375626654648     
  -4.0483317529459710E-002  -5.0956222766386769E-002   1.0445027945441181E-002
   10.054767909027060        8.6157093875443298        16.430473198956996     
 -0.10189051848269308      -0.23059583241133530       -5.3746310638377141E-002
   1.5608957161177173        17.640724326558843        8.5578461384342610     
   7.3165517713072378E-003  -4.8921266585444635E-002  -5.7414345247797254E-002
   61.378717433523697        57.180142089486509        22.348309425786525     
   8.6305579595594206E-002   2.0198842825688488E-002  -2.3013851072844396E-002
   33.484525579129127        28.072976950835987        61.379836680047646     
  -5.9160037618925403E-002  -4.6806327656476526E-003   4.2971991857462595E-002
   36.441969453505912        43.904940108488972        50.389476561745582     
   6.6281685186676792E-002   3.3473581988004354E-002  0.14328639295220996     
   38.842702061954604        15.199636667594351        57.058400684446895     
 -0.10215792286972863        4.7416892893352498E-002   5.4056677761280446E-002
   5.3599362638993968        15.051052585227271        21.659142184207486     
  -6.9001529723313568E-002  -4.1903367489800718E-002  -5.6840188311684040E-002
   56.023079587671141        39.813437086643958       0.81705256231934742     
  -5.5507245166801139E-002  -7.7818167910034229E-003  -3.6060766351450058E-002
   17.487309408597394        59.359585604692363        44.715694315817217     
  -2.2207446251449828E-002  -8.4541751291271838E-002  -3.1394096038339460E-002
   23.910629404927903        49.643687506473036        20.885713559990212     
   5.1167232685348805E-002  -6.3246782862997550E-002   7.7185572578631588E-003
   16.189815349472045        46.722136425684170        49.778508871250324     
   4.1115532746515649E-003  -8.2763403437881508E-002  -4.0508696456338709E-004
   43.090470709891115        23.186557944553815        1.1007014713177421     
  -7.6083483515313632E-002  -5.5651308248440237E-002  -1.6959709619798109E-002
   34.947663328410556        24.104598588811054        26.691890735613619     
   8.6869724891978611E-002  -4.7013349582561079E-002  -5.8466266545409089E-002
   24.394658564600263        41.241873115849366        17.477928781048437     
   8.4353291948866566E-002   7.4630234942714424E-002   6.6173601897401846E-002
   31.020933501054760        27.470618753232500        46.571344907398519     
   1.3040373987902863E-002   4.0624169949462212E-002   2.4776215700643329E-002
   28.845619138631225        55.699176632916227        54.161557707170296     
   8.0780260204849436E-002  -5.3883528414677397E-002   1.4604954471200965E-002
   21.259443907298920        13.616167276900644        31.233718682936868     
  -8.2276000783929951E-002   9.6357035604047164E-003   2.5343607826779670E-002
   49.416659298874379        39.793437060514492        55.280617942597971     
  -2.3118468914508975E-002  -2.1259874444136077E-002  -6.9675559755007027E-002
   54.515450967739646        5.4055479686087393        22.015012317602316     
   4.0975082551823340E-002  -6.7934546080142488E-002  -8.4666323790648201E-002
   27.030060718967277        9.8294456511871857        20.598674541898742     
   2.7933131839425609E-002  -4.0503562261035839E-002  -2.5231608587860575E-002
   43.207761624992948        63.724332044192607       0.57573321925946352     
   8.3043965003084849E-002  -1.2003036736524478E-004   5.4729374114306686E-002
   37.041708315144476        21.704560159461771        5.1250006829322308     
   2.8384830880007563E-002  -4.9655310068754704E-002  -2.1042293489606682E-002
   14.393859400480297        50.062930378992320        53.395018595123538     
  -8.2106794873487765E-002   6.3978071093403754E-002   1.0493378604157477E-002
   62.034730182998537        19.977258857045651        35.567763800078879     
  -9.8224297484682407E-002  -3.5379152027194549E-002   1.9380853770951108E-002
   9.5367150033571537        33.446004486622854        53.887677960948125     
 -0.17676865280348347       -3.9276770198599271E-002   4.8576439634820466E-002
   30.434684457654892        4.7975433479168128        56.009274314496949     
  -7.9485927191710933E-003  -7.3285236763268813E-002   6.5714984550065539E-002
   59.325699825583904        28.859250508272556        59.056378436263699     
   9.9381109272598488E-003   1.6492705226266217E-002  -3.4491219088803385E-002
   51.467191310673627        23.398458140515629        3.7744954420747088     
  0.13910058985754956       -7.7242656675799354E-002  -2.1231614197282154E-004
   62.073716508444249        9.8778956353904483        54.613505984713008     
  -7.4790623976486795E-002   3.9014264294761521E-002   1.3677061279164413E-003
   30.116107678672662        34.986075624099485        49.486921988181564     
   8.9347738467375135E-002  -2.1768167337557891E-004   9.3418635371747730E-002
   18.816250699388796        62.692387196971097        42.142438448036906     
   1.8448245918796211E-002  -3.8118704044861132E-002   2.7341651842646371E-002
   44.103159785731435        52.389789361221091        33.570181466790039     
   3.8321788091039741E-002   9.8782608962706825E-003  0.10316003143035345     
   7.4472790304274152        49.864266167062745        40.285488733629208     
  -2.3843105834868646E-002  -6.7049617189087654E-002  -1.2693574983159778E-002
   24.333778217444998        30.978265006306110        57.868838783096820     
  -5.4875567802524179E-002  -8.5640561516085231E-003   2.9877049585430419E-002
   45.662819125874286        61.028151707922255        25.885114386749361     
  -3.3993507962515636E-002   2.9754712981470165E-002  -4.8712088796375980E-002
   39.552399940787765        62.502905277397225        21.056604699975903     
   3.1854429962572026E-002   6.6564985079925381E-003   4.2048891941620543E-002
   47.076013613708412        1.3794617267953599        61.512481357367854     
  -1.9202484051244653E-002  -5.6475050234095485E-002   7.7141650569905768E-002
   4.8108011444865708        15.112752776232220        28.613891432393824     
   3.8276595652011025E-002   8.3510597405300299E-002  -1.3630757619592546E-003
   33.096533895751264        40.321567982826203        22.302477716181922     
  -7.8480223525961346E-002   2.4352938866183917E-002   4.6873913038663867E-002
   57.093076890635579        24.393141277415658       0.48780965026961587     
   1.1054325439007674E-002  -6.0584716694800207E-002   6.2966761990486064E-002
   54.698094722115975        26.948742627187094        21.518563782105051     
 -0.10721265124279787       -2.8208996879299369E-002  -1.8598686955384837E-002
   5.7694817769559092        49.386745219201750        61.147745801737713     
  -5.6718503068071927E-002  -6.0951019249749903E-002  -4.3545090455172943E-002
   11.604985635663592        48.083683133183676        29.169247345963019     
   1.7012975339404459E-002   3.3439963310992589E-002  0.11603460203200648     
   58.006615655341086        62.810471340921794        15.800135992287059     
  -2.6923397816209574E-002  -6.9454503866966680E-002  -7.1701757454288570E-002
   15.257715132332205        27.770513663949188        10.414017589082178     
   5.2603406346569494E-002   9.1979616500850944E-002   2.6787202091800616E-003
   18.847421949777296        56.940996900991969        17.444002065681762     
   2.9841240449322307E-002   3.1001488449899127E-003   7.5186724405573646E-003
   27.197382562871955        47.043237344910985        36.550041600336314     
  -3.0941696528267622E-002   3.2871604648707586E-002   3.4106162301948753E-002
   1.8377371898527834        44.038892235715160       0.87372801950837842     
  -6.2971417980005634E-002   4.1353447618540901E-002  -4.6161444138139718E-002
   59.908206223975938        1.8897360020298462        4.5705922202084475     
   3.7378828255045779E-002   4.0574281904074284E-002   5.9261583437626032E-002
   19.461829719743516        25.818816153675616        21.028656271206579     
   1.9317706336474286E-002   7.8277728872315835E-002  -5.0766453826631740E-003
   62.921072349331084        10.700400956291960        37.282181496514092     
  -3.4427189045943232E-002 -0.13468373490450972       -5.6912643532987695E-002
   51.194952492990630        48.079887110488620        44.850705180794016     
   2.2690194044902724E-002   1.2600978507512604E-002 -0.13191836867229031     
   53.965995593688078        36.455838105920684        46.534129125443435     
  -1.4210253958910008E-002  0.10074271211674758       -5.9609589859883037E-003
   30.332374605246393        42.919662534191737        52.324200100825145     
  -3.4724871400706590E-002   1.1305687834072995E-002   2.7159262316190928E-002
   53.725864665891237        28.532518657734233        50.546206863686216     
   3.8260974173198049E-002   5.5021430295387377E-002   4.4673933204202564E-003
   37.764626536382345        12.772358248160721        5.6930803917556041     
   3.9935506244194445E-002 -0.10167294622164133        3.2898737145670688E-002
   44.936921882419512        28.828818330822845        24.274610635622516     
   3.9815930830341219E-002  -3.8536823342988797E-004  -4.7114659985698040E-002
   26.292791418610797        4.4958140807306091        24.017552817383891     
  -2.8469471403879724E-002  -7.7666646523008327E-003   7.8129324023619259E-002
   46.259649732708716        17.401288998720997        36.309013291737294     
  -4.2870276411141793E-002   3.2768679758956821E-003  -4.3843740046710954E-002
   19.680703549659981        19.782423910727598        18.350324968429664     
   6.2483742385091849E-002  -5.7202835902069298E-004   2.1069067199312716E-002
   27.214872591629657        1.4475706540124726        29.381903016792606     
   3.1890686374399936E-002  -2.3986843405492037E-002  -1.1994871734829280E-002
   26.285324507544402        23.464594032077144        40.907685933344183     
   2.2196929147079665E-002  -2.1071079684414785E-002  0.10811758550049178     
   42.180003857770771        61.131634081515060        43.045337051044704     
  0.11473156610713224        2.0419183601536703E-002  -3.0245068062332663E-002
   57.724958250214144        48.967085360869739        45.764261922650050     
  -3.6608393981614876E-002   1.6419714882358639E-002  -6.7191898700895729E-004
   12.153259690517954        38.671957540461634        24.899562800170372     
  -2.3228766123602113E-002   4.3444974352725735E-002   4.9613541081562136E-002
   7.3803971525356360        4.1310016566097296        53.092639180194674     
  -5.5424322545875468E-002  -1.7534814774298013E-003  -8.9195817193493912E-002
   3.0798253991333446        60.306752379224804        51.399272001989850     
   1.0183672130899084E-002   3.9883775971895748E-002  -3.4672155202223984E-002
   57.722659165185831        16.722744843501690        31.526984383178323     
  -2.1472358937068631E-002  -1.3598310664337199E-002  -9.2575104291253471E-002
   14.396797007840640        22.883309365210547        25.488491118807094     
   1.8448480648958352E-002   4.1928860198794729E-002   1.9750934060923708E-002
   59.837929447886133        2.8455483059717595        46.972208760594171     
  -2.6882475347023930E-002   1.7691855642719887E-002  -1.1738035081536142E-002
   52.199011564033349        59.417987472416058        27.565617822447660     
  -7.6536582112506107E-002  0.14496834028362413       0.14266835958195892     
   53.366725398613568        4.3081216844294472        49.785330847344532     
   4.8651255116595439E-002   6.7758314056507993E-002   4.4149159399916524E-002
   53.539438619808337        14.844925625674888        60.979864939292874     
  -1.8577909944400704E-002   4.2647832327661200E-002   3.1451241136072672E-002
   50.663269894039708        52.383426541484830        18.744726300874380     
   1.9612920011331254E-002  -7.3867412550962325E-002   9.5308337065767006E-003
   51.515291225348150        29.339960944351262        61.579097952970884     
  -2.1213589574609237E-002   2.7166199081546149E-003 -0.11175022695882790     
   42.257336930656791        18.524437572031644        38.458079121879145     
  -8.1007401428676490E-002   2.2277557419076940E-002  -4.4111558091282928E-002
   3.8458780158970005        39.249621663903426        17.759786350448646     
  -7.1491640819036154E-002   4.6716926344316401E-002   5.2433611153298497E-002
  0.40451534207681844        25.371336944795871       0.43558844709168071     
  -8.2220351595148317E-002  -2.2454591925925020E-002  -2.1979052700675999E-002
   8.3951224289480866        9.8888063560051798        38.333918544342140     
   6.7105938540561938E-003  -4.1941916437228374E-002 -0.10339050030686245     
   47.348249003535798        45.329145719791946        44.608101633512817     
  -5.3133583802650423E-002  -3.6989629751660439E-003   3.4827386460155187E-002
   26.152803146084572        6.6261668346617864        41.606693140699313     
   5.3644260095877978E-003  -5.4401081199700312E-003   1.0937447678814986E-002
   15.192662242996047        55.231847340617158        6.8997445356389244     
   2.8480044754386528E-002   8.3819237557591256E-002   1.2633046045655259E-002
   50.797951376654353        27.344232926592209        52.590978721223408     
 -0.10112731761907652       -8.5546945626435861E-002  -3.5701833467853300E-002
   52.025555327071267        62.934054226276594        3.5320725076594388     
   3.5063646259219448E-002   1.2935593033552906E-002   2.2695984077775479E-002
   50.078145500839931        7.1069918133823817        2.2207017209011135     
  -8.7713764537962740E-003   7.4669143042440836E-002  -5.8643368115834468E-002
   7.9132498692524447        12.455882246098408       0.39654922773572265     
   5.0553356279772026E-002  -1.1817769890602020E-002  -5.0408012896544577E-002
   18.661060799276207        50.002152939257840        40.563932489596162     
   4.4512276199749026E-002   5.6598033251843746E-002   3.4058177974739721E-002
   53.559090740731214        61.299313133002947        14.822177215306750     
  -9.9393932165593377E-002  -5.0346807185428062E-002   3.8293957227005189E-002
   1.8718076087472200        60.722880592208703        21.325100466909785     
  -9.4872984558929396E-002   8.5914093751872075E-002   1.3311129059351501E-002
   40.035753785684122        13.607906231148005        19.804133199861500     
  -6.8857172012391873E-002  -2.7239973890596549E-002   6.0963375984514311E-002
   12.760707550681813        31.848691497534283        30.289459517222578     
  -5.7658576414745359E-002   3.4809960592568717E-002   3.5133928834760693E-002
   54.599164184911920        31.391847306693080        21.856705044826040     
   1.1565115162489375E-002 -0.11796645462299840       -4.2967539126347626E-002
   54.601345412543566        16.219636576372420        5.8233852185342601     
  -3.8350371510587594E-002 -0.14347322471882382        7.4851973865743937E-002
   24.791876852107553        22.794937204339025        51.155590010325945     
  -1.7364964990440507E-002   2.1893951724432622E-003   3.0609768927944748E-002
   22.679649866671884        12.264779943184442        53.434176142188818     
   5.4167560561947603E-002  0.10816840862425828        1.4562968787332120E-002
   59.830498157106895        19.070438258494686        20.503182124115124     
  -1.0277989252874016E-002  0.13438329692897780        1.3919476026838176E-002
   3.5122044833054842        22.971472535653476        57.391228644686088     
   4.0243843898182662E-002  -9.6491821459540987E-003   3.8240433922935621E-002
   49.102512253775913        7.2718633562677084        34.172424097070362     
  -2.3654403370378111E-002   3.5245720087220427E-002  -3.8004041330808362E-002
   58.360753534476409        58.884776223240024        45.227497947291830     
  -4.2274963095958663E-002   4.1477652557669734E-002  -4.9732173222317252E-002
  0.32610182015390893        14.473536656875014        8.6848174564294709     
   1.6429784141448786E-002   2.2414679882609194E-002  -1.4180988921921978E-002
   41.945040394618054        35.819911828527566        63.700306183048873     
   3.2417862039581358E-002  -1.1035191381768108E-002  -5.8553875605087194E-002
   12.498459021261473        57.454566276571796        4.5943698276979399     
  -3.0301492935405929E-002   1.4828214803030005E-002  -6.7291289728287962E-002
   8.5157356013203245        35.143166624901703        5.6284774630472413E-002
  -6.6491648792699184E-002   2.2827920895479411E-002  0.10800046757501537     
   23.438169807897047        1.8681936966353374        8.3964706112743741     
   7.6824171136871053E-002  -5.2571479366486908E-002   4.1834367881330957E-002
   31.138547561638113        25.271157372870853        23.485927527923913     
  -8.9736819853067831E-003  -3.1636060874796465E-002   8.7109486049593621E-002
   43.988897647256813        47.705783439699395        9.3430313554825783     
  -9.8656290195723514E-002   8.6289975853788822E-002   4.2442422686477368E-002
   12.800696127804589        10.158639657291866        10.666311202648187     
   4.7065342046894200E-002   1.6887002425457421E-002   2.4410845107623477E-002
   11.599757639933843        48.444270400238310        49.799691540651217     
   3.9506357514041100E-003   4.6559985394869323E-002  -2.3848979691316424E-002
   9.8482567801304928        6.8209016666762041        51.813015960504352     
  -3.0803398503219444E-002  -5.2768883761078239E-004  -3.3796825237230627E-002
   15.562880483116027        50.576928800365131        42.592325240845753     
  -5.2060880262318247E-002  -1.3005137000356534E-002   6.5709223906038741E-002
   34.695246837260179        20.005508941120187        20.162859787455513     
  -2.6127577715064774E-002  -8.0642176526122725E-002   6.5286073453157206E-002
   22.398049360777609        43.294764248270283        57.981083736174504     
  -7.3663305197422035E-002  -4.5831271462439323E-002   7.3080214474478725E-002
   4.3445030945445611        62.558671202556951        2.4779943228628327     
   6.0508525727625627E-002   6.3244615629650086E-002  -3.9623948477322563E-002
   52.075314182110183        19.948699003618025        36.676595246351631     
  -4.8388564571303768E-003   1.8010303357504195E-002  -4.1622204166371898E-002
   39.849629122980105        16.970363605700275        26.089755535876424     
  -3.1008532474392902E-002   9.5959710382112928E-002  -7.4143196220299246E-002
   43.527361002067799        39.478705972699068        12.314246660088761     
  -8.7127813458384565E-002  -2.5734567778712660E-002  -1.4085100331149377E-002
   4.4792334901589692        42.607690789213102        48.477154884718949     
  -9.1772751550724521E-002  -4.2614295185382393E-002   5.6353503045225996E-002
   5.4540592485405099        9.8703240815133242        54.144735712954073     
  -3.6253221858334225E-002  -6.8828914177610657E-003  -4.4184287340961519E-002
   3.6092683529994511        35.952629309064250        8.1583224019075917     
   2.4682403473917893E-002  -9.9373192071498220E-004 -0.10816039440771862     
   22.244663955857416        56.785280341071392        44.735038623678491     
   3.9345790767238480E-002  -9.8827095105034398E-003   9.0332704787487225E-003
   5.9249318984645809        3.1084196638605182        42.639654968792712     
   1.8998027651300303E-002  0.16046127860370307       -5.0352059046555641E-003
   18.908143592292546        24.978951067386429        14.831200479595697     
  -1.6006521111645085E-002   5.3800715384636211E-002   8.5134890955371953E-002
   17.500898917129511        31.047583382142086        38.496675369033184     
  -8.4544236960632457E-002  -3.6984471252316693E-003   7.0554911479500756E-002
   9.5024459620666484        27.402644810021673        27.906667629055008     
  -2.0543977752030063E-003  -1.4857380145567025E-002   1.3813730967231376E-002
   30.204129480906676        61.540940852311557        25.707721632870282     
   6.2847644768622729E-002  -6.8899807426371654E-002  -1.7881812624065435E-002
   45.991253072671341       0.97294675648956075        16.079424677931339     
   2.3318108394119939E-002   8.6487731710391841E-002   7.8372614582577459E-003
   25.786145619069956        54.698901865132939        4.0108942007557715     
  -7.6257243690177764E-002   5.5270541597589040E-002   5.3562592658569419E-003
   21.943671641419716       0.17212190395091356        54.936237465128166     
  -4.6117363926594657E-003 -0.10725392787737827      -0.13738724214067435     
   23.961720865795481        8.1156769030804625        6.6919479493041861E-002
  -5.4284763263552270E-002  -4.7634441487268329E-002  -8.4849511837898878E-002
   12.743284158010630        35.676547731237825        32.258313156482409     
   6.5819410846726586E-002  -7.2949023199161106E-002  -8.6863520846704265E-003
   28.676214862197728        5.7304545225020460        58.559980241549532     
  -4.9543234262045648E-002   7.2881525000884637E-003  -5.3693483482679582E-003
   62.200663951593079        15.254042717704866        17.282816510889777     
  -2.3219733627446677E-002  -4.6169207371920762E-002   2.1500755488875513E-002
   41.891253982255144        5.3278929327212685        24.509850714197416     
   5.5721840008857035E-002   3.5941484565230837E-002   4.7085421154128186E-003
   56.821370516573424        27.908649932911256        3.2196181775396804     
   5.7926971518337108E-003  -1.7416067882761125E-002  -2.9893069629023820E-002
   36.823183092065634        53.830429849705702        1.5513825645811961     
   5.4370008087945669E-003  0.12596185719065520       -5.0884218139006801E-002
   10.035744993067821        31.188878314700954        15.573243308902919     
  -9.1862880554604509E-002  -5.5981043663112240E-002   8.3706496069183067E-002
   29.643219485005631        29.685850919290210        6.2500338225120631     
   9.1537904854154764E-002  -9.1272912299681208E-002  -5.3958082458202647E-002
   36.001954842614573        4.2668913690629759        60.444878613261977     
  -9.6893051629825505E-002  0.10135146349124617      -0.13327541656473973     
   31.072809191866046        28.621060108704700        35.979950036007956     
  -4.8372389122306729E-002  -2.7356473842433938E-002   3.5512616966026180E-002
   23.390806585391744        13.769572743119459        60.389393070568019     
  -9.9370267007118970E-002   5.4209549135228602E-002  -8.3053497473488109E-004
   12.711377060360212        29.458145500258148        45.375186341913249     
  -6.2786453848905591E-002  -1.3402276073898239E-002  -9.3493833055208017E-002
   52.473248828870219        3.0665286775733493        2.3165180769576370     
   2.3653562207912510E-002  -1.7405414460188100E-002  -2.6341058451575708E-002
   40.772031477494124        48.554143347233705        28.647455256791194     
   4.1551715375871066E-002   2.4700836494504254E-002  -5.2253534617364920E-002
   36.910428418398794        31.340229130493650        55.294199193208385     
   4.0431526658815164E-002  -3.0541349667672336E-002  -1.7713542399602933E-002
   5.3957101342337292        33.342389804163155        18.740766103435998     
   2.4221705436653473E-002  -4.8189999761000697E-002  -4.0784143513468908E-002
   14.423017087771880        29.592469977884154        22.908430629294187     
   6.9393033944264798E-002   4.1794446426839507E-002   4.0164387258808693E-002
   50.543449982579588        10.686062118797681        8.7467650082264008     
  -9.0344813316606223E-002   4.7247872782984396E-002   8.7719815272943539E-003
   47.991644628045798        39.176211320590340        39.477160058836766     
  -3.0755767618228763E-002   6.3587355744046059E-002  -4.0197303274138096E-003
   44.618181193331708        41.508441515921234        31.359554740775046     
   3.9917965617002414E-002  -4.7912271608909582E-002   3.6170447682563256E-003
   63.233931145703735        2.8989274857237355        60.672591118491141     
  -7.5815111974725499E-002   5.6264154025834345E-002   2.2400972819881061E-002
   37.907796181041910        26.755217005392460        8.8397417355799242     
   2.3351204936752291E-002  -6.2053180907075669E-003   4.9248862905927034E-003
   52.923227022594943        38.592826150879311        20.985193087616814     
   3.7858260229487350E-002   1.8254705878689617E-002  -9.5979897278505144E-002
   19.218009644949852        54.977213153443749        33.401444204746163     
   7.0482833072908577E-002   6.5240759095566661E-002   3.9527599631045504E-002
   52.483244419770429        21.192276086490413        62.564903926451201     
  -5.4768802302991089E-002  -5.1210555532631388E-002   6.1516176376580859E-003
   30.178793587644101        13.154814996684680        55.493242090159590     
  -4.2513842547727311E-002   5.6294454979963819E-002   4.8451123173054181E-002
   25.178154919438658        19.079160370709818        41.299448026698251     
   2.3869517209159134E-002   4.3745809964222546E-002   8.2962529038328500E-002
   37.763552074400025        28.229819779731496        4.6122134376193760     
  -6.7356640136794724E-002  -1.1629004438433026E-002  -7.6533585270011605E-003
   3.4062747432716183        29.323377338211642        9.3783624893235462     
  -7.3558768874639094E-002   3.9280743116870354E-002   1.4169350957128252E-002
   12.318721178076991        26.825062839735772        21.040563202478499     
  -2.7198713364622023E-002  0.10269551803429884        2.2204592496469028E-002
   4.3207759359963047        34.722237187812468        35.929713217462456     
   3.2958791849731682E-002   5.4750095718969688E-002   1.5370872874458270E-002
   11.156441804671815        54.131081860878432        10.439970809923382     
   4.8089067351628934E-002   3.9242007312982208E-003  -4.8921720963319166E-003
   40.642189988759029        8.5154156487598414        39.923470890421733     
   4.1494517847707642E-002   8.6272267920424583E-002   4.5212061678360531E-003
   59.047248427227146        37.609444216251674        30.315610954781231     
   5.4539028105305018E-002   8.1290372243781550E-002   8.8149315420632493E-002
   34.532296156751102        9.4813662196471249        18.204449637238646     
   6.8894157453248658E-002  -6.0049725217357956E-002  -9.0984430179487388E-002
   2.3964547146137507        28.589600964337603        25.413568066569251     
  -2.2066563012452197E-003  -7.9196663721848130E-003  -5.5932405563466646E-002
   33.240198551203960        21.157980581646800        43.265493746355837     
  -6.4420421832284205E-002  -4.9752824507825798E-006  -3.3619192196258564E-002
   52.407786107397662        11.914549187319430        13.515964316965981     
   2.6309725856504478E-002   5.5295071421564965E-002  -4.8342613202704228E-002
   10.167739690618081        56.445836676246650        38.372689798723307     
   5.2147218964918605E-002   6.6585707438247599E-002  -7.9622766586817550E-002
   57.222844304255226        32.613076904416445        26.451418903193403     
  -3.6016378469944418E-002  -5.7195617074080621E-002  -1.6922339431398783E-002
   33.738510757037616        54.857618782506506        48.006907529123836     
   1.8870434296152674E-002  0.11354365098494687        1.6074044780909052E-002
   6.5337548360979127        28.474829316593013        3.6440938131624221     
   8.5127435799821748E-003   2.2009341692044760E-002  -1.8246185050134513E-002
   41.345667910090413       0.43475085341489939        9.8311931919618729     
  -8.3116210149515384E-004  -2.7557827864234750E-002  -4.7718910252371370E-002
   53.868351376328690        54.821616749142251        17.067949378562663     
  -2.2210576578161764E-002   8.8661392452326085E-002   6.2803900861835085E-002
   31.244923699851622        9.7633856045631777        56.751300301700084     
   7.2458256915775236E-003   4.0003468355071480E-002  -1.0906112099358534E-002
   31.821672670161195        1.8992873034276674        16.191750664307786     
   3.0727180630300322E-002  -4.2346794077244183E-003  -2.5111518965807066E-002
   5.3751433834006690        40.432196311350793        7.9115704098351571     
   2.6961891766808146E-002   2.1730765029797143E-002   2.6694894096602358E-002
   6.5595693316702297        21.268600484584976        13.217760504796351     
  -2.4775136870418227E-002  -7.7796199598541227E-002   7.5080250492261649E-002
   62.582935037112946        10.515101193925867        10.249784405926277     
  -1.3041523934466989E-002  -8.0863485057614069E-003   1.0319646954553337E-002
   62.047931529208711        46.485511818266666        18.906516884182409     
   3.5388847328812069E-002  -2.6497994690946842E-002  0.10939221016723891     
   20.137227943764408        39.857578277810155        19.818622205530716     
  -1.7186550087176455E-002   3.9545874686008481E-002   3.9464991262877155E-002
   39.757972666995784        4.9840168315980931        36.482312473763187     
  -2.7373319529578652E-002  -6.3918899179179700E-002  -2.7619508125511501E-002
   48.810804739924073        37.275654006307576        32.810755494345131     
  -1.5878158871251496E-003  -7.2115628630127337E-003   4.2703114228032038E-002
   12.399679075316069        32.816732909054600        17.218020043371581     
  -5.5444071619127365E-002  -3.5950032515781653E-002  -1.6184851319965297E-002
   30.655076997817808        60.803375817127716        19.947631085999728     
   3.7238323423296839E-002  -3.8183457364277078E-002   3.5534318656122346E-002
   10.471062581664532        26.619726769715939        6.3614925378230005     
  -9.3399476461068359E-002   5.0201082637662611E-002  -8.5890821203261827E-003
   53.827785548532688        5.8800461218304507        35.493890724985363     
   7.4211428396107212E-002 -0.10361934331510787        5.9594668304317880E-002
   48.594422236788851        37.227744649374884        52.645958861003749     
  -8.5062609687256305E-002  -2.7079074825383468E-003  -4.1108297794625534E-002
   43.266820680373485        19.723479291521990        46.876709850144017     
  -9.5429985279427532E-002   2.0382457088022023E-002   4.2368424106140196E-002
   41.299306913290593        1.3096504532970066        41.101150840657212     
   9.1988525200248639E-003   8.6116812490541501E-003   6.9567156669592803E-002
   56.709648787641648        58.024944182512307        58.285474757163811     
  0.10858471848055151       -8.2305064337941714E-002  -2.6584773061333168E-003
   32.255687204017143        53.358334570664965        29.304315083224285     
   5.0835364737552007E-002   2.7876675164803084E-002   4.9042106775735325E-002
   61.436683134276826        19.929669439220078        51.677044869364572     
  -8.9154511279020982E-003   7.0740354707390513E-002   2.9472508009747876E-003
   17.168774163340018        39.282417783683798        16.178331589851730     
   6.1264968477138138E-002   2.9427243135389459E-002   6.2341280140939342E-002
   7.8782187004050694        58.460276812296037        17.706230723307357     
  -3.5333501813289765E-002  -1.2504172058619411E-002  -8.7614369140343817E-002
   8.0746309143532589        46.690754387742039        5.7216613470899800     
  -4.9886304666942584E-002  -7.1346490561807224E-002  0.13449877117435841     
   37.194685420458725        8.4135849600482846        41.597051000522079     
  -6.6418169219847598E-002   3.6436400846903402E-002  -2.9626084552305726E-002
   47.216444494261488        60.055917604478644        30.089881372911442     
  -1.6328764887166610E-002  -5.8822921076649550E-003   4.2063477574963481E-002
   44.920061161714351        51.412740585444894        52.387430757487650     
 -0.14147677778875017       -7.6919389651025336E-002   4.5730223478220408E-002
   18.554687188346595        46.966431585007918        39.174132734504184     
  -5.0057286455971343E-002  -8.1007516054375454E-003  -3.6450564272931363E-002
   4.5710049925625551        41.469678495276810        22.988128258631939     
  -2.7769334949109745E-002  -4.1665949575940914E-002  -2.7000540084771901E-002
   24.085695857293445        58.703134776588406        35.167704038154625     
  -2.7963059233150071E-002  -4.6105153838113380E-002   4.3143028669307110E-002
   28.501200261762357        33.592351805475936        55.826306666485017     
  -7.6010090372951866E-002  -2.2933606516790481E-004  -5.5295521265307575E-002
   46.900706789953880        10.843609374988654        62.691084784443383     
  -1.4435017253068469E-002  -1.9563323337480999E-002  -3.6520962342234224E-002
  0.88084192311086817        30.253419906501737        31.366997893194561     
   4.8166502112239613E-002  -5.3140758716882404E-003   3.7215973283099392E-003
   26.310627448427805        45.253977456812223        53.424139916719184     
  -4.4930993207344151E-002  -7.1335716021479437E-002  -9.4692064501684925E-004
   17.052422828417800        7.6989747655190239        58.675193281744377     
  -2.8193336913213780E-003   3.0132560034233254E-002   3.1864590980049450E-002
   4.5854386816569317        31.550257341811314        2.4867710730546762     
  -7.1239696015479331E-002  -4.9466268999542186E-002  -2.1287812360575718E-002
   7.5663100610414977        41.911283547735621        50.271383580316652     
   3.0749731182802557E-002  -7.8691172722520741E-002  -5.5016748479678960E-002
   38.925992747490653        58.562473870559437        37.210879684893825     
  -8.2675266828704547E-002  -1.4762704239965460E-002  -2.8527675946512731E-003
   26.152613750993030        23.860648289054126        37.279972694981566     
 -0.14170170234494048       -2.6974698351260470E-003  -1.5432555004395460E-002
   13.814561523728511        29.929935220702301        19.328085695411964     
   8.7713021598167476E-002  -9.3074915582115666E-003  -8.4320882696840133E-004
   24.207812840492924        6.6489783637398956        21.682976075114812     
   9.7222175349642156E-002   8.5629258525644087E-003  -2.6410735130470799E-002
   48.072319540237260        61.465441971981690        40.527435334331400     
   1.0255188664393265E-002   4.8779909640112723E-002  -8.9229518709787875E-002
   39.023047948719380        5.6238655478232040        21.363627767872202     
 -0.11276157535431829       -1.8500043584821980E-002 -0.13811399901515345     
   62.593168670216116        59.704396294183944        8.9889351075889188     
   5.8858805939472077E-002   5.3000600186602111E-002  -4.4326978186241123E-002
   20.259229430007849        17.119857433618055        4.7150529455436914     
  -6.7866241303258079E-002  -6.5111797543591546E-002 -0.10027502268377213     
   41.187441955786909        29.482016857922282        6.3893528529085888     
   5.7696280134755487E-002  -1.1209583897857209E-002  -3.8372889539624193E-002
   62.411662565105566        39.854278537460281        32.799966527235377     
  0.10667332286247419       -2.4103104730288715E-002   8.8763855634901745E-002
   47.586212504839168        6.6650424347825830        55.137020554935688     
  -1.4857401235521215E-002  -2.3676472427485114E-002   2.4101096182235597E-002
   14.852347027010685        13.974150762659544        53.600192110613058     
  -9.3028246940414006E-002   1.3639894364561870E-002   7.5036687678768699E-002
   62.946648409130390        28.039411005976049        52.700284816835826     
   1.3669116376457638E-002  -2.8681883724169851E-002   4.3476595782501057E-002
   40.508664882929466        23.785623679993037        18.597150842854898     
   2.0475203531828360E-002   2.6515752625772094E-002  0.10413077190867438     
   57.848295073532249        62.247041901033342        24.467976595441012     
  -1.9640665725421596E-002   8.4962789482098441E-002   6.4247868203287706E-002
   44.452801187192371        47.789769670423411        43.745867781365426     
  -4.1247832830759272E-002   2.8647484629539841E-002   4.9717682353824358E-002
   27.722068861287546        2.6864714909106504        6.4959428533741175     
   1.8130091324708240E-002   2.7308325825409576E-003   1.9470348995581494E-003
   13.252025167274830        45.749036048042200        8.7825911085785506     
  0.13987187545039620       -2.5899795623892698E-002   2.6244537187564098E-002
   14.242463962067596        40.766113840416580        42.512730738606727     
   2.7733604279000904E-002  -3.2183741349186626E-002  -4.3598636759369473E-003
   35.447845561147389        8.0958934811635732        56.769553547143865     
   4.0831026364702129E-002   2.6826175273047176E-002   3.3229822836811550E-002
   4.9272266667158302        7.5916531169196153        17.330825198043311     
  -1.7952384021552709E-002  -2.0867884730365837E-002   1.7301807684352789E-002
   55.955372292801620        15.199919547888738        27.915379312241431     
   1.5731098761272919E-002  -8.6979957909046109E-003   6.4135098595554052E-002
   6.2970213742411305        8.0465541368462681        4.4608940039123199     
 -0.13909110064837715        6.3768821423387020E-004  -7.5424064011765709E-003
   50.376476529553891        1.3881059638995554        7.6897286648856582     
  -7.3009151523798568E-002  -7.7241756279265994E-002   1.2682506326959131E-002
   34.761493643683437        37.739339689958136        24.506965816811771     
   3.2908986718987038E-002   4.6351500649454258E-002 -0.11311975265514597     
   14.468573218229565        17.368403140281266        23.172283235463958     
  -2.0067209938786901E-002   4.1174419606831901E-002   5.2330379879940173E-002
   49.927950913620265        44.822482345622255        28.317331776597474     
   1.9976003078481099E-002   6.6747490409686680E-002  -1.1068090034731698E-002
   31.622495303189435        4.8734022558141454        25.465123676406144     
  -2.1310341223277414E-002  0.10232729023426927       0.10168095692792525     
   5.7121787569229809        1.8263290630769142        59.475612013784151     
  -2.3363879702245616E-002  -2.3090893504454545E-002   2.9599184265166223E-002
   12.952491109140063        49.546158902102952        9.6927291087249454     
  -9.8887314695792101E-003   4.5410322820963175E-002  0.10465419622759738     
   13.715450900675320        45.716098199543104        19.716378804812841     
  -5.4216846649792544E-003  -7.4189660090406201E-002  -1.3562286631963934E-002
   24.324030410924927        29.901733641472184       0.10317287293786179     
 -0.12635579749670386       0.10561182108996760        2.3560308323848353E-002
   5.2639632673038825        45.541522938945029        16.497901436567467     
  -2.7151715571893054E-002   5.9608674637582446E-002   9.5333077464893785E-003
   37.965013694047833        53.798501466030686        52.412100940629628     
   5.1219714822786311E-002  -2.5907261673117538E-002  -8.3018338141263373E-003
   28.610927436738127        13.116369025408453        16.979586818054912     
   6.1393836599608578E-002  -6.7083805540341698E-002  -5.8928080730307440E-002
  0.96508182553519972        23.209959512217441        9.2780685473942484     
   6.8316467524072499E-002   5.0368625719937221E-002   1.2915046475044977E-003
   54.117704695293959        4.9893058928877139        14.714581418636845     
  -1.7546952308062681E-002 -0.10058638568414698        7.5765990293570298E-002
   22.358548079047967        52.963100330049365        24.326918906340218     
   4.6368700857765788E-002   2.2594960982930009E-002   7.0453205983919218E-003
   19.752334441524258        11.297386817885171        39.256406618247745     
  -2.1471633609291630E-003  -1.1276221324223951E-002  -1.2775592504517413E-002
   23.012368149145590        1.9220510192135112        58.976866076372083     
   8.2039446583681452E-002  -1.4222337726697174E-002  -4.1103032660499292E-002
   16.026449718972632        14.859393688408803        47.239682754481066     
  -2.0914574212463287E-003 -0.12479354626019708        1.4412351265437393E-002
   54.744694726908769        39.608022717164893        53.455674121918548     
  -5.8161773885160523E-003   6.1267650825920859E-002  -2.1736923834034853E-002
   12.529061280871826        62.918048065409828        4.2432879233523977     
  -5.2825778881246406E-002  -9.1749962635632055E-003  -5.5921729408393239E-002
   49.313400831489375        62.608345323317259        23.134293194775953     
  -8.8406494848926633E-003   5.2878010908799740E-002   2.4239149602405405E-002
   63.856301793505807     
