   44.034969326362976        21.705734078003857        2.4918662932632452     
  -2.9344071138618258E-003   8.3340150738934624E-002   9.8240029452428768E-002
   53.845612283571015        5.0916522527556696        42.539335141577290     
  -2.9323316440643513E-002  -7.5778158141125582E-002   2.5810229652240415E-002
   11.007750720433307        43.864745222041059        12.610148782380449     
   4.7383413563724767E-002  -1.1662699361347133E-002 -0.13832427362482375     
   19.857259899116009        53.482346839207473        54.416342447203768     
  -1.5324411153501822E-002   1.1292545019060852E-003  -3.3794512776263996E-002
   40.447782848159868        2.0455550621876446        53.517302120813000     
   7.3540905212609115E-002   2.4215267288697603E-002   3.8086521197477109E-002
   46.477837327682380        10.935826514442182        53.086358679413721     
  -9.1208452897995437E-002   7.3959434229884324E-002 -0.10965592996410010     
   10.053116249723324        24.090332812032994        5.8388242405823458     
  -4.6146939895123418E-002   2.8383821999894514E-002   2.1255172746933351E-002
   52.217160830837642        5.9339917484807652        6.7797260469826925     
   2.9906134069844032E-003  -8.1950385780137344E-002  -1.9011569912460342E-002
   7.1882063286181870        50.346590039467401        54.853850264249701     
  -2.2423413405995723E-002  -4.9915445115417900E-002  -1.0927524612699272E-002
   17.752274353406303        29.686119172111550        49.486273606411366     
  -3.0899542802963090E-003  -2.7772757423110590E-002  -4.2788943992544959E-003
   47.904368460661885        39.453899779030344        26.026653554249030     
  -4.6620716403621885E-002   1.5355380822875409E-002  -1.6338834367944061E-002
   1.9873967624145947        30.150395617256240        7.0415163799112586     
  -6.3350273283775058E-002   6.5597354736824404E-002  0.14307901380916149     
   18.180688215810978        7.0569054285980384        26.726548393761956     
  -9.3837393553617088E-002   7.3099346296329262E-002   6.0632597421443085E-002
   39.415069861114880        45.613049217935917        33.269433814758756     
   2.0902716333157472E-002  -2.2513189119341005E-002   7.9759391609751082E-002
   57.096274711443108        9.6635864200143331        18.610575036282498     
  -5.1776572587287330E-002  -8.3393072858806826E-003   6.5372760130133184E-002
   1.9105572050798232        45.909301945320237        34.456259637850238     
   6.7376076950036862E-002   7.4887992737498757E-002  -3.8277276818097852E-002
   6.8616723349583859        1.8060751453219117        3.0130791659044687     
  -4.3604614054653310E-002  -1.7169131630579437E-002  -6.2392198308048673E-002
   32.447693336104628        52.841124035008299        31.469537828290047     
  -3.7407904549013388E-004  -5.1403694089914791E-002  0.10292618792074289     
   37.483254444292214        8.1582723652816647        51.147143258410438     
   6.2971618379036823E-002  -3.7600805195495357E-002   4.9612687095441789E-002
   19.832151603983810        41.378191269829564        17.274507073388190     
  -1.7267990144013230E-003  -7.7245750993027537E-002   2.1840921126218459E-002
   7.3668121356697016        40.799451461791058        54.916421939661376     
  -4.7397565470364209E-002   2.6837017799072545E-002  -1.0017443307324511E-003
   46.731499393132246        30.269096873101471        4.5628600332252106E-002
   4.9813509339746327E-002   7.1516296539437793E-002  -5.0238991994200635E-002
   23.607166375059293        23.231208367646310        56.597102123059223     
  -2.4229367215252293E-002  0.10402721129014980       -8.0948312458244600E-003
   55.338622259797496        41.377834126886953        20.142528196119972     
  -9.1964466300236344E-003   4.0382973025690029E-002   3.0062248284550425E-003
   3.4877395759524035        41.531792526434856        36.297673967071290     
  -1.9537043002018327E-002  -3.6756250943099579E-003   7.5175670775588926E-003
   21.847632422378521        33.210268080392154        16.350500768210690     
   2.8040169939381868E-002  -2.8009975889960900E-002  -3.1242655798272401E-002
   38.870261720363771        48.317012624687543        12.335741098219717     
  -7.8674366727104102E-003  -2.4848728456435366E-002  -2.2998670148570256E-002
   51.282842687152531        12.732526086438137        15.115803230804579     
  -3.8598713989389396E-003   6.9021405797666274E-002  0.10584933504036985     
   34.204143284432021        43.908434554307526        55.045484403479982     
   7.5630769545213333E-002  -6.4205598549998480E-003  -5.1577076312385235E-002
   29.024670856642317        29.415470000399910        12.985438142357911     
   4.2304063281557960E-002  -7.3847263805941116E-002  -9.0998288834093846E-003
   14.548086326349280        5.7083371208565818        49.706561139148072     
  -5.1951854354359887E-002  -3.2668318203847573E-002   1.7499684252686571E-002
   18.441895228128697        43.421709192452909        23.668401618916189     
   1.4812365768279698E-002   1.6086301700767098E-002  -2.2803270006338642E-002
   30.666737148186908        55.882437620654450        51.972152448675288     
  -3.0514031916877198E-003   1.9206445069889295E-002  -5.1041758644314074E-002
   41.536246156432085        47.982037801988518        29.823336713580101     
  -3.9546489753262484E-003   5.0712229864991611E-002   4.4535071312891465E-002
   23.272166138212143        28.394081290507760        39.609669338351750     
   7.1666965347726125E-002  -9.6802648841914807E-002   7.2819196078161674E-002
   22.301698560247615        5.4215944988596938       0.16420864749489883     
   4.0751566530503732E-003   3.5411544963589753E-002  -4.0562958944194503E-002
   46.058230099244632        39.275463077179516        30.948891188002342     
  0.10396052847354520       -3.3928197029148115E-002   8.3142315318918789E-002
   4.9672356298244056        5.0925705986685799        47.923859650687739     
 -0.13551648389344209        5.3443067750656569E-002  -1.0143246625554631E-002
   27.486231967959970        19.723429632627354        50.550634563680887     
   7.2226756279438031E-002   4.0347995946291973E-002  -9.0452533740366631E-002
   5.5469373979876346        54.394185295994710        17.170369355942341     
  0.11716871887169830       -2.0179930624853990E-002   7.6617931039597700E-002
   15.287091349488547        3.8388440909730717        54.832230969119486     
   3.8385640337257172E-002  -3.3558526216927252E-002  -3.3981870502437533E-002
   11.318936919420215        34.928458906577227        14.179787302250370     
   4.1587332769975761E-002  -4.4638971047100205E-002  -1.7946127485112279E-002
   19.211641542589767        19.569325118771140        38.875003843283778     
  -5.9838859614640492E-002   5.4229996092369309E-002  -3.2279549760157455E-002
   49.128847680255170        51.410879523181819        46.242090435246020     
  -3.7072420579882409E-003   1.8479938113053467E-002  -1.6676498347726547E-002
   9.3174315756688042       0.33746416333732981        6.8575209207399297     
  0.10238618395613906       -3.9867078439433143E-002  -5.1679886255701239E-002
   21.461622259315543        2.7143534790343353        16.060267328573293     
   1.8012765469376014E-002   4.8125276120697898E-002   5.3956114427847632E-002
   8.6473000158954569        46.850878594931636        50.640008128030182     
   5.0431693386972370E-002   8.0443156406672461E-002  -4.4121756183875989E-003
   17.255449936766546        1.9234483212442142        53.029985100511183     
  -1.5149208132443697E-002   5.2469658896725821E-002  -9.5564927143775208E-002
   4.0566387068329837        38.721577198961718        48.061099976280708     
   5.9213800173226770E-002 -0.10965847076670368        1.3850282249693351E-002
   9.0141683307902696        13.828678018973960        25.326084663838824     
   7.1238197348624507E-002   6.4801060285985630E-003   1.9919465086976257E-002
   5.7528975851378696        14.034728569001144        21.231190791834038     
   1.4067968431114342E-002  -4.4703241413592026E-002  -3.4625035532165525E-003
   2.8395635651409199        7.9374575581502214        38.865888280633136     
  -1.1226877945851548E-002   1.1681422571154244E-002  -2.8317126754163025E-002
   32.313218697606182        13.748148135748265        53.732371214415437     
  -9.4879143578262565E-003  -9.3663939589124483E-003  -2.9980297822869387E-002
   3.0241351987724578        45.100279448114755        44.323358829587384     
  -3.4867550803955281E-002   1.5956217591921111E-002   4.0534460318435522E-002
   36.701500851168703        2.3017591895864347        36.461112708817019     
  -4.9554397989263171E-002   9.7939283654978657E-002   2.6108589172704120E-002
   38.059509731620309        30.347927361353214        17.682594081642506     
  -6.0308665730360329E-003  -3.7831046506590894E-002   1.8496582531371106E-003
   53.831758776447757        5.8870114366777218        48.330688876871911     
   5.9905019311058731E-002  -1.6793972944205763E-002   7.8213407827117151E-002
   9.8309672810814082        3.2153337379612590        30.159204352512571     
   6.3132263842271621E-002  -1.4556192132594063E-002   1.0562483249754871E-002
   22.533366448199637        2.4159099640882857        5.9550534235202948     
   3.7749201389099700E-002  -1.2912043422291240E-003   1.0476677043077922E-002
   49.739488778158155        24.732827148276360        27.190864462565148     
   9.6808461851189090E-002   2.7308502484109015E-002  -4.2300531275803396E-003
   35.364002004148375        3.9065569398803919        6.1388368526477537     
  -2.8345880335020491E-003  -5.4755306344991282E-002 -0.10055494252861459     
   4.0321373790644657        33.778210163549183        12.212524109138887     
   6.9421607100352391E-003   2.3619427240372033E-002   4.5910574804504320E-002
   50.963427499489228       0.87626846486347831        10.773150000277044     
   2.5220844426353313E-002   6.9394872168338090E-002  -8.2475458487767730E-002
   21.814048289689847        44.577126246782747        21.456544811262823     
   7.7818674960897696E-003  -6.5135210828839191E-002   4.4449297784917415E-002
   48.964760795896431        26.327770256184870        6.4407022230996338     
  -4.3827404690162733E-003  -1.3088075401244926E-002   1.0577458737204224E-002
   54.328393064898428        42.293258265054213        12.888083827780083     
   4.4317996889167550E-002   3.3995731639388967E-002  -5.2228130210704792E-002
   29.182931157574842        46.259168284944728        24.300784321301453     
   3.8120237399507734E-002  -1.5299805019905627E-002   4.1388829436676149E-002
   16.657405043283877        1.8941604917657711        38.901529788517792     
   5.1775238052914084E-002   3.8602116847308021E-002  -2.1228899482949386E-004
   22.187131790192158        49.141006163110823        55.873851068051550     
  -1.0077586260784494E-002   3.8555804462623612E-002  -3.4930218723301029E-002
   36.494127613454964        6.0496052975527803        17.834957389339021     
  -1.5290545248659410E-002  -1.0955592856385313E-002   8.6172035892178062E-002
   4.7340889951348029        37.436186494486286        1.2511857024411641     
  -4.0734109953722779E-002   7.1518328278548815E-002  -2.5319927052180894E-002
   20.502366752274270        25.323393868330001        57.010468781337998     
  -5.6740144344963925E-002  -1.0604971977734414E-002   6.2466678513497381E-002
   4.8943086678147392        20.314759214404422        14.386355805643809     
  -3.0608664374290492E-002  -2.4854710120077807E-002   6.8008652803537961E-002
   42.101061246115819        21.932360138232784        23.656358849445756     
   3.0782510060674749E-002  0.12877611679862913        5.5052272615781384E-002
   32.258690028386368        34.116799921378892        37.994263514238540     
  -7.7824226764499072E-002   5.9889967190599339E-003  -4.2145519370112058E-002
   46.880021321223786        26.427560573096706        15.596890249233251     
  -1.9079502691310188E-002   4.8938328806359968E-002  -6.3304945553700448E-002
   31.239267850468970        28.293804081301126        22.143233160561966     
   2.1381917544096345E-002  -5.8484158201517492E-002  -1.5990191696544451E-002
   8.1516931089957474        19.935476454321506        37.889437218721554     
   6.1979932661084508E-002  -6.9633340374518557E-003   3.1179568210902158E-002
   2.6326706581723953        5.7353655265723447       0.74400242692771623     
  -6.6310621970031250E-002  -2.9966107508857490E-002  -2.0019503438203193E-002
   31.960456174614027        30.201491342468088        5.0402178490047422     
   1.0181456389746621E-002  -2.5509080989990916E-003  -2.8246628965687373E-002
   28.348208038492931        4.0214835286274919        25.272977266007548     
   1.0445862882235471E-002  -5.4905409800575379E-002   6.9228214532127495E-003
   20.563120261723398        2.1011691173010631        3.1223117442085706     
   8.7314908135126698E-002  -2.0011876368610668E-002   4.4147383080573907E-002
   52.736647319299763        17.498767206924281        22.235919294036144     
  -8.6382922448685236E-003  -3.7394782595338828E-002   3.1521802310141483E-002
   33.035237389212867        10.517584993142071        30.524766577421545     
  -8.4899817792439512E-003  -7.2474092056884182E-002  -1.0829117647775917E-002
   12.439532349229005        8.3920233606034440        24.819031607853550     
   7.6049034440612354E-002   5.0297002329969732E-002  -7.8378745156745880E-002
   31.112546327853327       0.49193168117587566        40.011244227507021     
  -6.8854352786571316E-002 -0.11918137086449138        6.1435998472586850E-002
   34.780293295643311        50.464089588361333        34.021196738524814     
  -1.6861909449591306E-002  -5.2595536538586219E-003  -1.4864563849529180E-002
   36.259457172428100       0.96681570299632069        14.610773383278280     
   2.8817455970252476E-003  -1.1383309697855464E-002   3.1059046448461403E-002
   27.286305953577699        32.810317997085029        55.573941173712242     
   3.3844597353202381E-002   6.0046216408237311E-002  -7.6307957432916448E-002
   53.505803227177900        51.942416028715989        29.964337939095618     
   9.5437426297712125E-002  -1.4202566206779777E-002  -2.0108869914833565E-002
   33.185709292035739        41.263258471501707        52.270331852139044     
  -7.7781462724942144E-003   8.5301830672364787E-003 -0.10741513838591531     
   55.880499308857111        27.769425865744068        15.764091207306382     
  0.10527020841113828        8.3025019785234647E-002 -0.13197948962010764     
   47.274029815767918        56.698157986492710        14.119835498221013     
  -4.3614948366853680E-002  0.10930040356589564       -5.6797875500621785E-002
   20.646063130624267        18.741667319668462        56.491204702908746     
  -2.2275553704836790E-002   2.5918996410376167E-002  -1.7154922003525742E-002
   34.162444072238799        54.060007279990501        37.731879501862295     
   1.9992709621049334E-002   2.8739345239850184E-002   2.0454944589620282E-002
   34.670642428209725        47.846340166706341        7.0595268523332333     
  -2.8567565520317112E-002  -4.3506112163885627E-002  -1.1875561465273644E-002
   17.449078640059493        1.4362977915574879        42.861436523484876     
  -6.6566456228191800E-003  -5.0317014785781732E-003   2.1263508235676118E-002
   17.107137131331303        40.671355065491852        20.601092315657720     
  -4.4730564658213852E-002  -3.8852569883782329E-002  -1.8077648487975741E-002
   26.393865786175500        37.660679703184250        39.567681190436147     
  -7.5180129771339602E-002   4.9234212142924547E-002   4.3625099310294043E-003
   38.495671562567466        52.804353302059212        16.827502405932325     
 -0.11389535020080810       -7.7804561607870250E-003  -4.5120362378357301E-002
   47.388271990370484        7.0756221148224654        36.516526928450993     
   3.9196382909101983E-002  -2.4357352717545414E-002  -9.0198891991451327E-002
   47.009294781964151        13.423519774709460        39.892878996259256     
  -4.4962003306280279E-002  -1.9673661378931300E-003  -6.9633329639453775E-002
   47.335213907735231        42.081877371762353        5.8193012223224061     
   6.6109428898595390E-002  -2.2859473456669232E-002  -2.5628599530438681E-002
   13.093162422503056        39.265528246093552        15.268595493782806     
   1.3114140818832611E-002  -8.6224111364294989E-002  -6.0616321231667616E-002
   41.476949274529971        13.033430983086548        55.155081279695814     
  -9.2554792866590633E-003  -9.0567571418443377E-002  -2.7104071407664177E-002
   39.233460010914847        37.033926817172706        17.600448390345122     
  -3.7820435608076991E-002  -2.9333415131003990E-002  -1.5736257418554212E-002
   36.095802380060917        13.906950633029837        54.129573583064037     
  -2.7209327548436444E-002   3.5361383335131356E-002   3.2995307186277794E-003
   11.311293310639492        22.824959338436368        1.4898236497464048     
   3.1003018482811378E-002  -8.5223583147418333E-002  -5.0088254197358247E-002
   8.2830941822041133        26.733915773328601        7.1055251898192102     
  -3.5391001805194229E-002   2.0007900655556399E-002  -2.2397155848602635E-002
   47.124425053388443        35.985066391344638        46.244034488007834     
   1.6870053821297328E-002   2.7718188662243973E-002  -2.4881983094239963E-002
   23.781809114482332        6.4809706381822920        26.066038519874692     
   1.4938619289934982E-002  -5.8597059695479362E-002   1.2062553007696347E-002
   54.526475700139180        38.524528477178869        50.666882635592408     
  -1.9637434091648347E-002  -6.5047585036281108E-002  -7.6369790937171125E-002
   26.137224317240559        18.100244113388680        31.212166758666697     
   8.6664351906285977E-002  -7.4449323142508517E-002  -2.4002804018449689E-002
   47.623992206754622        17.699616160479554        11.354342640279674     
  -3.3314163856694194E-003  -2.0813873230105223E-002   1.7357713406912830E-002
   12.240235034189814        41.977664271660146        48.377630361793017     
  -3.8970517622334923E-002  0.10751167263703321        4.0272204693301707E-002
   19.118073665057729        35.425356492297979        31.964366806064056     
   9.4594393368067298E-002   4.3721146871221958E-002  -5.7500162093311623E-002
   7.6668772647785488        2.3364662704115662        54.471175107982525     
  -8.1774382649363153E-002  -3.9444279043658402E-002  -1.7560377796771290E-002
   10.610343911300092        51.759989079399915        16.781783216807291     
  -5.7587866688968488E-002   9.1029193838187111E-002  -7.7420437939639736E-002
   2.2704283061243991        50.414932106540263        39.939440804119144     
   1.1910966265199762E-002   2.2760425599639505E-004   5.6870904214008637E-002
   46.024126378976291        34.632767629557264        41.367616153150259     
  -5.8816359898696075E-002   9.8934453952077318E-003  -8.7606177668946073E-002
   12.937720540309902        2.2692324371285437        47.869159800185741     
   3.2854618885678095E-002  -8.2472019123337167E-002   2.9035429021564734E-002
   3.5859014504601636        50.197380505977911        13.962861439129513     
   5.1307251995181075E-002  0.11828082836012822        1.7505368367189376E-003
   51.997516881169645        23.673745358818252        48.338325697801707     
   6.3666567930757048E-002   5.6652505614381350E-002  -3.1864888308701558E-002
   25.126644517033387        13.386158914228144        38.662847266260272     
  -3.7686712593393464E-002   1.2882033294372795E-002   3.7451227819952478E-002
   16.379442557180425        40.783623374999756        47.508808892043426     
  0.13864018019445168        2.5267290666725634E-002  -9.1127028385901490E-002
   7.2867920975179379        50.685772250319772        30.577621710038663     
  -1.7733315944581787E-002  -4.6249812045931711E-002 -0.13975495886662662     
   44.972112371717607        36.921456528883162        6.8800317532669535     
   7.9892115657680743E-003 -0.14050695885360834        2.4268449325297876E-002
   17.348909317958348        3.4303660036540862        2.9254111226668162     
   1.0329443166192370E-002   1.7409467770285920E-002  -3.2800251554590105E-002
   40.275122716271177        2.4876364779731439        19.834943099473811     
   2.9129816874273927E-002   3.9031134548387345E-003   6.1903919498326979E-002
   7.7490363211155318        19.544176433581349        54.966377970684064     
  -4.4094849977663858E-002   4.9872972392337733E-002  -6.6475188803718693E-002
   22.300391290988919        14.625998831705969        45.575081988894297     
   7.6324004254412206E-003   4.5448834757589381E-002  -8.3111249901843993E-003
   11.728082889301463        28.630166887823513        7.5679824616668485     
   7.8759210678163438E-003  -8.4359662686332909E-002  -1.1996794760238846E-002
   56.151538447144922       0.91332913874106225        28.858967364466796     
   3.2804931918877012E-002  -3.0999861448718379E-002  0.11929600055811876     
   31.481613542943506        14.776719643389510       0.35925771391581807     
   2.1760108983023243E-002   1.1690280660472717E-002   5.8791444153862898E-003
   57.003740690792014        53.930666834892001        25.445901786449287     
   2.7845524044039019E-002   1.1158884971271814E-002   3.6529215535860112E-003
   17.758981546588853        53.673845836512946        39.546197119826772     
   1.7055747680301887E-002   4.5124275064793773E-002   7.4820996395568579E-002
   21.608004042902596        40.070859656414655        21.364422836468034     
   5.4038972879264985E-002   7.7071767819349463E-002  -4.7581989085457743E-002
   5.7672498704193895        26.005866440314392        21.211145981387457     
   6.8407243625774397E-003  -1.1449389355588580E-002   1.0269586124042523E-002
   54.232390408889650        9.2962249275803739        27.254180497688576     
   2.8285512592774450E-002   3.8656477360741917E-002   4.0923009223669440E-002
   22.741470275689853       0.75023779977437277        29.389312035997516     
   5.9067390878617676E-002  -8.1051768517373862E-002   8.1436001133313216E-002
   9.0691954809869539        32.649003059664302        8.7444765144323195     
   2.7604831528692909E-002  -6.5546818633633042E-002  -3.9101684702652136E-002
   3.7009442837571034        21.674249588392872        49.421819127768991     
  -2.0578901290497043E-002   3.9997056063081262E-003  -6.5086288505155063E-002
   6.7734990185849062        16.405700460199338        28.379644650569197     
  -5.1309447933324676E-003   3.2252190459392448E-002  -2.0566780047133876E-002
   52.138410322109038        37.960095963392803        18.321268060220817     
  0.13350387723383200       -7.3148305452767556E-002  0.14071853528023190     
   43.081002899570976        3.5492447015784139        36.726807011707976     
  -1.5488288927492736E-002   6.4366668370625060E-002  0.10562473782331472     
   3.7018627347387847        24.876570690465272        17.858348310320817     
  -9.4484772653291513E-003  -1.6850782708151515E-002   1.0127788458347602E-002
   8.4690706876073474        48.432523045006008        23.593614391296175     
  -2.5330924520320382E-002  -3.5116510504629168E-002  -4.1676717545335265E-002
   6.1260349801883232        26.136570510570493        10.316103979002696     
  -8.3735040037659303E-002   6.8048555822220316E-002  -3.7261975447217051E-002
   51.164445163077417        44.865515489976353        5.3064987953278502     
   5.9561669477293508E-002   4.6181957011004549E-003   1.4872563220455957E-003
   21.211519950912948       0.49592165182439740        40.536387785805630     
  -5.6408485829888763E-002  -5.0748661108861393E-002   2.5568768802673603E-002
   29.109477866238521        29.180837431268767        41.040363702052332     
   4.5095952801464396E-002   9.0561208498591728E-002   4.2276072661112229E-003
   55.382264645014658        40.282563843512563        8.9064162432011411     
  0.13171772976216303        1.4095742430109769E-002   8.1250286458959514E-002
   29.698185620875847        41.165265870443449        34.827129594348811     
   3.8978829845846830E-002   6.5901650327426925E-002   1.5446422487085866E-002
   31.772339107945836        13.357313953424077        15.850540310180032     
   7.3310678775189334E-002   5.5835289443021130E-002  -6.2606433532705244E-002
   42.205616122255606        21.000695940192575        26.859252981629698     
   4.4488900256328678E-002  -1.5776747589091290E-002   2.5129373764515704E-002
   40.641541549034976        39.664599647903167        39.017106820330412     
  -8.7055992132615126E-002  -3.3532847083167380E-004  -4.1176854695971016E-002
   48.935931713821326        26.399476059805057        20.297246353701226     
  -1.8376692181976673E-002  -1.8105117352986429E-002  -3.9173469615023668E-003
   21.420077145829357        43.449602436820939        13.106632344994512     
   1.6545805698618594E-002   2.2689631051917861E-002   4.0675217995676263E-002
   49.808471226174987        36.316954444506813        28.454021187328980     
   2.2078065598748642E-002   4.4819729595514904E-002   2.9585771321904559E-002
   7.4160687897023507        10.778287187877339        36.546897052958620     
   4.0059830636020050E-003  -9.3486566998254264E-002  -5.1867274693939642E-003
   10.115233107722959        37.749785278841308        46.129261540466722     
  -2.7676901379574282E-002   3.4859365355059693E-002  -6.2370352909759307E-002
   52.726993695536841        33.273306207538504        23.372184228440165     
  -2.3264266600037269E-002  -8.8392684456220713E-002  -6.2636174551206026E-003
   23.696322355443161        13.451046639202298        3.1528955157865655     
   6.5297672922156352E-002   3.4263829946626981E-002   1.3967625616390174E-002
   23.626663940491124        48.903349066099565        37.905357522628563     
   9.7353376676595091E-002  -6.5940910089457488E-002   8.3756363644354029E-002
   9.2256471001082154        20.778776808570587        12.522549862527599     
   2.4669559395151565E-002  -1.4511221300850250E-002  -2.1968337499216968E-003
   14.752346470439463        8.8409202805413667        46.296234974483681     
   6.4902552251465781E-002  -5.4105962837368354E-003  -1.4693581134222748E-002
   33.644960772755660        3.5822634781208631        38.236031242511068     
   9.9139666285295771E-003  -8.5293860318500572E-003   4.0915576912348720E-002
   18.941277823942517        10.612063707954691        43.788334920421704     
  -8.2819168450057823E-002   2.5755360824390012E-003   4.2779731803295196E-002
   51.884692439082173        10.417175446157502        37.138297364912376     
   2.2677215803941310E-002  -1.2835166102567012E-002  -7.5682700866145369E-002
   10.068497365356615        8.3505594375294123        17.124617658279686     
  -1.1428578320521066E-002  -7.6129125459106370E-002   1.4642232581193626E-002
   25.965431021333529        23.579977190512210        3.2585822517322138     
   5.5705223602890902E-002  -1.6809333277844733E-002   1.3719607973795863E-002
   42.527198543579424        48.474537392821738        26.123173003629702     
  -5.7318856025929683E-002  -2.6036857515122018E-002  -7.1985007660152797E-002
   13.803279627107026        42.675566412225983        33.920799397059191     
   1.1587306401935500E-003  -2.6024124841556241E-002  -2.8924602152682031E-002
   49.963856448416408        12.160631127886880        47.344070967819910     
  -4.1884852314150178E-003  -4.3903294492046746E-002   3.6973098957028598E-002
   14.701854178988329        44.607830316475663        44.164673374775994     
  -3.5390057755148030E-002  -5.2239703738505554E-002   6.4646600459393230E-002
   26.984032055025153        45.826521107003614        47.476345865755533     
  -3.5775900063560837E-002   2.7093956272832273E-002   4.8382185825484834E-003
   46.586928607113158        18.256064355749029        55.791619064673689     
  -8.3213593319038159E-002   4.3186978819889033E-002  -1.9200135926099073E-002
   23.331377603746951        30.155050106475716        42.920059334773576     
  -8.5324348631123370E-002  -2.2617715484564175E-003   1.9641489387537330E-002
   4.0266605345589843        16.628597482203585        12.492708703899609     
   1.6818549447023563E-002   5.3136743820520735E-002  -3.3507805189823874E-002
   50.739428456035697        24.583391202976681        34.997980764825023     
  -4.5709468145583035E-002  -6.9041218983309796E-002  -3.2666069531582305E-002
   11.958613851465460        41.345282205535483        19.011493977677436     
   2.5790564557974655E-002   1.5918177828543371E-002  -6.5568570843422713E-002
   22.160325666241881        38.240751083057297        9.7554126277654465     
   6.9257071032737885E-002  -7.4222587588949770E-002   3.3982275774774758E-002
   25.218929708228991        46.017956215116939        20.455655788423041     
   5.3667420273444212E-002   4.1075147373932773E-002   1.4126071810625791E-002
   40.498115001651421        30.851081918644869        11.037051324993168     
   5.6334448171670812E-002  -5.6989601629416950E-002   6.4212880267586925E-002
   45.113096361066319        44.186727710975276        13.917239827447935     
  -1.5741799260724791E-003  -5.6864780442437479E-002  0.12162605703332273     
   27.685457646318447        10.233587498445187        48.352456927050611     
  -8.4145757690190684E-002   1.9770212990855469E-003  -9.8961840375627261E-002
   46.698997023976219        32.139696094830192        25.973420487398943     
   1.8011696717264637E-002   6.5036382963668017E-003   2.0687222117825470E-002
   17.206802086076774        31.065037283259951        1.5532312786976981     
  -1.7772436046067312E-002   4.7360863277884017E-002  -2.5170191724918779E-002
   50.414919588105128        27.625543474138464        48.325116885300616     
  -3.0346316854467918E-002  -8.0762233078352300E-002   4.8195888860650127E-002
   53.638160165462928        43.649558508157043        56.064135127296858     
   9.5995351560361972E-003   6.5773312122364841E-002  -8.5953385990085993E-002
   37.385676293998394        32.136912201760033        55.576973942765242     
   9.6282735775465977E-002  -1.4474789328392527E-002   1.0235660053692166E-003
   27.126233787368534        51.837676948788172        20.971834058147422     
 -0.12570659722906907       0.11954673897797649       -4.9950430610376809E-002
   57.134951714493305        8.4099278066250669        48.025725573841015     
  -5.3504115007141518E-003   2.6950021303045659E-002  -4.2122573374368645E-003
   10.616676027447156        17.774903138494579        10.504536094473419     
 -0.12514778425938050       -5.4560566073754736E-002  -3.8928108684219680E-003
   6.6328388708979213        26.633723892495535        36.398708561097344     
   7.0581270342021149E-002  -3.1324014164000227E-002   9.6321419966092281E-002
   35.575734967370202        47.607063726658005        43.987230700552544     
   1.3557400882469803E-002   4.9011465858056810E-002   5.3526666556601495E-002
   36.643259481801536        26.828251188120991        8.3218414571069381     
  -6.2178429884431313E-002   6.7387447715001741E-002  -7.4423429314004419E-002
   16.371057295305590        5.6589104627106925        22.800931448134346     
   8.2833051935309779E-002  -2.2115350433976937E-002   4.3325889970014554E-002
   8.9696470122635787        29.704712481241362        36.963990299991977     
  -8.2874286324007597E-003   7.0906635932988876E-002  -7.3053037708196615E-003
   33.315545842579667        6.4445054981816190        8.3973939334962555     
  -1.3172322145700719E-002  -1.7419731254007093E-003  -3.4774012352226241E-002
   15.186176455946860        56.271219888650293        35.715170086127557     
  0.15577680551628814       -8.6049157497676304E-002  -3.7418762477533341E-002
   37.043548371960661        25.329645907175919        12.803138075480668     
   1.2222180359714126E-002  0.16792559472561353       -3.2264265950011424E-002
   37.480842718181769        29.055303673406730        24.795713782311928     
  -1.3101043603124410E-002  -3.2822906678642523E-002  -9.0890743273658578E-002
   55.188836598608887        39.922332740505290        15.858796648168848     
   1.5033200211957084E-002   7.1562129879217132E-002  -7.2169431039187298E-002
   8.5452453363293266        14.628760275387494        18.594156216588622     
  -7.1946116505748878E-002  -3.9766812598044064E-002  -8.9639449957954712E-002
   17.952387173049857        33.123318693146572        26.804094650829700     
  -3.4916815675176860E-003   3.1684142956885597E-002   2.3384791499988636E-002
  0.83488082267598784        33.755818975942979        51.250294158227717     
  0.10073422811639554        1.9493594462339603E-003   6.7947659957386830E-002
   14.899931712915263        11.469144623031234        39.319567796153194     
  -3.7853402337581804E-002   6.9920988516314906E-003   3.5389361445415288E-003
   7.1163093040484107        56.327477673376919        25.091829687680587     
   2.6068460704441038E-002   3.6234022624964141E-002  -1.1004471589604480E-002
  0.50260016353257264        49.325016159462507        8.8328701440130892     
  -2.1814302970325473E-002   6.3582149369621324E-002  -8.5423828902662757E-002
   35.318136229810612        9.4760653569384132        5.4797945027643714E-002
   5.1218094841563089E-002  -1.3665365756124651E-002   2.4530755920285762E-002
   45.803789685806649        41.299882854013866        19.986806100875665     
  -2.7601317763671075E-002   2.5740098143385608E-002  -4.7912620585739883E-002
   35.397196245398334        55.320671839104570        29.837663547437710     
   1.4813023837887070E-002  -5.2977745832424289E-002  0.10750554028319163     
   32.515793365784077        29.568427970937798        8.2270665400409566     
   2.4782767291455506E-002  -4.6758408133560553E-002   3.0179955505970923E-002
   7.6139249575357928        14.474996726484818        48.242829457340747     
   3.2571889934053452E-002   2.9746734514485302E-002   6.9582563229005828E-002
   40.420140229765330        30.128972115132711        38.229595123835651     
  -6.9355832199179318E-002   2.0880879968830871E-002  -2.7332829435157302E-002
   32.342208701038970        29.517877699910265        31.536733231393725     
   1.6205773839922073E-002  -6.1563283882453109E-003  -3.2866801208169330E-002
   47.200717108975077       0.19076060940940873        37.510129755498795     
   9.8929423690333515E-002  -2.5420145956916291E-002  -4.4986500031327613E-002
   19.422466852472905        11.801350016250693        19.862912259493129     
  -8.7104708582106422E-002   1.2685466117239790E-002  0.10923983599282520     
   47.351126778506583        17.907104054041692        32.280272782695633     
   6.9475178290605150E-002  -3.3808353997193549E-002   7.5994038567147660E-004
   12.991622652880773        20.019421720352625        12.080662249511043     
  -1.1431413072827188E-002   1.3916330060979654E-003   2.2914457250043180E-002
   30.035811764163480        18.004363464460766       0.68564052868669256     
   4.6431996128128053E-002  -1.4680573346604602E-002  -1.1118540882999698E-003
   55.142076369766265        18.240954405305594        28.759999920472648     
   9.3053499626793074E-002   3.9575037437073718E-002   1.8774033703288046E-004
   54.510167672565096        14.676757190194083        38.854733486553769     
  0.13051477724072344        2.3746878736789108E-002  -2.0643532556804300E-002
   55.540842215665897       0.92714191505273669        53.561901188316924     
   1.5345134606210441E-002 -0.11204992536771105        1.8504290442437468E-002
   30.320701353246871        2.5987034208171931        13.311131668030081     
   1.7065676379192897E-004  -4.1442972376106939E-002 -0.13683253259713690     
   20.889885271351577        42.087090986900321        44.284146135338879     
   6.5883681673293365E-002  -3.9122001241569247E-002  -1.4588871558290268E-002
   23.422997793875396        54.681267547996022        11.788953535548947     
   5.3489263719692898E-002  -6.7606470186993520E-002  -9.9424730428117392E-002
   35.582540498301370        15.582936918876733       0.53072940386311429     
   2.1804495134236188E-002  -6.0804668099943185E-002  -4.3917428366703481E-002
   25.760419803271457        11.720460502099526        43.116483981447992     
 -0.11611232365512283        3.2950827782979787E-002   1.3762986446571887E-002
   49.070951469509019        8.1175085985608746        45.064765217939758     
  -7.0533804975782613E-002  -2.4413387538515623E-002 -0.13901139495264281     
   10.537849460991445        47.919891366009246        30.996532536920672     
   4.8450729564084409E-002   5.7306638335115491E-002   1.2062813107298821E-002
   16.651698417891453        7.2913113377198657        10.091320739751925     
  -3.4879140651835894E-002  -3.8723698548318752E-002   2.0139536067969258E-003
   28.809301857478378        18.643324502160684        27.346131514548112     
  -1.7381757683288649E-002  -5.0509468466346318E-002   4.9178577937004114E-002
   7.0093860149452123        42.416711758164439        8.4889758397286492     
  -3.1424789144646359E-002  -7.4295389869992977E-003   1.8744518394163877E-002
   47.135247614144376        45.869591268727682        34.201416333597962     
  -2.5527860211312779E-002   2.8199616452679984E-002   1.2150046131425639E-002
   5.1349967918752828        44.203742977114949        18.384186509526302     
   2.2324546226158690E-002  -3.6321471986717264E-002   2.0227458735348074E-002
   25.454345137854848        26.700531260849054        21.214734722532377     
   2.2542640857044757E-002  -4.8810697015475045E-002  -8.0913335468490218E-003
   13.909555171265943        48.578308783140933        52.738890943122755     
  -5.9107029143011056E-003  -6.4809381104179616E-003   2.3096337864261335E-004
   50.566635234218019        15.835631028599353        42.017583121087938     
  0.15240972398560251        6.3003086554545715E-002   2.7682345936350612E-002
   26.175792164495494        50.892713802904069        13.036255797108090     
   8.3619035857326163E-002  -2.9749111937785823E-002   6.9651278537021530E-003
   49.397412725901042        6.3681562767396045        26.683292886267001     
   6.2003235618922188E-002   7.4703129281248670E-002  -9.5424332713655250E-003
   56.152975260436591        46.697472341121376        11.180920732192515     
  -2.9203070817158804E-002   1.3267111806492357E-002   3.5372684118989486E-002
   29.431850553862247        27.362678305412771        8.4426048872130899     
  0.10512202395967565        1.3895548420187881E-003   9.1705255328623766E-002
   2.4558533866202517        16.087699690748384        19.221590499192246     
  -6.0018097485697773E-002  -3.4546789539940288E-002   3.0624254495014443E-002
   36.606733221043484        47.430311608405660        17.060007223567098     
   9.3326457072068755E-002  -7.2047302142500561E-002  -6.5856286948720019E-002
   49.313545783438755        3.4864616698435902        12.659384304440074     
   8.7138200380629277E-002  -9.1748425887952095E-002   9.9136718852401287E-002
   3.8943834655171448        10.407575343573175        23.635857922891272     
  -4.0483317529459710E-002  -5.0956222766386769E-002   1.0445027945441181E-002
   14.837087419607693        6.5678250445690187        32.356574806951755     
 -0.10189051848269308      -0.23059583241133530       -5.3746310638377141E-002
   13.936907885102482        16.282735412046378        37.145094148104640     
   7.3165517713072378E-003  -4.8921266585444635E-002  -5.7414345247797254E-002
   26.790786494679626        37.972700475943483        18.783937244647003     
   8.6305579595594206E-002   2.0198842825688488E-002  -2.3013851072844396E-002
   17.662521168010791        23.517424845721642        37.791563815825405     
  -5.9160037618925403E-002  -4.6806327656476526E-003   4.2971991857462595E-002
   19.060797770107190        22.403534933836315        45.991988956739526     
   6.6281685186676792E-002   3.3473581988004354E-002  0.14328639295220996     
   52.608236251882339        40.708075845439112        54.053506434827092     
 -0.10215792286972863        4.7416892893352498E-002   5.4056677761280446E-002
   8.6844819498518131        36.720841265506159        2.6245906175776663     
  -6.9001529723313568E-002  -4.1903367489800718E-002  -5.6840188311684040E-002
   17.197826697636241        40.058251129884880        43.662453065930954     
  -5.5507245166801139E-002  -7.7818167910034229E-003  -3.6060766351450058E-002
   38.909304139769880        19.694126531370838        12.541509866275835     
  -2.2207446251449828E-002  -8.4541751291271838E-002  -3.1394096038339460E-002
   17.281181983995854        31.829737931215789        40.486184465566062     
   5.1167232685348805E-002  -6.3246782862997550E-002   7.7185572578631588E-003
   2.0439606239617385        34.452081320524279        45.780082009787954     
   4.1115532746515649E-003  -8.2763403437881508E-002  -4.0508696456338709E-004
   47.413272035923605       0.57229844381641715        18.947131338538917     
  -7.6083483515313632E-002  -5.5651308248440237E-002  -1.6959709619798109E-002
   14.559645782315211        19.300986978437265        40.950459283726552     
   8.6869724891978611E-002  -4.7013349582561079E-002  -5.8466266545409089E-002
   55.118358078712198        38.058919516106826        43.549087034355068     
   8.4353291948866566E-002   7.4630234942714424E-002   6.6173601897401846E-002
   3.1270213878311814        41.942187550854236        47.079313572170335     
   1.3040373987902863E-002   4.0624169949462212E-002   2.4776215700643329E-002
   14.429612922479819        56.473013115028145        44.399847805014652     
   8.0780260204849436E-002  -5.3883528414677397E-002   1.4604954471200965E-002
   49.164673631272763        21.379935515334374        18.452623341614991     
  -8.2276000783929951E-002   9.6357035604047164E-003   2.5343607826779670E-002
   11.150326808120191        10.722528013410022        22.056172881464143     
  -2.3118468914508975E-002  -2.1259874444136077E-002  -6.9675559755007027E-002
   7.7282191559956548        54.650956056931264        1.6537573420141889     
   4.0975082551823340E-002  -6.7934546080142488E-002  -8.4666323790648201E-002
   50.023171066149352        43.791272846892802        55.802559927897150     
   2.7933131839425609E-002  -4.0503562261035839E-002  -2.5231608587860575E-002
   6.4642540134796764        25.027483912907002        50.471044285486279     
   8.3043965003084849E-002  -1.2003036736524478E-004   5.4729374114306686E-002
   7.9756089799646057        11.045930017682476        13.836815521903363     
   2.8384830880007563E-002  -4.9655310068754704E-002  -2.1042293489606682E-002
   52.002877180678460        29.065090837612676        35.397177236937040     
  -8.2106794873487765E-002   6.3978071093403754E-002   1.0493378604157477E-002
   28.867395959955516        32.778427979216346        21.631153740155234     
  -9.8224297484682407E-002  -3.5379152027194549E-002   1.9380853770951108E-002
   43.887004281044121        7.2052362578117188        38.822344468074967     
 -0.17676865280348347       -3.9276770198599271E-002   4.8576439634820466E-002
   29.942183586664385        31.697848560673478        45.222922516757208     
  -7.9485927191710933E-003  -7.3285236763268813E-002   6.5714984550065539E-002
   38.601369990785820        10.462884396463039        26.586372587705295     
   9.9381109272598488E-003   1.6492705226266217E-002  -3.4491219088803385E-002
   5.5421472089964645        13.091238894901437        26.993765952582525     
  0.13910058985754956       -7.7242656675799354E-002  -2.1231614197282154E-004
   15.333079310564255        28.077820338468005        45.098044637145215     
  -7.4790623976486795E-002   3.9014264294761521E-002   1.3677061279164413E-003
   31.532280395355830        24.626194211383297        46.558959232792482     
   8.9347738467375135E-002  -2.1768167337557891E-004   9.3418635371747730E-002
   54.049166548755124        47.218362284891725        24.947350477159681     
   1.8448245918796211E-002  -3.8118704044861132E-002   2.7341651842646371E-002
   33.107370499352456        16.058397463598631        50.403903324967480     
   3.8321788091039741E-002   9.8782608962706825E-003  0.10316003143035345     
   5.2094643441098336        19.963430477346115        29.428504128430383     
  -2.3843105834868646E-002  -6.7049617189087654E-002  -1.2693574983159778E-002
   55.816899084266048        1.9195032102162930        10.262719680048086     
  -5.4875567802524179E-002  -8.5640561516085231E-003   2.9877049585430419E-002
   31.677325193485522        4.2015969100731336        30.912232417269951     
  -3.3993507962515636E-002   2.9754712981470165E-002  -4.8712088796375980E-002
   45.740063771507920        51.378372944802848        26.179619810800865     
   3.1854429962572026E-002   6.6564985079925381E-003   4.2048891941620543E-002
   10.000593808575779        55.621916887061772        44.024953508730846     
  -1.9202484051244653E-002  -5.6475050234095485E-002   7.7141650569905768E-002
   27.207162935733592        9.6600711581857670        3.8687593307725776     
   3.8276595652011025E-002   8.3510597405300299E-002  -1.3630757619592546E-003
   6.8009632731084846        48.846749531957201        35.277208994413591     
  -7.8480223525961346E-002   2.4352938866183917E-002   4.6873913038663867E-002
   44.296513450627991       0.70327471160180777        16.273824097730408     
   1.1054325439007674E-002  -6.0584716694800207E-002   6.2966761990486064E-002
   13.413938977168455        21.841515076464521        34.995119889889395     
 -0.10721265124279787       -2.8208996879299369E-002  -1.8598686955384837E-002
   24.360893196343007        30.449365057473528        10.382307419482965     
  -5.6718503068071927E-002  -6.0951019249749903E-002  -4.3545090455172943E-002
   41.750834485436776        50.655242449743490        7.5043069288327349     
   1.7012975339404459E-002   3.3439963310992589E-002  0.11603460203200648     
   26.293682360226057        47.932539882404612        1.8809290896609643     
  -2.6923397816209574E-002  -6.9454503866966680E-002  -7.1701757454288570E-002
   41.610428542462280        26.661640420931278        37.552383325170112     
   5.2603406346569494E-002   9.1979616500850944E-002   2.6787202091800616E-003
   41.058718531169525        31.686534535341139        21.836012417856107     
   2.9841240449322307E-002   3.1001488449899127E-003   7.5186724405573646E-003
   29.561573842656806        9.5905980996523876        40.639925150187189     
  -3.0941696528267622E-002   3.2871604648707586E-002   3.4106162301948753E-002
   12.579273263022646        17.887512636418808        33.353546150583639     
  -6.2971417980005634E-002   4.1353447618540901E-002  -4.6161444138139718E-002
   23.168026101991760        19.666697446179182        34.989486676300558     
   3.7378828255045779E-002   4.0574281904074284E-002   5.9261583437626032E-002
   36.285963871532878        3.6313267815699000        42.033397660506161     
   1.9317706336474286E-002   7.8277728872315835E-002  -5.0766453826631740E-003
   23.924760452311240        45.525925931369450        56.350116953487621     
  -3.4427189045943232E-002 -0.13468373490450972       -5.6912643532987695E-002
   24.432619450279446        51.089728200626020        49.607792096563571     
   2.2690194044902724E-002   1.2600978507512604E-002 -0.13191836867229031     
   14.812202008881243        11.975737819888577        43.693359964094206     
  -1.4210253958910008E-002  0.10074271211674758       -5.9609589859883037E-003
   53.291214519442825        1.0359404780153947        5.7811241204307793     
  -3.4724871400706590E-002   1.1305687834072995E-002   2.7159262316190928E-002
   31.025389330968796        21.625858453722135        25.823793582068220     
   3.8260974173198049E-002   5.5021430295387377E-002   4.4673933204202564E-003
   38.224306030846542        40.980267555273883        56.123549301695924     
   3.9935506244194445E-002 -0.10167294622164133        3.2898737145670688E-002
   43.683546488855256        25.667070585733331        18.325296514301758     
   3.9815930830341219E-002  -3.8536823342988797E-004  -4.7114659985698040E-002
   43.826819481418298        29.663121897585558        45.855489072608606     
  -2.8469471403879724E-002  -7.7666646523008327E-003   7.8129324023619259E-002
   52.781477146540091        20.664545953298802        30.798269625997023     
  -4.2870276411141793E-002   3.2768679758956821E-003  -4.3843740046710954E-002
   30.462874143471343        17.290473884541829        5.3701570092146511     
   6.2483742385091849E-002  -5.7202835902069298E-004   2.1069067199312716E-002
   27.699957735870001        41.876488821617563        2.2351817919853914     
   3.1890686374399936E-002  -2.3986843405492037E-002  -1.1994871734829280E-002
   1.0862931164899587        14.067505344313966        36.826887702750774     
   2.2196929147079665E-002  -2.1071079684414785E-002  0.10811758550049178     
   47.442172020983939        22.637583026987546        3.8107569861410324     
  0.11473156610713224        2.0419183601536703E-002  -3.0245068062332663E-002
   16.857965602045518        49.241795500505255        22.145483506610166     
  -3.6608393981614876E-002   1.6419714882358639E-002  -6.7191898700895729E-004
   10.035972679253470        56.896329323271942        2.7084239934773584     
  -2.3228766123602113E-002   4.3444974352725735E-002   4.9613541081562136E-002
   29.184855738410079        44.878260348745528        21.312452535651211     
  -5.5424322545875468E-002  -1.7534814774298013E-003  -8.9195817193493912E-002
   11.273054378806028        50.928190291759130        25.135950851730673     
   1.0183672130899084E-002   3.9883775971895748E-002  -3.4672155202223984E-002
   3.1724953774077127        54.893907118002495        49.602043155942646     
  -2.1472358937068631E-002  -1.3598310664337199E-002  -9.2575104291253471E-002
   17.413520148250370        49.609640113653249        29.217771736542367     
   1.8448480648958352E-002   4.1928860198794729E-002   1.9750934060923708E-002
   50.449782720949834        24.696432111962242        54.807651250147266     
  -2.6882475347023930E-002   1.7691855642719887E-002  -1.1738035081536142E-002
   53.445457545427374        53.954866136207805        40.157563518876621     
  -7.6536582112506107E-002  0.14496834028362413       0.14266835958195892     
   35.408539331649934        34.698270088639845        34.177766441937273     
   4.8651255116595439E-002   6.7758314056507993E-002   4.4149159399916524E-002
   15.219228954992506        9.7788652183415898        6.1149689498245454     
  -1.8577909944400704E-002   4.2647832327661200E-002   3.1451241136072672E-002
   50.750463368940068        42.022362121554217        18.809234613875390     
   1.9612920011331254E-002  -7.3867412550962325E-002   9.5308337065767006E-003
   46.591488770318364        36.632549155898744        38.205957539504212     
  -2.1213589574609237E-002   2.7166199081546149E-003 -0.11175022695882790     
   27.157186390034191        37.461938638332654        49.956240621163801     
  -8.1007401428676490E-002   2.2277557419076940E-002  -4.4111558091282928E-002
   19.569047953611133        56.957662287522993        48.978971569572600     
  -7.1491640819036154E-002   4.6716926344316401E-002   5.2433611153298497E-002
   6.6269036651285953       0.82825093756846691        17.051996300860448     
  -8.2220351595148317E-002  -2.2454591925925020E-002  -2.1979052700675999E-002
   3.9646496521748218        6.2117142839859021        43.315200254845188     
   6.7105938540561938E-003  -4.1941916437228374E-002 -0.10339050030686245     
   22.829558214431195        17.969071469764796        2.4101459127395666     
  -5.3133583802650423E-002  -3.6989629751660439E-003   3.4827386460155187E-002
   31.329667816610957        20.852847113430855        37.574857199817416     
   5.3644260095877978E-003  -5.4401081199700312E-003   1.0937447678814986E-002
   38.882590272044609        50.753084326414886        30.388866003917812     
   2.8480044754386528E-002   8.3819237557591256E-002   1.2633046045655259E-002
  0.44731839744984753        41.150224344056703        40.897018712115376     
 -0.10112731761907652       -8.5546945626435861E-002  -3.5701833467853300E-002
   33.633672438320836        41.700328011752887        47.020051395760255     
   3.5063646259219448E-002   1.2935593033552906E-002   2.2695984077775479E-002
   28.318924323792668        7.4643353888075463        56.511224959561062     
  -8.7713764537962740E-003   7.4669143042440836E-002  -5.8643368115834468E-002
   52.884157478809605        38.630963732923497        12.986559554828863     
   5.0553356279772026E-002  -1.1817769890602020E-002  -5.0408012896544577E-002
   40.764333531716758        57.222747633208222        56.330954661296282     
   4.4512276199749026E-002   5.6598033251843746E-002   3.4058177974739721E-002
   38.536328180844379        36.821244542653986        4.4707196580815820     
  -9.9393932165593377E-002  -5.0346807185428062E-002   3.8293957227005189E-002
   22.481672616033059        32.494980726048183        45.354678053727440     
  -9.4872984558929396E-002   8.5914093751872075E-002   1.3311129059351501E-002
   2.4546293231159999        18.465121188995315        54.279509414024702     
  -6.8857172012391873E-002  -2.7239973890596549E-002   6.0963375984514311E-002
   57.274227911884772        25.229829726814184        36.508977182427458     
  -5.7658576414745359E-002   3.4809960592568717E-002   3.5133928834760693E-002
   20.940506231515794        2.5282695858538999        20.586569947735324     
   1.1565115162489375E-002 -0.11796645462299840       -4.2967539126347626E-002
   24.116732206087921        24.355105390241256        25.106205971354026     
  -3.8350371510587594E-002 -0.14347322471882382        7.4851973865743937E-002
   31.042449833137468        11.763567798928895        8.8561452369742639     
  -1.7364964990440507E-002   2.1893951724432622E-003   3.0609768927944748E-002
   24.321036781818410        17.381389684745457        19.943709300511046     
   5.4167560561947603E-002  0.10816840862425828        1.4562968787332120E-002
   30.174654444890724        49.370122425208848       0.61160745578452047     
  -1.0277989252874016E-002  0.13438329692897780        1.3919476026838176E-002
   50.393525235207697        20.619692100089889        35.393461220060622     
   4.0243843898182662E-002  -9.6491821459540987E-003   3.8240433922935621E-002
   25.323564058909792        35.119819734965461        36.796022082102077     
  -2.3654403370378111E-002   3.5245720087220427E-002  -3.8004041330808362E-002
   25.867781644236807        5.8179538797901778        48.899842290880500     
  -4.2274963095958663E-002   4.1477652557669734E-002  -4.9732173222317252E-002
   35.000667329712279        24.742415641150430        48.168426073022047     
   1.6429784141448786E-002   2.2414679882609194E-002  -1.4180988921921978E-002
   8.4779351884504557        12.999372849510095        28.958511310330721     
   3.2417862039581358E-002  -1.1035191381768108E-002  -5.8553875605087194E-002
   34.237112391490328        7.7486891441203554        11.787780964210159     
  -3.0301492935405929E-002   1.4828214803030005E-002  -6.7291289728287962E-002
   6.2400460576533989        22.863267002144898        36.268664119626756     
  -6.6491648792699184E-002   2.2827920895479411E-002  0.10800046757501537     
   17.579682999095514        16.116947658364428        10.557875799877921     
   7.6824171136871053E-002  -5.2571479366486908E-002   4.1834367881330957E-002
   56.472163537835094        10.186028671586179        32.276141212127257     
  -8.9736819853067831E-003  -3.1636060874796465E-002   8.7109486049593621E-002
   46.370232433343425        35.990063402470561        49.707634367926175     
  -9.8656290195723514E-002   8.6289975853788822E-002   4.2442422686477368E-002
   7.4125468223425885        50.986564981802019        48.713088774511384     
   4.7065342046894200E-002   1.6887002425457421E-002   2.4410845107623477E-002
   34.566695431218690        25.362267888232722        15.496987884595345     
   3.9506357514041100E-003   4.6559985394869323E-002  -2.3848979691316424E-002
   41.691417310153376        25.475560539428752        5.4350671308346934     
  -3.0803398503219444E-002  -5.2768883761078239E-004  -3.3796825237230627E-002
   7.4904104447637891        5.7485218463858994        40.809382815335134     
  -5.2060880262318247E-002  -1.3005137000356534E-002   6.5709223906038741E-002
   47.670410631421476        44.455095873898912        2.5892579838433516     
  -2.6127577715064774E-002  -8.0642176526122725E-002   6.5286073453157206E-002
   28.585116749062411        44.592591114942380        42.693124529567243     
  -7.3663305197422035E-002  -4.5831271462439323E-002   7.3080214474478725E-002
  0.52850597246425390        21.526636273076178        29.272924566536325     
   6.0508525727625627E-002   6.3244615629650086E-002  -3.9623948477322563E-002
   9.9933118811475481        20.223910517704969        33.352251196612059     
  -4.8388564571303768E-003   1.8010303357504195E-002  -4.1622204166371898E-002
   41.024822526127615        30.702284902393949        25.149379642753022     
  -3.1008532474392902E-002   9.5959710382112928E-002  -7.4143196220299246E-002
   15.029846653654811        40.599833052320569        1.3157370838178066     
  -8.7127813458384565E-002  -2.5734567778712660E-002  -1.4085100331149377E-002
   56.782956429967662        5.3910228985429107        40.452320576854248     
  -9.1772751550724521E-002  -4.2614295185382393E-002   5.6353503045225996E-002
   41.656403562888293        42.821657673698290        36.108210571475610     
  -3.6253221858334225E-002  -6.8828914177610657E-003  -4.4184287340961519E-002
   12.579744570033958        3.0982502532733291        40.035020112696522     
   2.4682403473917893E-002  -9.9373192071498220E-004 -0.10816039440771862     
   37.946393048252666        26.517559957655465        34.159980214847486     
   3.9345790767238480E-002  -9.8827095105034398E-003   9.0332704787487225E-003
   39.237957282471939        36.173781517466708        11.456479505522433     
   1.8998027651300303E-002  0.16046127860370307       -5.0352059046555641E-003
   49.390918241183300        55.224291928917104        7.8415900135286476     
  -1.6006521111645085E-002   5.3800715384636211E-002   8.5134890955371953E-002
   19.046556948831562        45.408413101482225        15.557038229416444     
  -8.4544236960632457E-002  -3.6984471252316693E-003   7.0554911479500756E-002
   28.658807004077588        26.173174289323320        24.466001986559867     
  -2.0543977752030063E-003  -1.4857380145567025E-002   1.3813730967231376E-002
   52.913809288781444        29.268191725255917        50.666152332922380     
   6.2847644768622729E-002  -6.8899807426371654E-002  -1.7881812624065435E-002
   10.122557685283875        17.780834625915467        15.947303615237773     
   2.3318108394119939E-002   8.6487731710391841E-002   7.8372614582577459E-003
   35.367306155830356        28.395644619061930        52.596840580253449     
  -7.6257243690177764E-002   5.5270541597589040E-002   5.3562592658569419E-003
   24.602787539377999        8.8605587950643443        42.768940845343451     
  -4.6117363926594657E-003 -0.10725392787737827      -0.13738724214067435     
   10.033917256942521        9.7236966953947377        38.560678467817283     
  -5.4284763263552270E-002  -4.7634441487268329E-002  -8.4849511837898878E-002
   20.568073520190115        3.8576528286704490        23.870267435213044     
   6.5819410846726586E-002  -7.2949023199161106E-002  -8.6863520846704265E-003
   33.481539797373379        5.9904650055773150        35.498209810327609     
  -4.9543234262045648E-002   7.2881525000884637E-003  -5.3693483482679582E-003
   45.487462122338407        29.493947036740348        22.603168409857130     
  -2.3219733627446677E-002  -4.6169207371920762E-002   2.1500755488875513E-002
   48.511447007440417       0.95438409613997544        46.949782368241756     
   5.5721840008857035E-002   3.5941484565230837E-002   4.7085421154128186E-003
   33.442276005157282        2.3876736989581415        45.342163135196841     
   5.7926971518337108E-003  -1.7416067882761125E-002  -2.9893069629023820E-002
   27.377055111170616        20.653408924033457        57.164382948182194     
   5.4370008087945669E-003  0.12596185719065520       -5.0884218139006801E-002
   31.056695214088791        36.791290646428976        13.650728773011027     
  -9.1862880554604509E-002  -5.5981043663112240E-002   8.3706496069183067E-002
   5.7636136253218790        30.316386264011246        22.336355170043841     
   9.1537904854154764E-002  -9.1272912299681208E-002  -5.3958082458202647E-002
   46.195731924519322        30.726317293949155        10.831531247638583     
  -9.6893051629825505E-002  0.10135146349124617      -0.13327541656473973     
   36.976550096239137        12.222574010179388        45.151641391912165     
  -4.8372389122306729E-002  -2.7356473842433938E-002   3.5512616966026180E-002
   43.315824426273331        28.269134692154694        31.593238164408586     
  -9.9370267007118970E-002   5.4209549135228602E-002  -8.3053497473488109E-004
   14.687364450138379        15.248406617947033        45.590378352194861     
  -6.2786453848905591E-002  -1.3402276073898239E-002  -9.3493833055208017E-002
   37.716224391196157        41.249753455413838        11.711646972939706     
   2.3653562207912510E-002  -1.7405414460188100E-002  -2.6341058451575708E-002
   52.979827721359911        22.274079956558893        33.718402639641802     
   4.1551715375871066E-002   2.4700836494504254E-002  -5.2253534617364920E-002
   31.300848592253320        18.121685317709506        11.081198794828788     
   4.0431526658815164E-002  -3.0541349667672336E-002  -1.7713542399602933E-002
   15.804561259724707        43.373098419909127        39.885879893147475     
   2.4221705436653473E-002  -4.8189999761000697E-002  -4.0784143513468908E-002
   1.5044033973790558        42.478683323435042        9.2439191033266344     
   6.9393033944264798E-002   4.1794446426839507E-002   4.0164387258808693E-002
   20.471035418613603        8.1416579412980656        45.225927594918993     
  -9.0344813316606223E-002   4.7247872782984396E-002   8.7719815272943539E-003
   16.603635806308930        51.453050663517104        32.533490697072814     
  -3.0755767618228763E-002   6.3587355744046059E-002  -4.0197303274138096E-003
   44.502477315852886        23.901956546065634        31.003555003703521     
   3.9917965617002414E-002  -4.7912271608909582E-002   3.6170447682563256E-003
   28.909356043848664        49.565034958539577        34.595717018762620     
  -7.5815111974725499E-002   5.6264154025834345E-002   2.2400972819881061E-002
   49.950001299667171        25.703849570720994       0.83134371500723225     
   2.3351204936752291E-002  -6.2053180907075669E-003   4.9248862905927034E-003
   6.6777586389947112        8.7655992021154390        3.7483487624781895     
   3.7858260229487350E-002   1.8254705878689617E-002  -9.5979897278505144E-002
   34.184867393641042        36.811075164312783        41.303385781730761     
   7.0482833072908577E-002   6.5240759095566661E-002   3.9527599631045504E-002
   25.435228115644723        39.953507470696273        10.936860134043485     
  -5.4768802302991089E-002  -5.1210555532631388E-002   6.1516176376580859E-003
   42.720304183935077        18.529278472772059        9.7863546103046861     
  -4.2513842547727311E-002   5.6294454979963819E-002   4.8451123173054181E-002
   30.883114324600403        47.434946630888653        18.334583097188652     
   2.3869517209159134E-002   4.3745809964222546E-002   8.2962529038328500E-002
   7.4411393772265599        5.0546856177601063        27.665129098092198     
  -6.7356640136794724E-002  -1.1629004438433026E-002  -7.6533585270011605E-003
   25.025396274520912        34.639803088935913        41.826805921583116     
  -7.3558768874639094E-002   3.9280743116870354E-002   1.4169350957128252E-002
   42.810270651769393        20.871643190403748        19.764950524062751     
  -2.7198713364622023E-002  0.10269551803429884        2.2204592496469028E-002
   44.266178251676877        25.945571157009418        25.773431801696617     
   3.2958791849731682E-002   5.4750095718969688E-002   1.5370872874458270E-002
   2.6897331492785748        12.348366110285308        19.769621935891355     
   4.8089067351628934E-002   3.9242007312982208E-003  -4.8921720963319166E-003
   46.340621955339429        13.856181213061006        14.024779431632258     
   4.1494517847707642E-002   8.6272267920424583E-002   4.5212061678360531E-003
   5.7664880236971827        44.657103920258038        5.8522248934312904     
   5.4539028105305018E-002   8.1290372243781550E-002   8.8149315420632493E-002
   6.1447378554262793        46.341064551580658        15.937940926900268     
   6.8894157453248658E-002  -6.0049725217357956E-002  -9.0984430179487388E-002
   30.326234742964520        47.448525888149099        29.435644933667632     
  -2.2066563012452197E-003  -7.9196663721848130E-003  -5.5932405563466646E-002
   41.549534161780507        14.283849226285104        34.923608023147018     
  -6.4420421832284205E-002  -4.9752824507825798E-006  -3.3619192196258564E-002
   25.071404795864499        35.840330699740143        21.570162363031994     
   2.6309725856504478E-002   5.5295071421564965E-002  -4.8342613202704228E-002
   28.335561472784107        26.631141359743339        19.106019344739362     
   5.2147218964918605E-002   6.6585707438247599E-002  -7.9622766586817550E-002
   1.1953679847980867        52.419454027979391        5.7162660983414382     
  -3.6016378469944418E-002  -5.7195617074080621E-002  -1.6922339431398783E-002
   24.122462030581158        17.285626961310157        8.9471321670727750     
   1.8870434296152674E-002  0.11354365098494687        1.6074044780909052E-002
   55.566411196825996        49.730168656631193        26.898053785735616     
   8.5127435799821748E-003   2.2009341692044760E-002  -1.8246185050134513E-002
   51.792252165172862        20.524351089935994        47.155628202862196     
  -8.3116210149515384E-004  -2.7557827864234750E-002  -4.7718910252371370E-002
   16.208767905480141        18.643903460419764        44.170392529651338     
  -2.2210576578161764E-002   8.8661392452326085E-002   6.2803900861835085E-002
   38.304475650935316        10.505170315147632        55.743945423690356     
   7.2458256915775236E-003   4.0003468355071480E-002  -1.0906112099358534E-002
   7.5173135765238781        16.769669736516938        12.168063694808698     
   3.0727180630300322E-002  -4.2346794077244183E-003  -2.5111518965807066E-002
   23.461897276238894        55.522599671788605        48.575507798688847     
   2.6961891766808146E-002   2.1730765029797143E-002   2.6694894096602358E-002
   30.569767182582847        2.4636087688334980        35.244952799758394     
  -2.4775136870418227E-002  -7.7796199598541227E-002   7.5080250492261649E-002
   26.028182007128645        20.358892914594502        23.527203245235334     
  -1.3041523934466989E-002  -8.0863485057614069E-003   1.0319646954553337E-002
   17.971101560982383        25.723129051571192        2.8281995715810782     
   3.5388847328812069E-002  -2.6497994690946842E-002  0.10939221016723891     
   13.249858548046857        47.139825541925546        11.914179511592362     
  -1.7186550087176455E-002   3.9545874686008481E-002   3.9464991262877155E-002
   41.399838294453254        53.549417445367574        44.429644283919927     
  -2.7373319529578652E-002  -6.3918899179179700E-002  -2.7619508125511501E-002
   29.276901031386295        34.815459324245481        36.345667297355718     
  -1.5878158871251496E-003  -7.2115628630127337E-003   4.2703114228032038E-002
   27.539418296990185        47.789429562502669        55.466853961788317     
  -5.5444071619127365E-002  -3.5950032515781653E-002  -1.6184851319965297E-002
   22.068604016246585        16.683370240092184        49.239688409707810     
   3.7238323423296839E-002  -3.8183457364277078E-002   3.5534318656122346E-002
   14.348799896614004        53.692985538111991        3.5231021147956918     
  -9.3399476461068359E-002   5.0201082637662611E-002  -8.5890821203261827E-003
   57.209706651157923        53.963251278306828        56.903427975492257     
   7.4211428396107212E-002 -0.10361934331510787        5.9594668304317880E-002
   47.572266767407378        19.047774267807391        37.823387242603395     
  -8.5062609687256305E-002  -2.7079074825383468E-003  -4.1108297794625534E-002
  0.35215665163619098        17.342999196621744        41.045797364726333     
  -9.5429985279427532E-002   2.0382457088022023E-002   4.2368424106140196E-002
   35.536667583466702        16.767860464567676        20.144054572545038     
   9.1988525200248639E-003   8.6116812490541501E-003   6.9567156669592803E-002
   7.7032866355151306        56.388087966043138        19.801699887765352     
  0.10858471848055151       -8.2305064337941714E-002  -2.6584773061333168E-003
   29.711831826167245        55.048089291305409        1.7788138933314703     
   5.0835364737552007E-002   2.7876675164803084E-002   4.9042106775735325E-002
   6.1285793530870922        14.277128043446613        15.335058554716527     
  -8.9154511279020982E-003   7.0740354707390513E-002   2.9472508009747876E-003
   24.724088708826152        13.204194826589852        49.431609193063565     
   6.1264968477138138E-002   2.9427243135389459E-002   6.2341280140939342E-002
   23.584065146853721        53.551677956668748        20.059893813768419     
  -3.5333501813289765E-002  -1.2504172058619411E-002  -8.7614369140343817E-002
   10.255895992949167        35.037726493966026        52.970777259014092     
  -4.9886304666942584E-002  -7.1346490561807224E-002  0.13449877117435841     
   54.246430516449095        24.336197320059696        43.302304110753106     
  -6.6418169219847598E-002   3.6436400846903402E-002  -2.9626084552305726E-002
   56.628248434870208        39.103141348773413        4.3966627380965830     
  -1.6328764887166610E-002  -5.8822921076649550E-003   4.2063477574963481E-002
   4.1009841717364166        17.392790308871689        25.908365475369884     
 -0.14147677778875017       -7.6919389651025336E-002   4.5730223478220408E-002
   46.510367062347513        26.322226621361317        1.2657415994758112     
  -5.0057286455971343E-002  -8.1007516054375454E-003  -3.6450564272931363E-002
   25.939649154665247        31.356123038883464        13.315477210771817     
  -2.7769334949109745E-002  -4.1665949575940914E-002  -2.7000540084771901E-002
   19.455559334287539        25.699128857305929        16.705005673839967     
  -2.7963059233150071E-002  -4.6105153838113380E-002   4.3143028669307110E-002
   10.841437565357865        31.655804153045196        15.093522598993429     
  -7.6010090372951866E-002  -2.2933606516790481E-004  -5.5295521265307575E-002
   12.566589946481839        11.267304650255703        34.371170226945878     
  -1.4435017253068469E-002  -1.9563323337480999E-002  -3.6520962342234224E-002
   25.808318998315787        28.166417179560778        25.351177185844147     
   4.8166502112239613E-002  -5.3140758716882404E-003   3.7215973283099392E-003
   46.622646281595706        13.865094622646925        8.1833710148593326     
  -4.4930993207344151E-002  -7.1335716021479437E-002  -9.4692064501684925E-004
   3.6999778592520767        43.654097471590774        12.473317005028903     
  -2.8193336913213780E-003   3.0132560034233254E-002   3.1864590980049450E-002
   20.142415198506740        53.939942677545190        42.667463585543970     
  -7.1239696015479331E-002  -4.9466268999542186E-002  -2.1287812360575718E-002
   56.641973323168941        1.1429295387590459        49.086660438521697     
   3.0749731182802557E-002  -7.8691172722520741E-002  -5.5016748479678960E-002
   46.219890996802008        39.992673066247178        9.8041679586716359     
  -8.2675266828704547E-002  -1.4762704239965460E-002  -2.8527675946512731E-003
   55.163238648962832        13.364634236523075        5.5915305933851851     
 -0.14170170234494048       -2.6974698351260470E-003  -1.5432555004395460E-002
   26.899696622075588       0.67702441469662389        51.003112251493846     
   8.7713021598167476E-002  -9.3074915582115666E-003  -8.4320882696840133E-004
   54.958116390494638        9.1597194793377508        41.728919029066731     
   9.7222175349642156E-002   8.5629258525644087E-003  -2.6410735130470799E-002
   36.695536497898260        25.871439209418686        22.625708764424846     
   1.0255188664393265E-002   4.8779909640112723E-002  -8.9229518709787875E-002
   5.7640575121592006        41.858810882135124        15.839396496752570     
 -0.11276157535431829       -1.8500043584821980E-002 -0.13811399901515345     
   16.720024863743657        7.6253087554442534        44.083380891571004     
   5.8858805939472077E-002   5.3000600186602111E-002  -4.4326978186241123E-002
   28.126714924067972        37.070002595830275        26.398326398428591     
  -6.7866241303258079E-002  -6.5111797543591546E-002 -0.10027502268377213     
   16.419709144948886        22.855108220198254        33.143009788922825     
   5.7696280134755487E-002  -1.1209583897857209E-002  -3.8372889539624193E-002
   31.049204499615733        28.309023956613530        17.561887788374797     
  0.10667332286247419       -2.4103104730288715E-002   8.8763855634901745E-002
   28.121486407313238        52.457339310413445        27.660605638261693     
  -1.4857401235521215E-002  -2.3676472427485114E-002   2.4101096182235597E-002
   31.828873363435399        13.415167952667909        3.7964043782111032     
  -9.3028246940414006E-002   1.3639894364561870E-002   7.5036687678768699E-002
   56.949747411944784        17.994156725073964        2.7923825632785886     
   1.3669116376457638E-002  -2.8681883724169851E-002   4.3476595782501057E-002
   50.584852929493806        13.822451513742680        8.0957336938345392     
   2.0475203531828360E-002   2.6515752625772094E-002  0.10413077190867438     
   13.228613143509962        31.799577739415891        44.787370890191760     
  -1.9640665725421596E-002   8.4962789482098441E-002   6.4247868203287706E-002
   15.271381449852319        5.1234664845158848        42.074662873713272     
  -4.1247832830759272E-002   2.8647484629539841E-002   4.9717682353824358E-002
   19.147888426178856        20.865486000059548        52.547196565671648     
   1.8130091324708240E-002   2.7308325825409576E-003   1.9470348995581494E-003
   51.163024083088352        48.011073803529577        49.361563342117499     
  0.13987187545039620       -2.5899795623892698E-002   2.6244537187564098E-002
   30.277245014644709        24.371596548099188        52.643052541832837     
   2.7733604279000904E-002  -3.2183741349186626E-002  -4.3598636759369473E-003
   18.723908464648861        33.271824773033785        4.3912549521022086     
   4.0831026364702129E-002   2.6826175273047176E-002   3.3229822836811550E-002
   46.063466792640540        9.0651252111697076        11.012646212385340     
  -1.7952384021552709E-002  -2.0867884730365837E-002   1.7301807684352789E-002
   44.689332543667000        43.152783785769131        34.174581278996456     
   1.5731098761272919E-002  -8.6979957909046109E-003   6.4135098595554052E-002
   33.287764743638363        37.472058527190860        24.194455863005416     
 -0.13909110064837715        6.3768821423387020E-004  -7.5424064011765709E-003
   6.4318123330809414        20.835688119672081        47.335848907900257     
  -7.3009151523798568E-002  -7.7241756279265994E-002   1.2682506326959131E-002
   37.618450201351266        40.865302717213147        28.765475388718468     
   3.2908986718987038E-002   4.6351500649454258E-002 -0.11311975265514597     
   22.547503425892291        34.718256509743881        34.653234500668439     
  -2.0067209938786901E-002   4.1174419606831901E-002   5.2330379879940173E-002
   22.250415261664301        44.772097237331096        31.776695766934562     
   1.9976003078481099E-002   6.6747490409686680E-002  -1.1068090034731698E-002
   12.869663788766092        37.320321176971483        10.271040722485935     
  -2.1310341223277414E-002  0.10232729023426927       0.10168095692792525     
   23.109890259205827        1.0712487784029936        55.031870109318440     
  -2.3363879702245616E-002  -2.3090893504454545E-002   2.9599184265166223E-002
   23.546880174018035        48.812682318480789        16.611154495939196     
  -9.8887314695792101E-003   4.5410322820963175E-002  0.10465419622759738     
   53.381328424357285        1.7939004641558574        25.337663404617828     
  -5.4216846649792544E-003  -7.4189660090406201E-002  -1.3562286631963934E-002
   36.710649303882725        51.395253419066066        14.045143480023459     
 -0.12635579749670386       0.10561182108996760        2.3560308323848353E-002
   3.4896339727377992        9.0000061521132899        46.104498810879896     
  -2.7151715571893054E-002   5.9608674637582446E-002   9.5333077464893785E-003
   24.893270814983808        31.020452995358724        22.792290477839764     
   5.1219714822786311E-002  -2.5907261673117538E-002  -8.3018338141263373E-003
   30.894624107777588        8.2325578763344591        20.483168782234078     
   6.1393836599608578E-002  -6.7083805540341698E-002  -5.8928080730307440E-002
   18.286778930085113        6.4938919438614988        31.276268403498605     
   6.8316467524072499E-002   5.0368625719937221E-002   1.2915046475044977E-003
   27.644830232985779        36.928816736150111        57.151528224707981     
  -1.7546952308062681E-002 -0.10058638568414698        7.5765990293570298E-002
   14.100384137800157        10.684066215540200        10.600177044597736     
   4.6368700857765788E-002   2.2594960982930009E-002   7.0453205983919218E-003
   43.583006052038350        8.9472588615767457        45.685028145969603     
  -2.1471633609291630E-003  -1.1276221324223951E-002  -1.2775592504517413E-002
   30.687090445382072        55.539332879196920        34.390774702622977     
   8.2039446583681452E-002  -1.4222337726697174E-002  -4.1103032660499292E-002
  0.56995424035351028        32.565071079663959        42.182533761393984     
  -2.0914574212463287E-003 -0.12479354626019708        1.4412351265437393E-002
   4.3351757310239467        24.601386467743318        3.1114365513920648     
  -5.8161773885160523E-003   6.1267650825920859E-002  -2.1736923834034853E-002
   51.665883301041248        49.468459756352679        4.6569182450401607     
  -5.2825778881246406E-002  -9.1749962635632055E-003  -5.5921729408393239E-002
   35.377964138641055        10.835873684034540        25.546237017274439     
  -8.8406494848926633E-003   5.2878010908799740E-002   2.4239149602405405E-002
   57.331594340514627     
