   10.521260274239074        28.203871898472730        14.402711330133103     
  -2.9344071138618258E-003   8.3340150738934624E-002   9.8240029452428768E-002
   2.2896461343515675        23.152369450800290        4.1570060168721614     
  -2.9323316440643513E-002  -7.5778158141125582E-002   2.5810229652240415E-002
   2.9405774767183099        2.4577823530592711        19.842207269875793     
   4.7383413563724767E-002  -1.1662699361347133E-002 -0.13832427362482375     
   13.323298901230901        16.538952008309661        12.000013335579814     
  -1.5324411153501822E-002   1.1292545019060852E-003  -3.3794512776263996E-002
   26.362751663533476        17.428109782898698        15.524873703481703     
   7.3540905212609115E-002   2.4215267288697603E-002   3.8086521197477109E-002
   22.512209222266858        22.786308214042034        11.852324838851965     
  -9.1208452897995437E-002   7.3959434229884324E-002 -0.10965592996410010     
   1.3065557700109109        8.9378600759880573        11.837954384109636     
  -4.6146939895123418E-002   2.8383821999894514E-002   2.1255172746933351E-002
   15.731776521124567        13.578903866214812        27.654398246422410     
   2.9906134069844032E-003  -8.1950385780137344E-002  -1.9011569912460342E-002
   23.389323814849686        21.918464336116116        18.148225292829054     
  -2.2423413405995723E-002  -4.9915445115417900E-002  -1.0927524612699272E-002
   24.094920226088110        16.151464792974881        20.146132558738685     
  -3.0899542802963090E-003  -2.7772757423110590E-002  -4.2788943992544959E-003
   18.554441494759200        10.948307543343214        28.027868901311020     
  -4.6620716403621885E-002   1.5355380822875409E-002  -1.6338834367944061E-002
   1.5462492339891212        6.1914784143517672        6.4144634426730063     
  -6.3350273283775058E-002   6.5597354736824404E-002  0.14307901380916149     
   9.0626546800315708        20.632573507597037        4.6247395815334364     
  -9.3837393553617088E-002   7.3099346296329262E-002   6.0632597421443085E-002
   20.874355588265004        20.052032316928454        13.686910901359482     
   2.0902716333157472E-002  -2.2513189119341005E-002   7.9759391609751082E-002
   24.652584057318599        23.750600504948920        1.7496065218923682     
  -5.1776572587287330E-002  -8.3393072858806826E-003   6.5372760130133184E-002
   28.197538550302745        12.441988901162107        12.556587279715636     
   6.7376076950036862E-002   7.4887992737498757E-002  -3.8277276818097852E-002
   1.9583723220969635        28.092802172378466        16.146926804705107     
  -4.3604614054653310E-002  -1.7169131630579437E-002  -6.2392198308048673E-002
   7.4800508360143043        18.035984662883283        20.810599246223919     
  -3.7407904549013388E-004  -5.1403694089914791E-002  0.10292618792074289     
   27.571264369477170        15.667462255745708        4.9405457697429345     
   6.2971618379036823E-002  -3.7600805195495357E-002   4.9612687095441789E-002
   5.9428191446717262        2.2542199107777803        15.826913361132661     
  -1.7267990144013230E-003  -7.7245750993027537E-002   2.1840921126218459E-002
   8.0437597589320973        10.165413392450493        7.9906742296673796     
  -4.7397565470364209E-002   2.6837017799072545E-002  -1.0017443307324511E-003
   8.8843981788748234        10.410559096996140        18.484897499057301     
   4.9813509339746327E-002   7.1516296539437793E-002  -5.0238991994200635E-002
   23.225335692998840        8.1081085748607169        14.841291258605370     
  -2.4229367215252293E-002  0.10402721129014980       -8.0948312458244600E-003
   2.1393568959417948        19.648318684669686        3.0893057115867322     
  -9.1964466300236344E-003   4.0382973025690029E-002   3.0062248284550425E-003
   24.619692128221704       0.66675577779972395        25.134749611693987     
  -1.9537043002018327E-002  -3.6756250943099579E-003   7.5175670775588926E-003
   27.417339311380417        15.705307867619718        18.974560876030367     
   2.8040169939381868E-002  -2.8009975889960900E-002  -3.1242655798272401E-002
   12.091265626142446        9.9723942105904673        17.129512087336053     
  -7.8674366727104102E-003  -2.4848728456435366E-002  -2.2998670148570256E-002
   24.823255311674618        1.6539324465973277        14.310038920621290     
  -3.8598713989389396E-003   6.9021405797666274E-002  0.10584933504036985     
   28.325376887510959        20.161031860673770       0.25996800455089375     
   7.5630769545213333E-002  -6.4205598549998480E-003  -5.1577076312385235E-002
   19.177610619766465        26.121603795381823        9.6661128922129151     
   4.2304063281557960E-002  -7.3847263805941116E-002  -9.0998288834093846E-003
   19.908898051181197        12.065806962271697        18.924399900331885     
  -5.1951854354359887E-002  -3.2668318203847573E-002   1.7499684252686571E-002
   10.471234459663838        15.274910872778703        10.772124343806810     
   1.4812365768279698E-002   1.6086301700767098E-002  -2.2803270006338642E-002
   12.915313244903762        12.527892349505532        10.437629664192615     
  -3.0514031916877198E-003   1.9206445069889295E-002  -5.1041758644314074E-002
   24.902442315667866        26.413686872512184        21.094558819304368     
  -3.9546489753262484E-003   5.0712229864991611E-002   4.4535071312891465E-002
   3.6533993358417818        17.302638432714499        22.779005857813768     
   7.1666965347726125E-002  -9.6802648841914807E-002   7.2819196078161674E-002
   14.203061793659305        12.714689776197327        3.4155860753894016     
   4.0751566530503732E-003   3.5411544963589753E-002  -4.0562958944194503E-002
   6.4268463651485259        17.498869460909599        5.3205926402925421     
  0.10396052847354520       -3.3928197029148115E-002   8.3142315318918789E-002
   16.644379682769518        14.697689417631604        2.1457992220333439     
 -0.13551648389344209        5.3443067750656569E-002  -1.0143246625554631E-002
   11.002674051137282        18.799749289346490        10.177603064353637     
   7.2226756279438031E-002   4.0347995946291973E-002  -9.0452533740366631E-002
   24.364875612463020        11.893907362428621        18.455229170376924     
  0.11716871887169830       -2.0179930624853990E-002   7.6617931039597700E-002
   15.964381141802910        26.962108515751659        13.955794755624291     
   3.8385640337257172E-002  -3.3558526216927252E-002  -3.3981870502437533E-002
   10.452131052360508        6.4586947038628262        13.355845649579313     
   4.1587332769975761E-002  -4.4638971047100205E-002  -1.7946127485112279E-002
   16.457098847879887        9.1201306090063898        8.2420874849135259     
  -5.9838859614640492E-002   5.4229996092369309E-002  -3.2279549760157455E-002
   25.846069283040830        2.2873117620660315        22.224923541723527     
  -3.7072420579882409E-003   1.8479938113053467E-002  -1.6676498347726547E-002
   24.395004677868215        17.458666746270346        28.390804398164292     
  0.10238618395613906       -3.9867078439433143E-002  -5.1679886255701239E-002
   3.1142287103931632        25.655335038083802        27.380304715793283     
   1.8012765469376014E-002   4.8125276120697898E-002   5.3956114427847632E-002
   26.650685481817433        17.562238137755557        22.388569771960817     
   5.0431693386972370E-002   8.0443156406672461E-002  -4.4121756183875989E-003
   5.6480791326899924        17.063575405187844        15.380048627077590     
  -1.5149208132443697E-002   5.2469658896725821E-002  -9.5564927143775208E-002
   8.5779923787217189        21.094927767781193        28.370996577196379     
   5.9213800173226770E-002 -0.10965847076670368        1.3850282249693351E-002
   1.8614216835772501        17.475513447305094        5.9373916796629338     
   7.1238197348624507E-002   6.4801060285985630E-003   1.9919465086976257E-002
   1.2020183250368308        6.2358886085722363        2.8336325577792238     
   1.4067968431114342E-002  -4.4703241413592026E-002  -3.4625035532165525E-003
   28.156334589290200        24.282765410978755        1.5991817698425803     
  -1.1226877945851548E-002   1.1681422571154244E-002  -2.8317126754163025E-002
   21.137203817617053        16.623347621728790        3.4392151811752116     
  -9.4879143578262565E-003  -9.3663939589124483E-003  -2.9980297822869387E-002
   5.7237724645256529       0.80307063171694615        9.2954377625618516     
  -3.4867550803955281E-002   1.5956217591921111E-002   4.0534460318435522E-002
   20.407514137040891        22.316322123139049        19.620847944669546     
  -4.9554397989263171E-002   9.7939283654978657E-002   2.6108589172704120E-002
   6.4918592425030743        7.2658868819696458        27.394435689798296     
  -6.0308665730360329E-003  -3.7831046506590894E-002   1.8496582531371106E-003
   1.5497046794118883        13.617904172812827        6.4808297963772992     
   5.9905019311058731E-002  -1.6793972944205763E-002   7.8213407827117151E-002
   21.392661637241204        5.0396586283487723        4.6084622368533230     
   6.3132263842271621E-002  -1.4556192132594063E-002   1.0562483249754871E-002
   28.389232719869817        15.264800899077649        10.228064186772867     
   3.7749201389099700E-002  -1.2912043422291240E-003   1.0476677043077922E-002
   5.7465448379148691        11.682658277000183        16.304644517131813     
   9.6808461851189090E-002   2.7308502484109015E-002  -4.2300531275803396E-003
   27.723556407998341        6.9506868899045147       0.17824417790915451     
  -2.8345880335020491E-003  -5.4755306344991282E-002 -0.10055494252861459     
   1.2392690511182229        3.0565998948480666        7.5256315329418584     
   6.9421607100352391E-003   2.3619427240372033E-002   4.5910574804504320E-002
   12.112112275981374        14.430915080040025        5.6730429467884287     
   2.5220844426353313E-002   6.9394872168338090E-002  -8.2475458487767730E-002
   14.761970964639467        24.965545983737680        22.563946367276237     
   7.7818674960897696E-003  -6.5135210828839191E-002   4.4449297784917415E-002
  0.86303683882999294        20.517570984270773        22.679502369060994     
  -4.3827404690162733E-003  -1.3088075401244926E-002   1.0577458737204224E-002
   7.9067624959969560        24.997322780040612        12.724065064085689     
   4.4317996889167550E-002   3.3995731639388967E-002  -5.2228130210704792E-002
  0.91325493747779762       0.23588100395825481        22.244012898324129     
   3.8120237399507734E-002  -1.5299805019905627E-002   4.1388829436676149E-002
   8.2863735166989496        8.7780911519666365        14.346541602835421     
   5.1775238052914084E-002   3.8602116847308021E-002  -2.1228899482949386E-004
   12.282887509164972        13.548319387988091        27.771818616471148     
  -1.0077586260784494E-002   3.8555804462623612E-002  -3.4930218723301029E-002
   5.5424342129521369       0.39510016468399878        5.5367954697741162     
  -1.5290545248659410E-002  -1.0955592856385313E-002   8.6172035892178062E-002
   19.856851031176763        17.729405944251258        24.771871144297954     
  -4.0734109953722779E-002   7.1518328278548815E-002  -2.5319927052180894E-002
   3.1633337046710244        22.202866407634243        25.266740203103726     
  -5.6740144344963925E-002  -1.0604971977734414E-002   6.2466678513497381E-002
   20.055983830923239        9.3551778048599292        13.451942942185886     
  -3.0608664374290492E-002  -2.4854710120077807E-002   6.8008652803537961E-002
   21.058861204087268        15.383687666871563        18.166979034918008     
   3.0782510060674749E-002  0.12877611679862913        5.5052272615781384E-002
   7.0156802703550678        2.8739279005659570        12.843106514815068     
  -7.7824226764499072E-002   5.9889967190599339E-003  -4.2145519370112058E-002
   5.7194927444197186        11.084517101081129        27.590786960145628     
  -1.9079502691310188E-002   4.8938328806359968E-002  -6.3304945553700448E-002
   18.792158608325288        20.777146337777321        24.190591524393216     
   2.1381917544096345E-002  -5.8484158201517492E-002  -1.5990191696544451E-002
   8.7149432712877655        21.490637289767623        20.098854838531125     
   6.1979932661084508E-002  -6.9633340374518557E-003   3.1179568210902158E-002
   21.078230917791284        16.753168786860037        21.809720544695967     
  -6.6310621970031250E-002  -2.9966107508857490E-002  -2.0019503438203193E-002
   9.8540671356986156        11.718867102800882        5.4309551709990780     
   1.0181456389746621E-002  -2.5509080989990916E-003  -2.8246628965687373E-002
   19.911438599865448        22.530382200689527        3.8085516561769044     
   1.0445862882235471E-002  -5.4905409800575379E-002   6.9228214532127495E-003
   9.5435990214271200        21.726185926028510        12.048664114136413     
   8.7314908135126698E-002  -2.0011876368610668E-002   4.4147383080573907E-002
   17.363535957587473        21.605106219202693        17.379048308300533     
  -8.6382922448685236E-003  -3.7394782595338828E-002   3.1521802310141483E-002
   20.938987351854365        1.9184638916081724        5.0190994624820062     
  -8.4899817792439512E-003  -7.2474092056884182E-002  -1.0829117647775917E-002
   23.728641578507869        6.2132592620985800       0.95518778447657104     
   7.6049034440612354E-002   5.0297002329969732E-002  -7.8378745156745880E-002
   6.5594287442104520        2.0545605753649974        19.996435936860738     
  -6.8854352786571316E-002 -0.11918137086449138        6.1435998472586850E-002
   23.846272468845708        8.7103294532559996        25.022706344673136     
  -1.6861909449591306E-002  -5.2595536538586219E-003  -1.4864563849529180E-002
   10.540889041382353        13.090368160438699        16.584252677655396     
   2.8817455970252476E-003  -1.1383309697855464E-002   3.1059046448461403E-002
   7.7113526959164691        1.9921940574148296        25.016784099709248     
   3.3844597353202381E-002   6.0046216408237311E-002  -7.6307957432916448E-002
   16.737684870556496        10.855718531912345        2.5876415310131580     
   9.5437426297712125E-002  -1.4202566206779777E-002  -2.0108869914833565E-002
   16.139908249525934        9.7918298850632954        17.529806893532488     
  -7.7781462724942144E-003   8.5301830672364787E-003 -0.10741513838591531     
   20.405488194368594        16.961934297350819        28.098633309141182     
  0.10527020841113828        8.3025019785234647E-002 -0.13197948962010764     
   8.0680388103683107        19.720620307331888        8.5977493043980093     
  -4.3614948366853680E-002  0.10930040356589564       -5.6797875500621785E-002
   18.182124189472397        6.7033046735052855        10.328883957770531     
  -2.2275553704836790E-002   2.5918996410376167E-002  -1.7154922003525742E-002
   11.173591343778725        1.8745229524301898        25.179323373631394     
   1.9992709621049334E-002   2.8739345239850184E-002   2.0454944589620282E-002
   9.3013850848739548       0.77679594865213142        21.857294786745683     
  -2.8567565520317112E-002  -4.3506112163885627E-002  -1.1875561465273644E-002
   9.9069767467176231        24.556738614324235        27.115652754679935     
  -6.6566456228191800E-003  -5.0317014785781732E-003   2.1263508235676118E-002
   27.192551618729556        2.9876742384729504        26.719106601120323     
  -4.4730564658213852E-002  -3.8852569883782329E-002  -1.8077648487975741E-002
   11.010278146615175        18.739338257203308        13.726920786059816     
  -7.5180129771339602E-002   4.9234212142924547E-002   4.3625099310294043E-003
   6.1641661975538193        7.3165851845583871        5.5244713604567046     
 -0.11389535020080810       -7.7804561607870250E-003  -4.5120362378357301E-002
   21.954378270223309        25.033436589804282        21.469084530346763     
   3.9196382909101983E-002  -2.4357352717545414E-002  -9.0198891991451327E-002
   8.5277368432829768        28.141635979356952        11.573692930752742     
  -4.4962003306280279E-002  -1.9673661378931300E-003  -6.9633329639453775E-002
   23.415307895357735        24.132611017438080        8.2963047931383702     
   6.6109428898595390E-002  -2.2859473456669232E-002  -2.5628599530438681E-002
   5.0121490526501997        23.173975531533987        14.065051475160319     
   1.3114140818832611E-002  -8.6224111364294989E-002  -6.0616321231667616E-002
   27.957873471491808        19.271422319196709        9.3480495264665606     
  -9.2554792866590633E-003  -9.0567571418443377E-002  -2.7104071407664177E-002
   4.4077738269260092        3.9703875886392539        7.8476873908665041     
  -3.7820435608076991E-002  -2.9333415131003990E-002  -1.5736257418554212E-002
   19.171388141069823        14.507986776679557        8.0259326841783327     
  -2.7209327548436444E-002   3.5361383335131356E-002   3.2995307186277794E-003
   21.894460981336369        5.9701114274296883        8.5273848124193048     
   3.1003018482811378E-002  -8.5223583147418333E-002  -5.0088254197358247E-002
   2.1534371139624238        2.5636384671325141        1.2836882482456555     
  -3.5391001805194229E-002   2.0007900655556399E-002  -2.2397155848602635E-002
   8.2511262594178838        5.0159836250660952        19.262123658646257     
   1.6870053821297328E-002   2.7718188662243973E-002  -2.4881983094239963E-002
   16.306501222933964        15.854837946939616        10.221045177462111     
   1.4938619289934982E-002  -5.8597059695479362E-002   1.2062553007696347E-002
   18.154727375072131        2.7790065302309759        21.242892302828583     
  -1.9637434091648347E-002  -6.5047585036281108E-002  -7.6369790937171125E-002
   8.8899274007735336        1.5276617363222880        8.2130800600248204     
   8.6664351906285977E-002  -7.4449323142508517E-002  -2.4002804018449689E-002
   28.214333168280081        16.587931539656683       0.61055094782386166     
  -3.3314163856694194E-003  -2.0813873230105223E-002   1.7357713406912830E-002
   20.323298019179838        7.8283167624914434        6.3932613397675802     
  -3.8970517622334923E-002  0.10751167263703321        4.0272204693301707E-002
   4.0476241023312456        19.128782265090887        28.244117381565474     
   9.4594393368067298E-002   4.3721146871221958E-002  -5.7500162093311623E-002
   22.735386477298743        2.4258100964964182        11.467909637822487     
  -8.1774382649363153E-002  -3.9444279043658402E-002  -1.7560377796771290E-002
   4.0278191776151893        26.230786779906389        3.5632100994317635     
  -5.7587866688968488E-002   9.1029193838187111E-002  -7.7420437939639736E-002
   4.0892656772919533        16.012428577513724        19.262907269015557     
   1.1910966265199762E-002   2.2760425599639505E-004   5.6870904214008637E-002
   10.789206038864897        25.236863782506010        16.471142650659782     
  -5.8816359898696075E-002   9.8934453952077318E-003  -8.7606177668946073E-002
   20.712042444888070        22.855289259510386        15.841607107534779     
   3.2854618885678095E-002  -8.2472019123337167E-002   2.9035429021564734E-002
   12.390334397289445        10.288672702705167        7.7579366190797616     
   5.1307251995181075E-002  0.11828082836012822        1.7505368367189376E-003
   7.2797315805139418        25.949267168019954        9.2666348123799711     
   6.3666567930757048E-002   5.6652505614381350E-002  -3.1864888308701558E-002
   6.7013258856168205        18.099400537358708        26.436965965623582     
  -3.7686712593393464E-002   1.2882033294372795E-002   3.7451227819952478E-002
   17.675177163757716        12.900952148130855        5.3588727694694036     
  0.13864018019445168        2.5267290666725634E-002  -9.1127028385901490E-002
   19.562591067613702        8.6126961286798842        17.043501502694177     
  -1.7733315944581787E-002  -4.6249812045931711E-002 -0.13975495886662662     
   20.541556219993698        14.311941818018610        25.824139242856944     
   7.9892115657680743E-003 -0.14050695885360834        2.4268449325297876E-002
   23.401799068062772        15.701332253211215        24.762423632957482     
   1.0329443166192370E-002   1.7409467770285920E-002  -3.2800251554590105E-002
   17.608300873328346        20.891482437270554        1.2453362979332090     
   2.9129816874273927E-002   3.9031134548387345E-003   6.1903919498326979E-002
   13.956969188990668        12.903814094338186        19.827960164849610     
  -4.4094849977663858E-002   4.9872972392337733E-002  -6.6475188803718693E-002
   3.8526242400043746        27.458937066652226        24.144878405205883     
   7.6324004254412206E-003   4.5448834757589381E-002  -8.3111249901843993E-003
   11.149387013851930        10.044637520743070        27.146650872114915     
   7.8759210678163438E-003  -8.4359662686332909E-002  -1.1996794760238846E-002
   22.547065680666748        8.4367520173885318        10.734149809574028     
   3.2804931918877012E-002  -3.0999861448718379E-002  0.11929600055811876     
   9.9917245383879205        2.8570753170967396        12.000440338939450     
   2.1760108983023243E-002   1.1690280660472717E-002   5.8791444153862898E-003
   16.817068248957352        21.570950006635798        5.1268763511254312     
   2.7845524044039019E-002   1.1158884971271814E-002   3.6529215535860112E-003
   25.266490173851636        24.185043068890383        23.808127574687688     
   1.7055747680301887E-002   4.5124275064793773E-002   7.4820996395568579E-002
   11.468704214200697        22.510141335903050        22.234440853232826     
   5.4038972879264985E-002   7.7071767819349463E-002  -4.7581989085457743E-002
   19.726240849368313       0.83634844332426272        12.565953659090130     
   6.8407243625774397E-003  -1.1449389355588580E-002   1.0269586124042523E-002
   13.403426646695690        19.669504567815373        25.465870849770905     
   2.8285512592774450E-002   3.8656477360741917E-002   4.0923009223669440E-002
   1.2625182912073802        6.3590433315933952        17.102776040882674     
   5.9067390878617676E-002  -8.1051768517373862E-002   8.1436001133313216E-002
   17.744328368494280        11.844719384755114        14.791766855359015     
   2.7604831528692909E-002  -6.5546818633633042E-002  -3.9101684702652136E-002
   7.6322082116836309        5.7340099301507435        2.7247919103090297     
  -2.0578901290497043E-002   3.9997056063081262E-003  -6.5086288505155063E-002
   15.751847698220812        22.374171042298869        25.003871671494881     
  -5.1309447933324676E-003   3.2252190459392448E-002  -2.0566780047133876E-002
   16.217144949982380        1.1881760589520580        23.907539022486002     
  0.13350387723383200       -7.3148305452767556E-002  0.14071853528023190     
  0.36045566260403605        6.1034611537301187        9.5587332590944740     
  -1.5488288927492736E-002   6.4366668370625060E-002  0.10562473782331472     
   18.428702544228940        17.876057875848502        6.5743440550168017     
  -9.4484772653291513E-003  -1.6850782708151515E-002   1.0127788458347602E-002
   20.562004149301472        13.260692958004197        2.1665178765773514     
  -2.5330924520320382E-002  -3.5116510504629168E-002  -4.1676717545335265E-002
   7.7405434119129861        14.002185069102156        18.714279700003122     
  -8.3735040037659303E-002   6.8048555822220316E-002  -3.7261975447217051E-002
  0.95959905480365404        19.426671575682629        12.847920450924317     
   5.9561669477293508E-002   4.6181957011004549E-003   1.4872563220455957E-003
   14.449519048206053        22.464708678258845        19.796143001073702     
  -5.6408485829888763E-002  -5.0748661108861393E-002   2.5568768802673603E-002
  0.76895477078603647        27.665485744486471        1.6650862874189070     
   4.5095952801464396E-002   9.0561208498591728E-002   4.2276072661112229E-003
   21.096639697082200        26.804139421151259        26.960209046796543     
  0.13171772976216303        1.4095742430109769E-002   8.1250286458959514E-002
   12.566575141177699        23.883532515546573        25.354336709553518     
   3.8978829845846830E-002   6.5901650327426925E-002   1.5446422487085866E-002
   4.4618934381093940        9.8484492130780357        12.792457364125717     
   7.3310678775189334E-002   5.5835289443021130E-002  -6.2606433532705244E-002
   27.549464047207433        8.7717871520636130        6.8020521991815803     
   4.4488900256328678E-002  -1.5776747589091290E-002   2.5129373764515704E-002
  0.41208936413741931        13.390282443492708        2.8987396091101463     
  -8.7055992132615126E-002  -3.3532847083167380E-004  -4.1176854695971016E-002
   19.784897229880485        1.1476504582971598        8.1343459736150283     
  -1.8376692181976673E-002  -1.8105117352986429E-002  -3.9173469615023668E-003
   21.163565130103006        11.703493203136283        5.5370749467835720     
   1.6545805698618594E-002   2.2689631051917861E-002   4.0675217995676263E-002
   3.3587123808576616        22.245719575922010        1.0700901398776717     
   2.2078065598748642E-002   4.4819729595514904E-002   2.9585771321904559E-002
   8.7648991175091364        18.414714493224121        17.012841187290849     
   4.0059830636020050E-003  -9.3486566998254264E-002  -5.1867274693939642E-003
   2.4265458895240655        18.186954488476811        15.675274753690751     
  -2.7676901379574282E-002   3.4859365355059693E-002  -6.2370352909759307E-002
   21.862862040156340        22.218145237096298        24.960214415121328     
  -2.3264266600037269E-002  -8.8392684456220713E-002  -6.2636174551206026E-003
   19.555436189475362        11.939508983323588        22.404705735826870     
   6.5297672922156352E-002   3.4263829946626981E-002   1.3967625616390174E-002
   13.187380538544591        19.493572015724201        4.0134959891344524     
   9.7353376676595091E-002  -6.5940910089457488E-002   8.3756363644354029E-002
   7.0293769257226337        20.249952763373638        14.055768079913111     
   2.4669559395151565E-002  -1.4511221300850250E-002  -2.1968337499216968E-003
   16.976705463089992        13.915738026682858        17.455083913506641     
   6.4902552251465781E-002  -5.4105962837368354E-003  -1.4693581134222748E-002
   4.7852891191206535        13.605463495566337        24.478156212025542     
   9.9139666285295771E-003  -8.5293860318500572E-003   4.0915576912348720E-002
   27.848717612892830        9.3539186157481957        24.003759433226886     
  -8.2819168450057823E-002   2.5755360824390012E-003   4.2779731803295196E-002
   14.112712528363074       0.80697291551617167        27.461253169968352     
   2.2677215803941310E-002  -1.2835166102567012E-002  -7.5682700866145369E-002
   13.397011249339890        7.1408957463020277        6.7834721109016378     
  -1.1428578320521066E-002  -7.6129125459106370E-002   1.4642232581193626E-002
   23.194443223587410        7.7913953335802031        3.9177621704799428     
   5.5705223602890902E-002  -1.6809333277844733E-002   1.3719607973795863E-002
   11.210055328767162        17.077271629955558        2.4993397489748745     
  -5.7318856025929683E-002  -2.6036857515122018E-002  -7.1985007660152797E-002
   21.943291738679875        12.777372805220066        9.0009806654213413     
   1.1587306401935500E-003  -2.6024124841556241E-002  -2.8924602152682031E-002
   8.4633633786285234        15.245563694016786        13.898472915340408     
  -4.1884852314150178E-003  -4.3903294492046746E-002   3.6973098957028598E-002
   12.077420263966067       0.66296750537155502        5.5600075608666719     
  -3.5390057755148030E-002  -5.2239703738505554E-002   6.4646600459393230E-002
   7.6225458479048305        26.022601871606497        4.5679630091266485     
  -3.5775900063560837E-002   2.7093956272832273E-002   4.8382185825484834E-003
   25.303078567594671        18.422749447757742        12.019624238473257     
  -8.3213593319038159E-002   4.3186978819889033E-002  -1.9200135926099073E-002
   9.9595964827279619        7.8061056499792487        5.4573115443216738     
  -8.5324348631123370E-002  -2.2617715484564175E-003   1.9641489387537330E-002
   13.189160025407126        25.415239775562650        13.307189775311825     
   1.6818549447023563E-002   5.3136743820520735E-002  -3.3507805189823874E-002
   9.7254048931507189        3.4773535672299571       0.62102912603928129     
  -4.5709468145583035E-002  -6.9041218983309796E-002  -3.2666069531582305E-002
   27.081209998214117        12.952328754788608        16.072052177087741     
   2.5790564557974655E-002   1.5918177828543371E-002  -6.5568570843422713E-002
   20.368796735776829        27.814008373105295        23.557885613068166     
   6.9257071032737885E-002  -7.4222587588949770E-002   3.3982275774774758E-002
   15.011079115978106        14.979189851609267        21.910090997916829     
   5.3667420273444212E-002   4.1075147373932773E-002   1.4126071810625791E-002
   23.837113537447788        24.556862321800576        14.594553771836594     
   5.6334448171670812E-002  -5.6989601629416950E-002   6.4212880267586925E-002
   3.2666768445345191        16.477603456084360        11.199867684562641     
  -1.5741799260724791E-003  -5.6864780442437479E-002  0.12162605703332273     
   17.764150655589038        1.9800686599465016        4.8715698779670573     
  -8.4145757690190684E-002   1.9770212990855469E-003  -9.8961840375627261E-002
   24.024403262529049        5.8971186403938081        23.187384912729694     
   1.8011696717264637E-002   6.5036382963668017E-003   2.0687222117825470E-002
   3.1589580845174736        27.734801237216399        20.125770874423566     
  -1.7772436046067312E-002   4.7360863277884017E-002  -2.5170191724918779E-002
   4.0430612599594191        11.979670835803864        10.066534913972822     
  -3.0346316854467918E-002  -8.0762233078352300E-002   4.8195888860650127E-002
   8.6451375440614847E-002   23.563721826814117        26.456162160178010     
   9.5995351560361972E-003   6.5773312122364841E-002  -8.5953385990085993E-002
   21.066698816818786        18.653659249234703        17.752443044961037     
   9.6282735775465977E-002  -1.4474789328392527E-002   1.0235660053692166E-003
   22.920895395934835        19.005904242121328        25.389855891289489     
 -0.12570659722906907       0.11954673897797649       -4.9950430610376809E-002
   2.0383659064300415        10.818736915372096        22.164240991833257     
  -5.3504115007141518E-003   2.6950021303045659E-002  -4.2122573374368645E-003
   16.945293998712380        20.372733020361359        9.1716707247124329     
 -0.12514778425938050       -5.4560566073754736E-002  -3.8928108684219680E-003
   19.736653535032982        16.765294674308450        13.734893130624071     
   7.0581270342021149E-002  -3.1324014164000227E-002   9.6321419966092281E-002
   4.2639132991069699        4.7424295272408532        17.658077049237100     
   1.3557400882469803E-002   4.9011465858056810E-002   5.3526666556601495E-002
   10.857562645398408        3.8080899645606214        4.0269547377118444     
  -6.2178429884431313E-002   6.7387447715001741E-002  -7.4423429314004419E-002
   23.822097189036786        2.6780343014353876        7.6848496374585382     
   8.2833051935309779E-002  -2.2115350433976937E-002   4.3325889970014554E-002
   6.2832114067948730        1.5472730978789309        2.2457133434151015     
  -8.2874286324007597E-003   7.0906635932988876E-002  -7.3053037708196615E-003
   24.717389912350914        25.601707645949361        27.001375445365465     
  -1.3172322145700719E-002  -1.7419731254007093E-003  -3.4774012352226241E-002
   27.511456903133229        2.5709238846699285        16.398284940690118     
  0.15577680551628814       -8.6049157497676304E-002  -3.7418762477533341E-002
   11.843563675464253        22.055564906527316        7.3755987313499602     
   1.2222180359714126E-002  0.16792559472561353       -3.2264265950011424E-002
   3.9953898836372699        13.993319524935661        4.6550773827263106     
  -1.3101043603124410E-002  -3.2822906678642523E-002  -9.0890743273658578E-002
   18.366235061666114        4.6560790906386016        6.6897100951508319     
   1.5033200211957084E-002   7.1562129879217132E-002  -7.2169431039187298E-002
   6.5809368195750109        8.2913479022352199        20.303567734457477     
  -7.1946116505748878E-002  -3.9766812598044064E-002  -8.9639449957954712E-002
   5.0161006758755740E-002   6.3635928129189923        23.702542093388377     
  -3.4916815675176860E-003   3.1684142956885597E-002   2.3384791499988636E-002
   15.211032805496552        4.4456351727679566        9.7398107174261490     
  0.10073422811639554        1.9493594462339603E-003   6.7947659957386830E-002
   26.335911711019353        24.010532800934605        6.6886801620318366     
  -3.7853402337581804E-002   6.9920988516314906E-003   3.5389361445415288E-003
   7.3580052204962429        8.0542327790002517        10.628999559740908     
   2.6068460704441038E-002   3.6234022624964141E-002  -1.1004471589604480E-002
   2.3677650709373794        24.691753499216095        17.253778871037884     
  -2.1814302970325473E-002   6.3582149369621324E-002  -8.5423828902662757E-002
   5.8902828699127534        9.4163782605977957        24.433800855338674     
   5.1218094841563089E-002  -1.3665365756124651E-002   2.4530755920285762E-002
   14.820592866217902        1.5884628240447793        13.084510434530765     
  -2.7601317763671075E-002   2.5740098143385608E-002  -4.7912620585739883E-002
   17.157351222828989        6.8956194903196337        4.1182885781878387     
   1.4813023837887070E-002  -5.2977745832424289E-002  0.10750554028319163     
   14.257517522570243        18.658741024592377       0.72147504663035122     
   2.4782767291455506E-002  -4.6758408133560553E-002   3.0179955505970923E-002
   3.5049547745815652       0.28500512780635767        13.072666400629274     
   3.2571889934053452E-002   2.9746734514485302E-002   6.9582563229005828E-002
   11.611131449482279        4.5020116598629434        19.271716796221465     
  -6.9355832199179318E-002   2.0880879968830871E-002  -2.7332829435157302E-002
   1.9793374785638587        3.5783619293154669        22.836826137249236     
   1.6205773839922073E-002  -6.1563283882453109E-003  -3.2866801208169330E-002
   17.777549489866473        24.850460770995088        24.208749929648519     
   9.8929423690333515E-002  -2.5420145956916291E-002  -4.4986500031327613E-002
   10.371646576512953        17.936067508927657        6.2336211835425583     
  -8.7104708582106422E-002   1.2685466117239790E-002  0.10923983599282520     
   23.898787548733853        6.0354635034976898        19.634869692096444     
   6.9475178290605150E-002  -3.3808353997193549E-002   7.5994038567147660E-004
   6.9093634321957103        17.865830378234271        1.7121331933691701     
  -1.1431413072827188E-002   1.3916330060979654E-003   2.2914457250043180E-002
   19.321515619643655        26.232098719578683        15.088338984665004     
   4.6431996128128053E-002  -1.4680573346604602E-002  -1.1118540882999698E-003
   12.486781648082212        10.569767044311684        22.093801763481231     
   9.3053499626793074E-002   3.9575037437073718E-002   1.8774033703288046E-004
   23.225611613150292        17.779276309231300        14.768970233067083     
  0.13051477724072344        2.3746878736789108E-002  -2.0643532556804300E-002
   15.849636814027438        7.1078907019778121        19.743612085266374     
   1.5345134606210441E-002 -0.11204992536771105        1.8504290442437468E-002
   18.309070293420177        5.5990135617352310        26.955198477055372     
   1.7065676379192897E-004  -4.1442972376106939E-002 -0.13683253259713690     
   13.305532280448979        1.6734350535076887        16.630834145728681     
   6.5883681673293365E-002  -3.9122001241569247E-002  -1.4588871558290268E-002
   17.433229948757617        2.2733455986836097        15.550040374426954     
   5.3489263719692898E-002  -6.7606470186993520E-002  -9.9424730428117392E-002
   12.352816666189975       0.66479358637102270        1.9489984824042816     
   2.1804495134236188E-002  -6.0804668099943185E-002  -4.3917428366703481E-002
   17.206306652666477        10.150592737540411        11.553806577540012     
 -0.11611232365512283        3.2950827782979787E-002   1.3762986446571887E-002
   18.602970975775861        19.424802424677416        19.900453925270408     
  -7.0533804975782613E-002  -2.4413387538515623E-002 -0.13901139495264281     
   6.2075622738958778        23.115667109018368        27.755353999229101     
   4.8450729564084409E-002   5.7306638335115491E-002   1.2062813107298821E-002
  0.62475139578556160        5.5529278492421792        13.207839560005214     
  -3.4879140651835894E-002  -3.8723698548318752E-002   2.0139536067969258E-003
   24.719133095935479        21.597679011330488        27.277079659240073     
  -1.7381757683288649E-002  -5.0509468466346318E-002   4.9178577937004114E-002
  0.84547741057227188        18.465222290130633        19.417988661656274     
  -3.1424789144646359E-002  -7.4295389869992977E-003   1.8744518394163877E-002
   14.078125733989278        6.4793680628473149        1.9351368789246706     
  -2.5527860211312779E-002   2.8199616452679984E-002   1.2150046131425639E-002
   25.587248364222912        21.740505548986885        10.247913009859957     
   2.2324546226158690E-002  -3.6321471986717264E-002   2.0227458735348074E-002
   24.407821458536347        13.781887661438821        13.380438681249068     
   2.2542640857044757E-002  -4.8810697015475045E-002  -8.0913335468490218E-003
  0.54174020756473418        10.058752055729844        3.7998833277025112     
  -5.9107029143011056E-003  -6.4809381104179616E-003   2.3096337864261335E-004
   15.674338837945504        10.984267279609773        22.386551523265055     
  0.15240972398560251        6.3003086554545715E-002   2.7682345936350612E-002
   11.345969665042247        11.714974051749973        2.2540591785020960     
   8.3619035857326163E-002  -2.9749111937785823E-002   6.9651278537021530E-003
   11.911399642537623        6.8309848319167212        24.471009626308845     
   6.2003235618922188E-002   7.4703129281248670E-002  -9.5424332713655250E-003
   19.871813541112200        10.064505262610830        8.4623298783434571     
  -2.9203070817158804E-002   1.3267111806492357E-002   3.5372684118989486E-002
   27.362302223488033        9.4688878312545590        14.290621136662473     
  0.10512202395967565        1.3895548420187881E-003   9.1705255328623766E-002
   18.966029786089376        4.4982475583682424        12.874097155526806     
  -6.0018097485697773E-002  -3.4546789539940288E-002   3.0624254495014443E-002
   7.2377594710513709        5.6873467302765333        15.264011425814656     
   9.3326457072068755E-002  -7.2047302142500561E-002  -6.5856286948720019E-002
   14.100368687018717        19.228954263668140        7.6703793019767987     
   8.7138200380629277E-002  -9.1748425887952095E-002   9.9136718852401287E-002
   16.399833419896890        5.0131185115101600        22.967333396908444     
  -4.0483317529459710E-002  -5.0956222766386769E-002   1.0445027945441181E-002
   10.010589790462914        26.766412158143016        7.3643914675206830     
 -0.10189051848269308      -0.23059583241133530       -5.3746310638377141E-002
  0.54480064943591155        27.125028354097264        25.642218054959628     
   7.3165517713072378E-003  -4.8921266585444635E-002  -5.7414345247797254E-002
   25.941985493395698        14.063546795603104        21.942073902136265     
   8.6305579595594206E-002   2.0198842825688488E-002  -2.3013851072844396E-002
   2.7347666837792319        3.3620708141052313        14.746372881785815     
  -5.9160037618925403E-002  -4.6806327656476526E-003   4.2971991857462595E-002
   25.764218965776642        10.625142104780410        10.215958526452633     
   6.6281685186676792E-002   3.3473581988004354E-002  0.14328639295220996     
   26.745634754459584        27.970743782376399        8.2276387087111935     
 -0.10215792286972863        4.7416892893352498E-002   5.4056677761280446E-002
   4.8272705815982206       0.19121245192173367        27.264520336506305     
  -6.9001529723313568E-002  -4.1903367489800718E-002  -5.6840188311684040E-002
   17.886519754913241        18.012240125322407        3.3236416977648604     
  -5.5507245166801139E-002  -7.7818167910034229E-003  -3.6060766351450058E-002
   12.170732842484870        27.909342606061962        9.7176490753459035     
  -2.2207446251449828E-002  -8.4541751291271838E-002  -3.1394096038339460E-002
   27.689092696943547        6.9979542839504001        20.260191923188088     
   5.1167232685348805E-002  -6.3246782862997550E-002   7.7185572578631588E-003
   10.981311467903550        11.417903448077498        13.400568574015670     
   4.1115532746515649E-003  -8.2763403437881508E-002  -4.0508696456338709E-004
   23.470120699451559        10.180295818628418        7.4584587103704827     
  -7.6083483515313632E-002  -5.5651308248440237E-002  -1.6959709619798109E-002
   25.025294353535969        21.125329118264116        14.531075495665693     
   8.6869724891978611E-002  -4.7013349582561079E-002  -5.8466266545409089E-002
   4.0911597390119567        12.706444662564985        19.311575140191199     
   8.4353291948866566E-002   7.4630234942714424E-002   6.6173601897401846E-002
   6.6772864390382169        26.538980592756385       0.51637325553610758     
   1.3040373987902863E-002   4.0624169949462212E-002   2.4776215700643329E-002
   8.6712059613320882        12.418669048621092        25.022964972034071     
   8.0780260204849436E-002  -5.3883528414677397E-002   1.4604954471200965E-002
   10.649198193261125        6.2133002359107952        10.143051574085305     
  -8.2276000783929951E-002   9.6357035604047164E-003   2.5343607826779670E-002
   8.7559224748080311        24.232073480093174        2.2686786614568799     
  -2.3118468914508975E-002  -2.1259874444136077E-002  -6.9675559755007027E-002
   3.4002049362718467        16.117766788826543        2.1924134570963969     
   4.0975082551823340E-002  -6.7934546080142488E-002  -8.4666323790648201E-002
  0.84737464682925245        22.181610178087457        7.1467303211114741     
   2.7933131839425609E-002  -4.0503562261035839E-002  -2.5231608587860575E-002
   7.6470164860850236        22.870684951273429        16.842408016633804     
   8.3043965003084849E-002  -1.2003036736524478E-004   5.4729374114306686E-002
   23.982755573278876        14.744638151404351        2.7929162000464678     
   2.8384830880007563E-002  -4.9655310068754704E-002  -2.1042293489606682E-002
   18.950467429305235        13.581584724760731        11.402226719791212     
  -8.2106794873487765E-002   6.3978071093403754E-002   1.0493378604157477E-002
   8.8311069572114764        4.9248831445305843        26.066931439781044     
  -9.8224297484682407E-002  -3.5379152027194549E-002   1.9380853770951108E-002
   4.0682239313213975        20.343587001820243        12.114575988164757     
 -0.17676865280348347       -3.9276770198599271E-002   4.8576439634820466E-002
   26.926688800967646        24.788859860739933        17.173300299720495     
  -7.9485927191710933E-003  -7.3285236763268813E-002   6.5714984550065539E-002
   20.931696560848902        13.047128524659257        15.500763947305133     
   9.9381109272598488E-003   1.6492705226266217E-002  -3.4491219088803385E-002
   1.6967666101360810        18.797721081361328        25.501584577350538     
  0.13910058985754956       -7.7242656675799354E-002  -2.1231614197282154E-004
   10.644032055749870        13.496008774198771        20.686368233148652     
  -7.4790623976486795E-002   3.9014264294761521E-002   1.3677061279164413E-003
   25.753454363716685        25.956041661826994        10.863905192721296     
   8.9347738467375135E-002  -2.1768167337557891E-004   9.3418635371747730E-002
   14.113664851618262        18.476642396495183        15.484368965139153     
   1.8448245918796211E-002  -3.8118704044861132E-002   2.7341651842646371E-002
   26.978193219681195        23.998230542950257        13.708656430764350     
   3.8321788091039741E-002   9.8782608962706825E-003  0.10316003143035345     
   16.784449595125761        27.227142539285801        21.375265593905169     
  -2.3843105834868646E-002  -6.7049617189087654E-002  -1.2693574983159778E-002
   10.052392798772001        13.005498829710300        8.3539190982835212     
  -5.4875567802524179E-002  -8.5640561516085231E-003   2.9877049585430419E-002
   18.718218015381904        23.281330994852798        7.0826133364695387     
  -3.3993507962515636E-002   2.9754712981470165E-002  -4.8712088796375980E-002
   10.435781891699127        3.5016201005092786        15.349597504346084     
   3.1854429962572026E-002   6.6564985079925381E-003   4.2048891941620543E-002
   2.3041815708205902        2.1527970817098576        26.233311831908850     
  -1.9202484051244653E-002  -5.6475050234095485E-002   7.7141650569905768E-002
   14.514102177926921        3.7493567076392447        4.8907854678459737     
   3.8276595652011025E-002   8.3510597405300299E-002  -1.3630757619592546E-003
   21.591861674036007        4.2275208743367108        25.534011155003721     
  -7.8480223525961346E-002   2.4352938866183917E-002   4.6873913038663867E-002
   7.4184580238544289        4.3799259829719883        9.8674122661825852     
   1.1054325439007674E-002  -6.0584716694800207E-002   6.2966761990486064E-002
   8.1228171993313003E-002   24.680689442333339        20.402351197760975     
 -0.10721265124279787       -2.8208996879299369E-002  -1.8598686955384837E-002
   27.563085901083348        16.496069811735101        25.882923532424343     
  -5.6718503068071927E-002  -6.0951019249749903E-002  -4.3545090455172943E-002
   25.020121483756942        27.939202494473680       0.91892174366045176     
   1.7012975339404459E-002   3.3439963310992589E-002  0.11603460203200648     
   25.210924291950715        13.783856142715196        9.7769445712117147     
  -2.6923397816209574E-002  -6.9454503866966680E-002  -7.1701757454288570E-002
   18.277801353016983        25.001420922511045        17.943383312743737     
   5.2603406346569494E-002   9.1979616500850944E-002   2.6787202091800616E-003
   15.212421372499820        2.9110654712128112        1.6605433097892166     
   2.9841240449322307E-002   3.1001488449899127E-003   7.5186724405573646E-003
   12.451741835565439        15.342538696295104        24.143637697913732     
  -3.0941696528267622E-002   3.2871604648707586E-002   3.4106162301948753E-002
   26.853810404503928        2.5861531284371813        5.2305619268257946     
  -6.2971417980005634E-002   4.1353447618540901E-002  -4.6161444138139718E-002
   20.940322959312301        21.624247330564010       0.30321013292458854     
   3.7378828255045779E-002   4.0574281904074284E-002   5.9261583437626032E-002
   27.118421085414791        9.4920636771296234        17.764782767007670     
   1.9317706336474286E-002   7.8277728872315835E-002  -5.0766453826631740E-003
  0.16549795384120219        26.964900741346611        5.1863084800339934     
  -3.4427189045943232E-002 -0.13468373490450972       -5.6912643532987695E-002
   22.440799606707557        1.6568005328074673        20.776911680065087     
   2.2690194044902724E-002   1.2600978507512604E-002 -0.13191836867229031     
   7.0418816341845609        13.072314803673773        2.0485116158082288     
  -1.4210253958910008E-002  0.10074271211674758       -5.9609589859883037E-003
   19.029707641905858        2.5384796077010461        24.881479287596463     
  -3.4724871400706590E-002   1.1305687834072995E-002   2.7159262316190928E-002
   20.331538610093457        7.5913935058934303        23.567794823994006     
   3.8260974173198049E-002   5.5021430295387377E-002   4.4673933204202564E-003
   20.882094807834697        20.579855481730156        6.3301841355699651     
   3.9935506244194445E-002 -0.10167294622164133        3.2898737145670688E-002
   12.792358367432895        4.0627711977933982        23.117060648327151     
   3.9815930830341219E-002  -3.8536823342988797E-004  -4.7114659985698040E-002
   22.688493660597516        8.7557431693027841        17.816247245485116     
  -2.8469471403879724E-002  -7.7666646523008327E-003   7.8129324023619259E-002
   2.7166621197014447        8.3150103266260817        24.948544688140913     
  -4.2870276411141793E-002   3.2768679758956821E-003  -4.3843740046710954E-002
   7.6634206680690289        22.810786059201025        6.6164507620676360     
   6.2483742385091849E-002  -5.7202835902069298E-004   2.1069067199312716E-002
   21.666169443219303       0.60814510032956615        15.626610249613359     
   3.1890686374399936E-002  -2.3986843405492037E-002  -1.1994871734829280E-002
   12.543739527253555        25.505953915439552       0.27714384901038291     
   2.2196929147079665E-002  -2.1071079684414785E-002  0.10811758550049178     
   17.511452688804621        28.132282108397710        26.615212067504832     
  0.11473156610713224        2.0419183601536703E-002  -3.0245068062332663E-002
   24.986717038689406        5.4437109546779912        26.208288752436729     
  -3.6608393981614876E-002   1.6419714882358639E-002  -6.7191898700895729E-004
   21.342896746382493        7.6620285510761192        27.091818506953601     
  -2.3228766123602113E-002   4.3444974352725735E-002   4.9613541081562136E-002
   13.169172805780372        25.288732963408016        6.7977027423961616     
  -5.5424322545875468E-002  -1.7534814774298013E-003  -8.9195817193493912E-002
   13.145060526148722        15.708770060000253        8.6312303687671381     
   1.0183672130899084E-002   3.9883775971895748E-002  -3.4672155202223984E-002
   15.010818889844090        3.2548821974303932        19.193318546105495     
  -2.1472358937068631E-002  -1.3598310664337199E-002  -9.2575104291253471E-002
   17.065573170520896       0.22374807527174767        1.2368782863842847     
   1.8448480648958352E-002   4.1928860198794729E-002   1.9750934060923708E-002
   6.4329353557339362        12.816407821075973        6.8559564669295252     
  -2.6882475347023930E-002   1.7691855642719887E-002  -1.1738035081536142E-002
   17.336260017353343        18.473022719382907        27.060626306720785     
  -7.6536582112506107E-002  0.14496834028362413       0.14266835958195892     
   13.852631947553958        6.6557829271804030        16.804993077486305     
   4.8651255116595439E-002   6.7758314056507993E-002   4.4149159399916524E-002
   4.4925366335426427        15.573898697011957        7.9697479664626316     
  -1.8577909944400704E-002   4.2647832327661200E-002   3.1451241136072672E-002
   27.426052674201177        21.333231917185888        17.014125300352426     
   1.9612920011331254E-002  -7.3867412550962325E-002   9.5308337065767006E-003
   2.0897109293677731        1.2414584172289658        4.6726606517501699     
  -2.1213589574609237E-002   2.7166199081546149E-003 -0.11175022695882790     
   21.771931361893568        10.403536251764468        1.8637394001364396     
  -8.1007401428676490E-002   2.2277557419076940E-002  -4.4111558091282928E-002
   17.848194636694085        23.478001343080816        14.136174122607777     
  -7.1491640819036154E-002   4.6716926344316401E-002   5.2433611153298497E-002
   13.997739145980447        9.2080149264908222        4.0530197296732817     
  -8.2220351595148317E-002  -2.2454591925925020E-002  -2.1979052700675999E-002
   1.2914241648611944E-003   16.188375819411551        13.351511409860358     
   6.7105938540561938E-003  -4.1941916437228374E-002 -0.10339050030686245     
   13.734224719119915        7.9954637098137313        12.096565834901384     
  -5.3133583802650423E-002  -3.6989629751660439E-003   3.4827386460155187E-002
   22.538949832458808        20.102307362068032        9.5573255167895912     
   5.3644260095877978E-003  -5.4401081199700312E-003   1.0937447678814986E-002
   2.4698562675284994        22.102573655761852        10.126899704934313     
   2.8480044754386528E-002   8.3819237557591256E-002   1.2633046045655259E-002
   9.3087568307095143        18.032838246847248        24.043878499495801     
 -0.10112731761907652       -8.5546945626435861E-002  -3.5701833467853300E-002
  0.50428745679596221        10.959487891535296        9.2985575818125206     
   3.5063646259219448E-002   1.2935593033552906E-002   2.2695984077775479E-002
   7.5759770397343198        26.891665727757939        25.019822884686175     
  -8.7713764537962740E-003   7.4669143042440836E-002  -5.8643368115834468E-002
   15.161009881291955        26.322402261024294        25.683564035019366     
   5.0553356279772026E-002  -1.1817769890602020E-002  -5.0408012896544577E-002
   20.745503155746047        25.781245033521206        6.3395376461913475     
   4.4512276199749026E-002   5.6598033251843746E-002   3.4058177974739721E-002
   2.2737713433281126        8.4828052675606678       0.37298354146509960     
  -9.9393932165593377E-002  -5.0346807185428062E-002   3.8293957227005189E-002
   4.4104186471411740E-002   12.243900851057720        19.244745880564945     
  -9.4872984558929396E-002   8.5914093751872075E-002   1.3311129059351501E-002
   24.965385682616194        9.5753465961749811       0.31418587588913155     
  -6.8857172012391873E-002  -2.7239973890596549E-002   6.0963375984514311E-002
   19.348491790666543        27.399906435540494        3.9100479667899344     
  -5.7658576414745359E-002   3.4809960592568717E-002   3.5133928834760693E-002
   8.8747416471291967       0.96214807190930973        3.9730337029794334     
   1.1565115162489375E-002 -0.11796645462299840       -4.2967539126347626E-002
   5.5074065989964991        26.899987564900748        16.104840860893884     
  -3.8350371510587594E-002 -0.14347322471882382        7.4851973865743937E-002
   11.712670746267754        21.150732163688797       0.77720116350814306     
  -1.7364964990440507E-002   2.1893951724432622E-003   3.0609768927944748E-002
   26.655991883891922        12.158281057337415        6.3641459437592500     
   5.4167560561947603E-002  0.10816840862425828        1.4562968787332120E-002
   26.005888301986094        3.3902494603449296        10.521288576426770     
  -1.0277989252874016E-002  0.13438329692897780        1.3919476026838176E-002
   6.6886246148359190        9.7030347911389612        2.3440699568301091     
   4.0243843898182662E-002  -9.6491821459540987E-003   3.8240433922935621E-002
   20.538575937419726        5.7262157028659422        20.409192522117731     
  -2.3654403370378111E-002   3.5245720087220427E-002  -3.8004041330808362E-002
   17.519012465718443        8.0349340145963968       0.79281759802559060     
  -4.2274963095958663E-002   4.1477652557669734E-002  -4.9732173222317252E-002
   21.903184440829023        11.154051792384152        26.342419765707476     
   1.6429784141448786E-002   2.2414679882609194E-002  -1.4180988921921978E-002
   17.433256075707703        19.734899018984080        13.433379431051016     
   3.2417862039581358E-002  -1.1035191381768108E-002  -5.8553875605087194E-002
   25.626575678190253        18.868055048766557        18.470925264518229     
  -3.0301492935405929E-002   1.4828214803030005E-002  -6.7291289728287962E-002
   6.5367081820060422        17.588110900233470        12.208269955796220     
  -6.6491648792699184E-002   2.2827920895479411E-002  0.10800046757501537     
   8.3045508663480057        4.6812762202444942        6.1738221281794701     
   7.6824171136871053E-002  -5.2571479366486908E-002   4.1834367881330957E-002
   14.767939881449626        12.949579191692722        13.307478088363304     
  -8.9736819853067831E-003  -3.1636060874796465E-002   8.7109486049593621E-002
   28.133450079213400       0.35824798943141839        18.657874241513337     
  -9.8656290195723514E-002   8.6289975853788822E-002   4.2442422686477368E-002
   1.2230159980243975        22.251037295206121        14.871225248537145     
   4.7065342046894200E-002   1.6887002425457421E-002   2.4410845107623477E-002
   1.8473508401828342        5.3187705338945257        26.853632482300860     
   3.9506357514041100E-003   4.6559985394869323E-002  -2.3848979691316424E-002
   14.364247727533515        25.145609420352788        17.100354127924611     
  -3.0803398503219444E-002  -5.2768883761078239E-004  -3.3796825237230627E-002
   13.548715753963549        15.388261766646453        16.447173947547679     
  -5.2060880262318247E-002  -1.3005137000356534E-002   6.5709223906038741E-002
   24.856616413422341       0.11489139845161907        17.783428807551839     
  -2.6127577715064774E-002  -8.0642176526122725E-002   6.5286073453157206E-002
   22.779591107515245        20.417934572105974        3.0747025303164950     
  -7.3663305197422035E-002  -4.5831271462439323E-002   7.3080214474478725E-002
   24.032523909771882        3.9872187429734942        16.606346603791614     
   6.0508525727625627E-002   6.3244615629650086E-002  -3.9623948477322563E-002
   2.6744312545341162        24.318385773830983        22.186037195068440     
  -4.8388564571303768E-003   1.8010303357504195E-002  -4.1622204166371898E-002
   7.9862801414890079        11.011459909185113        11.684915731167726     
  -3.1008532474392902E-002   9.5959710382112928E-002  -7.4143196220299246E-002
   6.3138144359740407        27.320732540338970        21.273002414728055     
  -8.7127813458384565E-002  -2.5734567778712660E-002  -1.4085100331149377E-002
   6.3309197817540168        14.152123656804642        11.282885778061690     
  -9.1772751550724521E-002  -4.2614295185382393E-002   5.6353503045225996E-002
   25.016714096661165        19.932404901655666        6.7570998076358828     
  -3.6253221858334225E-002  -6.8828914177610657E-003  -4.4184287340961519E-002
   25.524207870816760        6.7453201904275266        12.501225104943281     
   2.4682403473917893E-002  -9.9373192071498220E-004 -0.10816039440771862     
   6.8366969909804896        11.501254025305171        21.673790261022162     
   3.9345790767238480E-002  -9.8827095105034398E-003   9.0332704787487225E-003
   20.707674551207376        5.9618270685640580        15.694209505589710     
   1.8998027651300303E-002  0.16046127860370307       -5.0352059046555641E-003
   22.645708282415569        23.357307005512766        4.9213941443374312     
  -1.6006521111645085E-002   5.3800715384636211E-002   8.5134890955371953E-002
   9.4630252619069672        27.782011061725306        27.690852685220630     
  -8.4544236960632457E-002  -3.6984471252316693E-003   7.0554911479500756E-002
   4.1898207260633198        25.913361767404222        10.981211311517702     
  -2.0543977752030063E-003  -1.4857380145567025E-002   1.3813730967231376E-002
   19.197308434342077        22.658898750416274        9.9822885987330352     
   6.2847644768622729E-002  -6.8899807426371654E-002  -1.7881812624065435E-002
   15.334672761002141        16.262338217987068        5.1098867268015127     
   2.3318108394119939E-002   8.6487731710391841E-002   7.8372614582577459E-003
   5.7514558214434635        24.148838327238074        24.370921908085492     
  -7.6257243690177764E-002   5.5270541597589040E-002   5.3562592658569419E-003
   5.7759191166361807        20.843575930923279        23.121323579764290     
  -4.6117363926594657E-003 -0.10725392787737827      -0.13738724214067435     
   16.758879984462187        28.129113115330618        17.713967647589307     
  -5.4284763263552270E-002  -4.7634441487268329E-002  -8.4849511837898878E-002
   10.975301616778609        17.204776862344030        27.365589951392739     
   6.5819410846726586E-002  -7.2949023199161106E-002  -8.6863520846704265E-003
  0.83737150198650434        14.969263688138506        21.441331104863803     
  -4.9543234262045648E-002   7.2881525000884637E-003  -5.3693483482679582E-003
   5.7574515436519267        5.8218564632954077        23.732604644314687     
  -2.3219733627446677E-002  -4.6169207371920762E-002   2.1500755488875513E-002
   2.8371941899626498        2.9592673612504221        10.804653022520158     
   5.5721840008857035E-002   3.5941484565230837E-002   4.7085421154128186E-003
   11.352765973708173        25.883573683868576        3.6591863916945679     
   5.7926971518337108E-003  -1.7416067882761125E-002  -2.9893069629023820E-002
   9.1190478342074428        5.5706860485232852        22.980700136593445     
   5.4370008087945669E-003  0.12596185719065520       -5.0884218139006801E-002
   23.852383422700772        13.868915328493921        6.6504757474023171     
  -9.1862880554604509E-002  -5.5981043663112240E-002   8.3706496069183067E-002
   26.413789143536366        6.4686361027737300        4.3420588979269894     
   9.1537904854154764E-002  -9.1272912299681208E-002  -5.3958082458202647E-002
   9.7558740772555268        7.1912189630717620       0.45888316837423226     
  -9.6893051629825505E-002  0.10135146349124617      -0.13327541656473973     
   12.533449964097809        5.3002374646049049        27.783555524547761     
  -4.8372389122306729E-002  -2.7356473842433938E-002   3.5512616966026180E-002
   26.355688786338849        6.0765960188727899        15.646149937758405     
  -9.9370267007118970E-002   5.4209549135228602E-002  -8.3053497473488109E-004
   3.7003942212916723        11.868790730490632        1.8714879217197642     
  -6.2786453848905591E-002  -1.3402276073898239E-002  -9.3493833055208017E-002
   22.728711460555047        19.776490199925064        20.787380577123724     
   2.3653562207912510E-002  -1.7405414460188100E-002  -2.6341058451575708E-002
   1.7506056933644638        14.535020014326141        17.725910076943915     
   4.1551715375871066E-002   2.4700836494504254E-002  -5.2253534617364920E-002
   6.1702961854776098E-002   24.516122283521106        10.010460362786890     
   4.0431526658815164E-002  -3.0541349667672336E-002  -1.7713542399602933E-002
   8.4553419570714361        26.105756852084230        18.483033061843440     
   2.4221705436653473E-002  -4.8189999761000697E-002  -4.0784143513468908E-002
   14.006583116985517        4.6791652654415845        13.812877835639885     
   6.9393033944264798E-002   4.1794446426839507E-002   4.0164387258808693E-002
   16.686063194312233        25.960514795222053        6.7913958671376999     
  -9.0344813316606223E-002   4.7247872782984396E-002   8.7719815272943539E-003
   23.980491176296820        15.194195104213019        16.696910302606554     
  -3.0755767618228763E-002   6.3587355744046059E-002  -4.0197303274138096E-003
   27.985356222601986        3.8201663167031858        19.570958876842813     
   3.9917965617002414E-002  -4.7912271608909582E-002   3.6170447682563256E-003
   15.436773578729127        1.1224098071144852        6.7942354673827889     
  -7.5815111974725499E-002   5.6264154025834345E-002   2.2400972819881061E-002
   20.323014047083603        2.6054192210472316        17.648974036164656     
   2.3351204936752291E-002  -6.2053180907075669E-003   4.9248862905927034E-003
   14.074785345335259        22.211154836250536        15.664086852944513     
   3.7858260229487350E-002   1.8254705878689617E-002  -9.5979897278505144E-002
   11.734886010908042        20.196616126406429        18.858129177940203     
   7.0482833072908577E-002   6.5240759095566661E-002   3.9527599631045504E-002
   26.843080441920058        2.4872849058829982        1.8859987034029586     
  -5.4768802302991089E-002  -5.1210555532631388E-002   6.1516176376580859E-003
   25.090812217034269        10.731553559799227        4.1058952657199619     
  -4.2513842547727311E-002   5.6294454979963819E-002   4.8451123173054181E-002
   24.853851181789778        17.504773758356482        4.3856887617541203     
   2.3869517209159134E-002   4.3745809964222546E-002   8.2962529038328500E-002
   10.717115199869310        17.026370243779056        19.478170941464299     
  -6.7356640136794724E-002  -1.1629004438433026E-002  -7.6533585270011605E-003
   9.3221997275181376        8.7318128419857839        23.401636477186894     
  -7.3558768874639094E-002   3.9280743116870354E-002   1.4169350957128252E-002
   3.1771664489026263        14.392543271895468        14.345223139026016     
  -2.7198713364622023E-002  0.10269551803429884        2.2204592496469028E-002
   4.5845201797056516        3.8451437811877125        4.3904327315413676     
   3.2958791849731682E-002   5.4750095718969688E-002   1.5370872874458270E-002
   14.233687303303698        19.922146662905984        11.853812817028237     
   4.8089067351628934E-002   3.9242007312982208E-003  -4.8921720963319166E-003
   18.332188582313794        24.631200481386177        27.460804912557492     
   4.1494517847707642E-002   8.6272267920424583E-002   4.5212061678360531E-003
   22.623829194818587        13.493372100166585        22.555926486223637     
   5.4539028105305018E-002   8.1290372243781550E-002   8.8149315420632493E-002
   22.085613706540471        15.780989230180575        11.711551141364978     
   6.8894157453248658E-002  -6.0049725217357956E-002  -9.0984430179487388E-002
   17.100757475900625        24.526554788898842        2.5609958699426514     
  -2.2066563012452197E-003  -7.9196663721848130E-003  -5.5932405563466646E-002
   9.6199787750286045        21.571411734997373        25.199468989483769     
  -6.4420421832284205E-002  -4.9752824507825798E-006  -3.3619192196258564E-002
   16.634415790576650        7.8302069295835688        14.725308349356711     
   2.6309725856504478E-002   5.5295071421564965E-002  -4.8342613202704228E-002
   3.4562819096372404        24.283653861749389        7.6871586594636856     
   5.2147218964918605E-002   6.6585707438247599E-002  -7.9622766586817550E-002
   2.2738371464740985        25.254338532270879        13.706515166538468     
  -3.6016378469944418E-002  -5.7195617074080621E-002  -1.6922339431398783E-002
   4.7003541976489416        21.319339029506931        5.8599198100240750     
   1.8870434296152674E-002  0.11354365098494687        1.6074044780909052E-002
   13.221535117336611       0.39920877431409629        23.263540089514557     
   8.5127435799821748E-003   2.2009341692044760E-002  -1.8246185050134513E-002
   14.907742474112153        16.484491738448988        25.777794860182642     
  -8.3116210149515384E-004  -2.7557827864234750E-002  -4.7718910252371370E-002
   19.604528818588179        18.309872966311104        10.290403752461412     
  -2.2210576578161764E-002   8.8661392452326085E-002   6.2803900861835085E-002
   17.786932703706096        4.9191843950497782        18.488523587607290     
   7.2458256915775236E-003   4.0003468355071480E-002  -1.0906112099358534E-002
   11.733079063238741        25.559760066243662        19.981486085627818     
   3.0727180630300322E-002  -4.2346794077244183E-003  -2.5111518965807066E-002
   20.359445660297027        1.5644819987372374        28.015000663274147     
   2.6961891766808146E-002   2.1730765029797143E-002   2.6694894096602358E-002
   11.978537454064179        3.2531201713078297        8.3777281863597270     
  -2.4775136870418227E-002  -7.7796199598541227E-002   7.5080250492261649E-002
   15.309894110094028        3.8693148415267693        25.860284348142695     
  -1.3041523934466989E-002  -8.0863485057614069E-003   1.0319646954553337E-002
   14.703180659706824        22.806819426088985        28.284809283347229     
   3.5388847328812069E-002  -2.6497994690946842E-002  0.10939221016723891     
   13.195310008756366        22.870106858021991        4.1871829884155565     
  -1.7186550087176455E-002   3.9545874686008481E-002   3.9464991262877155E-002
   2.4085962608963714        9.0678024609381982        18.653889227082569     
  -2.7373319529578652E-002  -6.3918899179179700E-002  -2.7619508125511501E-002
   8.9959753248723704        14.212130992531064        1.5969791067752297E-002
  -1.5878158871251496E-003  -7.2115628630127337E-003   4.2703114228032038E-002
   22.612115500588740       0.68195262583834526        2.5494847211115754     
  -5.5444071619127365E-002  -3.5950032515781653E-002  -1.6184851319965297E-002
   22.320691786426146        5.4921073979466772        12.651290667633770     
   3.7238323423296839E-002  -3.8183457364277078E-002   3.5534318656122346E-002
   3.4828360841261929        6.1323986188287556        20.974859381420881     
  -9.3399476461068359E-002   5.0201082637662611E-002  -8.5890821203261827E-003
   20.372358089530579        7.5371965272071524        2.5418502882179763     
   7.4211428396107212E-002 -0.10361934331510787        5.9594668304317880E-002
   5.2360815415760191        5.6778744312672362        12.770097932651961     
  -8.5062609687256305E-002  -2.7079074825383468E-003  -4.1108297794625534E-002
   10.664342733165311        26.494744171833343        23.843452650256992     
  -9.5429985279427532E-002   2.0382457088022023E-002   4.2368424106140196E-002
   21.618784144355018        17.298892005715235        7.2593530476712509     
   9.1988525200248639E-003   8.6116812490541501E-003   6.9567156669592803E-002
   8.6100402615882636        15.341933105548055        4.5608101901398292     
  0.10858471848055151       -8.2305064337941714E-002  -2.6584773061333168E-003
   5.6129258695139495        24.070622773439567        19.667524690280420     
   5.0835364737552007E-002   2.7876675164803084E-002   4.9042106775735325E-002
   10.295828979365060        6.8554132609360634        16.869966526926216     
  -8.9154511279020982E-003   7.0740354707390513E-002   2.9472508009747876E-003
  0.55804024931669538        13.080682563928356        24.330819621961723     
   6.1264968477138138E-002   2.9427243135389459E-002   6.2341280140939342E-002
   22.713220937475846        27.823443254226383        8.6158241904713400     
  -3.5333501813289765E-002  -1.2504172058619411E-002  -8.7614369140343817E-002
   7.8766015079199780        16.106399763800955        8.6181001206416585     
  -4.9886304666942584E-002  -7.1346490561807224E-002  0.13449877117435841     
   15.056412236448477        10.345139005732147        27.948135726799428     
  -6.6418169219847598E-002   3.6436400846903402E-002  -2.9626084552305726E-002
   25.911846824155578        9.9365056426286369        20.996993049947758     
  -1.6328764887166610E-002  -5.8822921076649550E-003   4.2063477574963481E-002
   22.521400795883981        27.236564660881839        12.659291703883630     
 -0.14147677778875017       -7.6919389651025336E-002   4.5730223478220408E-002
   23.636197415964979        2.9162467110979322        28.275125526724327     
  -5.0057286455971343E-002  -8.1007516054375454E-003  -3.6450564272931363E-002
   25.513031064156728        16.803963329034968        8.0771718600620552     
  -2.7769334949109745E-002  -4.1665949575940914E-002  -2.7000540084771901E-002
   2.1100875783439079        11.165339726705236        15.772247935633276     
  -2.7963059233150071E-002  -4.6105153838113380E-002   4.3143028669307110E-002
   2.2751257332870356        11.300580964407301        26.677230323554301     
  -7.6010090372951866E-002  -2.2933606516790481E-004  -5.5295521265307575E-002
   16.424089778911206        16.479271794155370        14.082602234362087     
  -1.4435017253068469E-002  -1.9563323337480999E-002  -3.6520962342234224E-002
   28.315684443202976        13.498954248908916        27.305483381279299     
   4.8166502112239613E-002  -5.3140758716882404E-003   3.7215973283099392E-003
   12.629716946464121        18.465038147998456        21.692408589044049     
  -4.4930993207344151E-002  -7.1335716021479437E-002  -9.4692064501684925E-004
   8.6881677610344692        24.704757911672306        21.240119074038564     
  -2.8193336913213780E-003   3.0132560034233254E-002   3.1864590980049450E-002
   14.085564765445298        22.449701690422184        9.9587412776649789     
  -7.1239696015479331E-002  -4.9466268999542186E-002  -2.1287812360575718E-002
   22.269034313576110        25.562810089258111        17.880557035610231     
   3.0749731182802557E-002  -7.8691172722520741E-002  -5.5016748479678960E-002
   15.035372763705444        25.847754716352771        10.104361974254449     
  -8.2675266828704547E-002  -1.4762704239965460E-002  -2.8527675946512731E-003
   21.323766625653271        25.224203568560561        1.8293676227876186     
 -0.14170170234494048       -2.6974698351260470E-003  -1.5432555004395460E-002
   22.494034703076995        9.9912206462698716        21.052668225174671     
   8.7713021598167476E-002  -9.3074915582115666E-003  -8.4320882696840133E-004
   4.1333899516974579        7.9603537229331618        15.839284282244730     
   9.7222175349642156E-002   8.5629258525644087E-003  -2.6410735130470799E-002
   6.2661518198738166        21.265375639355593        2.2995071650112830     
   1.0255188664393265E-002   4.8779909640112723E-002  -8.9229518709787875E-002
   8.3940599746869640E-002   1.9168834474226091        12.793762493034817     
 -0.11276157535431829       -1.8500043584821980E-002 -0.13811399901515345     
   15.127978452360177        7.3528517356915222        25.583236279703527     
   5.8858805939472077E-002   5.3000600186602111E-002  -4.4326978186241123E-002
   25.673486072004206        26.157375246817534        4.1358450499725405     
  -6.7866241303258079E-002  -6.5111797543591546E-002 -0.10027502268377213     
   3.9988234239807068        9.9645639505255357        5.7121552340849764     
   5.7696280134755487E-002  -1.1209583897857209E-002  -3.8372889539624193E-002
   17.136273801278112        13.616655091208035        24.689383043553576     
  0.10667332286247419       -2.4103104730288715E-002   8.8763855634901745E-002
   13.474154059358938       0.19509640260934039        19.781780366068784     
  -1.4857401235521215E-002  -2.3676472427485114E-002   2.4101096182235597E-002
   25.467090851491072        11.459180272135033        25.188746249471759     
  -9.3028246940414006E-002   1.3639894364561870E-002   7.5036687678768699E-002
   4.7460087009460974        21.451580279065361        17.248266245403954     
   1.3669116376457638E-002  -2.8681883724169851E-002   4.3476595782501057E-002
   10.298823606494917        7.8518898785011855        20.137444560175805     
   2.0475203531828360E-002   2.6515752625772094E-002  0.10413077190867438     
   2.8647459806199254        15.416284493023895        26.739388138273991     
  -1.9640665725421596E-002   8.4962789482098441E-002   6.4247868203287706E-002
   17.905946475037304        15.689647570405381        20.365538014977286     
  -4.1247832830759272E-002   2.8647484629539841E-002   4.9717682353824358E-002
   16.695654661258555       0.61239370760334322        10.041748609218212     
   1.8130091324708240E-002   2.7308325825409576E-003   1.9470348995581494E-003
   1.3140943169792385        27.920956647363095        10.025744277683449     
  0.13987187545039620       -2.5899795623892698E-002   2.6244537187564098E-002
   17.643339111041609        22.121261285525900        21.706340065577624     
   2.7733604279000904E-002  -3.2183741349186626E-002  -4.3598636759369473E-003
   4.2560988459436047        18.840382468504203        8.8460761756443578     
   4.0831026364702129E-002   2.6826175273047176E-002   3.3229822836811550E-002
   27.379978684502323        20.954409128808212        4.5228663034008019     
  -1.7952384021552709E-002  -2.0867884730365837E-002   1.7301807684352789E-002
   19.781963423698166        27.849716915035920        20.105453648753659     
   1.5731098761272919E-002  -8.6979957909046109E-003   6.4135098595554052E-002
   16.551698346824253        17.858629717393708        22.971091181965090     
 -0.13909110064837715        6.3768821423387020E-004  -7.5424064011765709E-003
   13.279047122733505        12.280249571161523        24.797447997435299     
  -7.3009151523798568E-002  -7.7241756279265994E-002   1.2682506326959131E-002
   27.435243280943503        27.213875821918222        14.425385759364827     
   3.2908986718987038E-002   4.6351500649454258E-002 -0.11311975265514597     
   25.164027584492548        6.6909427160952504        8.1550921985756766     
  -2.0067209938786901E-002   4.1174419606831901E-002   5.2330379879940173E-002
   25.034147463697447        14.051480257379518        27.324328172107165     
   1.9976003078481099E-002   6.6747490409686680E-002  -1.1068090034731698E-002
   4.8485887636018692        3.8108117163611701        27.952862510668311     
  -2.1310341223277414E-002  0.10232729023426927       0.10168095692792525     
   14.534917249020660        27.147746442062132        3.9662121412759030     
  -2.3363879702245616E-002  -2.3090893504454545E-002   2.9599184265166223E-002
   3.9518574968230706        19.792147227429819        20.174737720434258     
  -9.8887314695792101E-003   4.5410322820963175E-002  0.10465419622759738     
   14.858930626454340        12.599189754844483        7.5184391241322084     
  -5.4216846649792544E-003  -7.4189660090406201E-002  -1.3562286631963934E-002
   17.278667407955862        10.180849521191565        24.866036974972467     
 -0.12635579749670386       0.10561182108996760        2.3560308323848353E-002
   3.9176258405695963        7.1763534077938989        9.5673302720368412     
  -2.7151715571893054E-002   5.9608674637582446E-002   9.5333077464893785E-003
   25.809918902088985        21.735310811082833        20.535935889747751     
   5.1219714822786311E-002  -2.5907261673117538E-002  -8.3018338141263373E-003
   15.360099827166513        18.071781826210348        19.191986587245360     
   6.1393836599608578E-002  -6.7083805540341698E-002  -5.8928080730307440E-002
   7.7085434710891905        15.126849114168779        22.536703120514055     
   6.8316467524072499E-002   5.0368625719937221E-002   1.2915046475044977E-003
   18.705534688176510        4.0744600534437856        2.1277382531856457     
  -1.7546952308062681E-002 -0.10058638568414698        7.5765990293570298E-002
   10.731371148295800        21.638875764465638        15.229741997889953     
   4.6368700857765788E-002   2.2594960982930009E-002   7.0453205983919218E-003
   18.330843152564551        9.0725415217862686        20.520215766128938     
  -2.1471633609291630E-003  -1.1276221324223951E-002  -1.2775592504517413E-002
   11.440335124316235        24.318316959204274        9.8706133489314212     
   8.2039446583681452E-002  -1.4222337726697174E-002  -4.1103032660499292E-002
   9.5334970022608854       0.86868997521214675        18.578363755560861     
  -2.0914574212463287E-003 -0.12479354626019708        1.4412351265437393E-002
   6.2324664399546279        15.013250755685283        27.196761844570783     
  -5.8161773885160523E-003   6.1267650825920859E-002  -2.1736923834034853E-002
   6.0373168300295834        22.192849270420304        9.5683627569522809     
  -5.2825778881246406E-002  -9.1749962635632055E-003  -5.5921729408393239E-002
   1.4745801840509432        21.844648963380717        19.034691206856952     
  -8.8406494848926633E-003   5.2878010908799740E-002   2.4239149602405405E-002
   28.418166659517791     
