           1   1.9195531412625759       -2763.7441890261134     
           2   2.8653234405267005       -2662.2540371655182     
           3   3.3236161781235247       -2619.2469272368044     
           4   3.5870761676634175       -2580.8747762838866     
           5   3.9899863510488172       -2534.0199693250079     
           6   4.0646500771435132       -2535.0826257536814     
           7   3.5074227275839678       -2595.0594820881288     
           8   3.8758803299804199       -2559.0425405940105     
           9   4.0021204763976748       -2541.6192380088346     
          10   4.3432731716297734       -2490.6005486575859     
          11   4.5402094349981148       -2473.3126431334749     
          12   4.8808511916284107       -2429.3584911018547     
          13   4.5431595976930730       -2478.4229989207256     
          14   4.6297646016075600       -2472.2686895758984     
          15   4.8197681634459855       -2454.9354427716717     
          16   4.8370101792598135       -2455.1211415180737     
          17   4.6768006321238431       -2480.1049639933740     
          18   4.7471395359025887       -2469.7285306790855     
          19   4.9083046829701189       -2452.6318672579828     
          20   5.2374483409313441       -2416.4017397409152     
          21   4.5143085232675642       -2499.5161711672085     
          22   4.4855239452169009       -2495.2822285522739     
          23   4.8393565587479301       -2451.8232121384208     
          24   5.1727148815207578       -2415.0960689377393     
          25   5.3497526164854712       -2388.8119751382437     
          26   5.6695857428167198       -2353.8222710940240     
          27   5.1434525741265951       -2428.3568489792879     
          28   5.0135473826595263       -2434.9192150790973     
          29   5.0089530028421230       -2425.6184326260968     
          30   4.8140860339461202       -2455.2663559471744     
          31   4.7824380792251002       -2463.2777415455371     
          32   4.7374418240705491       -2473.5284099436458     
          33   4.9917606410632036       -2444.2620335208358     
          34   4.6477666412014234       -2477.9442852663265     
          35   5.0107438583300699       -2436.0519092452619     
          36   5.0347712362415731       -2432.4565049771354     
          37   5.1280826577805758       -2417.4400840816734     
          38   4.9687215947580263       -2436.0470658026143     
          39   4.7958731047111200       -2454.2630686313228     
          40   5.3778929195946255       -2389.5458414409914     
          41   4.7869258069009852       -2462.5592450056524     
          42   4.8998808605471051       -2451.4402536291168     
          43   4.8462421798886179       -2451.5411382841448     
          44   4.9299666620586002       -2444.5696066350274     
          45   4.5926094610936552       -2481.1860832562629     
          46   4.7356839842205840       -2470.2171831905589     
          47   4.9547296641636080       -2445.7613087525219     
          48   4.9311353474648385       -2456.5960631070448     
          49   4.7428567237745227       -2476.4508891624382     
          50   4.4331517748377127       -2508.7043422417223     
          51   4.8112353702627271       -2459.9114064866953     
          52   4.3366983164886044       -2516.3124157802299     
          53   4.5557995770796573       -2490.1853148326290     
          54   4.6311331913638281       -2477.5264322532880     
          55   5.2643027931004553       -2399.2243832409608     
          56   5.1015180233290653       -2420.6256105604862     
          57   4.8930302732224469       -2442.9352858063885     
          58   4.9882519160026835       -2433.9470787915775     
          59   5.5014282750252317       -2372.3821876585171     
          60   5.4209900172643355       -2385.0903490500805     
          61   5.8971358556219737       -2329.5493916826736     
          62   5.4311506630745683       -2384.6189130498897     
          63   5.2760826847596913       -2403.8884500876807     
          64   5.1015769437388911       -2427.1320083963624     
          65   5.1006125810986784       -2426.6456911955252     
          66   4.7830512060383477       -2460.5323639024168     
          67   4.8422520058874969       -2450.4697102818554     
          68   4.9636586667914582       -2434.8083666208531     
          69   5.2069794967216758       -2406.8032885457415     
          70   5.0081483535286040       -2423.9667878863579     
          71   5.0704785995542281       -2411.9264166022676     
          72   5.0856966684223970       -2413.4552546744994     
          73   5.4261056883129157       -2379.5236559218711     
          74   5.1799454013118051       -2405.6234571249829     
          75   5.4580693761814381       -2383.1865700827493     
          76   5.6516945761007467       -2359.2313639926492     
          77   5.7567435172730761       -2360.5850901646418     
          78   5.5318543150196096       -2389.4927541525785     
          79   5.7080477685875977       -2368.2816902463187     
          80   5.5994070036328445       -2375.0744613545958     
          81   5.6963017428449039       -2364.1559016135689     
          82   5.6905313910600288       -2364.5120940345791     
          83   5.3759284228750062       -2404.2593066142708     
          84   5.1681028437756886       -2417.5511055664306     
          85   4.8705007800933497       -2460.3421190547047     
          86   4.9141236820754788       -2451.0759015182771     
          87   5.1010408949167481       -2423.4763929203850     
          88   5.0523096093045297       -2428.2751179415145     
          89   4.9286245538035232       -2441.3471449155777     
          90   4.9078803972945853       -2448.1113506648348     
          91   4.7455503212774044       -2462.1213490567020     
          92   4.8952332470698217       -2434.9576450600084     
          93   5.3953570986710648       -2383.2368887086309     
          94   5.4146911707477035       -2375.1432709136120     
          95   5.0288708079244433       -2427.7674791381478     
          96   5.1462283845386043       -2421.2830063636907     
          97   5.2709470460436698       -2401.7748894791225     
          98   5.1445586154590419       -2418.2752176574045     
          99   5.2626904534062202       -2405.5653161398727     
         100   5.1705464286054710       -2409.7200454496319     
         101   5.1740676659669695       -2411.8591487221870     
         102   5.0574928490496642       -2423.6829301208459     
         103   5.1539309811923957       -2414.5083923944194     
         104   5.1494234080320815       -2420.0556754677691     
         105   5.1843425499636879       -2418.9831435805845     
         106   5.2589305935891044       -2419.1961230360266     
         107   5.5729757358740653       -2376.8083948412054     
         108   5.4029267908898806       -2389.9499562174851     
         109   5.8671987315017020       -2346.3749573074756     
         110   5.6797073413410075       -2375.0573672482874     
         111   5.2472801934756443       -2420.9130838630213     
         112   4.9926768370958889       -2450.1400511694178     
         113   5.3284468433384724       -2412.0586466472082     
         114   5.4838837615129457       -2394.7486129426670     
         115   5.6832775079658848       -2365.1096597040869     
         116   5.1747840205734246       -2422.9525563903358     
         117   5.1952943314446500       -2419.2582196318517     
         118   5.2555937984573742       -2403.7786396417955     
         119   4.9576940300483034       -2438.2660716762989     
         120   4.8215374756830673       -2453.4156403870770     
         121   4.9916522531413481       -2447.9756979574863     
         122   5.0940641377747884       -2433.8743462661732     
         123   4.5344603030016568       -2495.2629145131809     
         124   4.7784749309160262       -2463.2800000712764     
         125   5.0586300428780202       -2441.1043152560692     
         126   5.1460491445345582       -2433.2446460730102     
         127   5.1828536724189878       -2429.5052257096527     
         128   5.1421995539398360       -2433.4352610843312     
         129   5.1851012245658321       -2431.0817634838099     
         130   5.4963385094470958       -2390.7688497042227     
         131   5.5799799640378236       -2388.0242545185583     
         132   6.1349702010060501       -2310.6273084382838     
         133   5.7669355755013356       -2354.7835913527415     
         134   5.6834809752099869       -2372.7544393635731     
         135   5.1417226594878684       -2432.5213967611721     
         136   4.6801621456129876       -2481.7926100429677     
         137   4.7616972385102319       -2472.0339737120958     
         138   4.1366612600975774       -2533.2184198399518     
         139   4.9884129158305139       -2434.0765606186947     
         140   5.2937658752918466       -2401.1429399592998     
         141   5.0928192554125236       -2421.5035886744645     
         142   4.9226046749459176       -2444.5867848170310     
         143   5.0732335173150389       -2421.6245321839101     
         144   5.2379000765128634       -2406.2499343098671     
         145   5.4145090749270999       -2382.2301116082499     
         146   4.9471877679549507       -2444.2252300001223     
         147   5.4605941356133059       -2387.2969931306206     
         148   5.3731138315888423       -2395.4914406957455     
         149   5.6173882221457294       -2367.7742209357284     
         150   5.6900347892438941       -2363.7883937360580     
         151   5.5286546596439106       -2379.5189692915960     
         152   5.4844050482344269       -2384.9036611705124     
         153   5.2933187774332300       -2400.1852048143360     
         154   5.1813512563709025       -2418.5738803641975     
         155   5.3265414214233733       -2407.6658233244389     
         156   5.2019445083185598       -2415.7349210064231     
         157   5.2279016268359921       -2407.5839067717820     
         158   5.2486760694863399       -2413.1220931346843     
         159   5.4619923603262794       -2396.8216947542410     
         160   5.4380854043591054       -2395.1190575735336     
         161   5.7769665976786264       -2347.8053512013671     
         162   5.7164339033441198       -2353.8201506892647     
         163   5.7140007327641058       -2354.8336166458203     
         164   5.7668029630709068       -2351.7162867537950     
         165   4.8966928306017792       -2449.7513468442880     
         166   5.3179352955311625       -2398.8136073231672     
         167   5.1649638484884122       -2422.1697577208074     
         168   5.0409549478409996       -2435.0842041210726     
         169   5.3177871044600540       -2406.1576012435326     
         170   5.6665118033760002       -2358.7529845258946     
         171   6.0742880100071073       -2314.6745881396141     
         172   5.7759088642345287       -2350.8305632155138     
         173   5.4798310103482581       -2378.7245840213463     
         174   5.0502621554629368       -2432.4363431196125     
         175   5.2358624525902275       -2406.6566623491617     
         176   5.2079738501332642       -2408.9100226926898     
         177   5.6090397423410092       -2364.9174225765119     
         178   5.6417045583236831       -2360.8295491046983     
         179   5.5025304095335787       -2376.2527191525141     
         180   5.6580565407152168       -2362.4767816081912     
         181   5.2481742919334984       -2410.2774034827712     
         182   5.2202355128182063       -2405.6560012433320     
         183   5.4610700279494484       -2379.7588226760604     
         184   5.1971183838920272       -2407.6521450237101     
         185   5.2875503635161856       -2397.8595191745894     
         186   5.0358387433087337       -2433.3218172064148     
         187   5.0136147289771849       -2425.6032368001502     
         188   5.2857242517642646       -2394.7187067102332     
         189   5.5912175809042353       -2367.7026248510538     
         190   5.5931583102790565       -2365.9768243423641     
         191   5.1705947410428941       -2415.9220618290760     
         192   5.3747883328549850       -2394.6073170171690     
         193   5.3065901564027378       -2406.0042908739251     
         194   5.5545459576772469       -2366.7361296039580     
         195   5.9196353940821798       -2321.8449832578403     
         196   5.6787065928372140       -2356.1376340701677     
         197   5.2056685086223311       -2412.0470291322908     
         198   5.2210869708386820       -2404.5059285008533     
         199   4.7983701657918694       -2459.7258555284402     
         200   4.8698792884657305       -2447.6413277906827     
         201   5.2761689835780423       -2399.3231024126717     
         202   5.1530641886031745       -2408.7696371578813     
         203   4.7448033348768970       -2460.8300565557438     
         204   5.0366778484138131       -2431.9684151922243     
         205   4.5829348017911755       -2483.4540879606434     
         206   4.5503605265637983       -2481.7463013347297     
         207   4.8163615047790511       -2451.4068844320363     
         208   5.2145058068242314       -2410.2033360390815     
         209   5.0438080058931263       -2431.4402886196790     
         210   5.2053560928822371       -2406.0621884749330     
         211   5.1362052205818003       -2417.5628493234408     
         212   5.2677977526728910       -2397.4779150897980     
         213   5.3600888003629699       -2396.0591122570554     
         214   5.2485215235769171       -2407.4432650940789     
         215   5.4164542339338126       -2384.8348204251424     
         216   5.0838818115103539       -2432.3557662411349     
         217   5.4723235500537459       -2382.1324749401542     
         218   5.3116379048713203       -2397.5150890390387     
         219   5.3932524561576383       -2382.1830580640176     
         220   5.2826343934954512       -2407.5613628590559     
         221   5.1898673881961823       -2402.0692594920929     
         222   4.9361565779681928       -2441.0289666573840     
         223   5.0695816708656309       -2432.8137569020710     
         224   5.4263895312894359       -2386.0125243178354     
         225   5.3259914845812020       -2396.3944481281983     
         226   5.1042901440467361       -2420.0836835570753     
         227   4.8849390669740433       -2444.1279073976116     
         228   4.8817826275075973       -2441.1929870166946     
         229   4.7797771088541676       -2456.8491054020901     
         230   4.8324747273845574       -2455.3584129506039     
         231   5.0184744305451190       -2435.7169016585112     
         232   4.9349308171817903       -2447.6588982671619     
         233   5.2700015100219204       -2412.4207554450254     
         234   5.3308737039000214       -2400.8594404153496     
         235   5.6106133531671549       -2363.2464582193329     
         236   5.0287386306843000       -2424.4656311584758     
         237   4.8537268206705004       -2456.0240853885266     
         238   5.1500253367451663       -2416.5078722656031     
         239   5.6380153104897044       -2359.8216603742230     
         240   5.4086012781297441       -2390.1343385262649     
         241   5.1994319833043185       -2416.5968027666959     
         242   4.9620887843324333       -2442.5467601578839     
         243   4.9443545611887689       -2443.5391119292608     
         244   5.3236340195513101       -2398.3014465831066     
         245   5.2075319987989008       -2412.7650010208831     
         246   5.1504719139486497       -2413.9182182565078     
         247   4.8029729037143820       -2455.6220089915146     
         248   5.0404707432551881       -2428.3300399008413     
         249   4.8580759855825413       -2443.5853248731937     
         250   5.2509785634065018       -2413.1058278100850     
         251   5.1234570917760944       -2419.4440480579756     
         252   5.1627626738948535       -2413.7225355867427     
         253   5.4906198545021301       -2370.7141473447637     
         254   4.8876174280920850       -2441.0274418416661     
         255   4.9284731507315556       -2440.9653298041208     
         256   4.6814983280098623       -2473.8634659677850     
         257   5.2740068288366029       -2399.5840443774923     
         258   5.4749866949015740       -2372.7396215098938     
         259   5.3561622574481653       -2384.5172967419298     
         260   5.4976257992606179       -2375.8392179513858     
         261   5.4252054577054167       -2388.0883354733428     
         262   5.2248004251678388       -2402.9992178946209     
         263   5.2980670403834207       -2400.9209978135127     
         264   5.5592975944082195       -2370.4408468722881     
         265   5.2852636892022495       -2392.7567263471728     
         266   5.5504187148125599       -2353.1961437457876     
         267   5.2897030674515246       -2389.8616122314047     
         268   5.3951854283982428       -2377.7783671567909     
         269   5.5089605072888599       -2368.8955907285053     
         270   5.3955815678369596       -2383.6510183759701     
         271   5.6531034093210355       -2361.1770769409382     
         272   5.6981946782656028       -2357.3393042966823     
         273   5.7629393168606171       -2350.5867218007302     
         274   5.4350955164437131       -2386.1249038265237     
         275   5.2664534277734738       -2404.5098321066766     
         276   5.3980191369771511       -2393.3036253658961     
         277   5.2448023981510037       -2410.0223437545915     
         278   5.4800604985360017       -2372.6293349951447     
         279   5.1805044105411291       -2409.4780954104567     
         280   5.1982283068212212       -2411.0006500502077     
         281   5.2234004116207124       -2404.5410621180395     
         282   5.5460928809514733       -2367.0855766942527     
         283   5.6008462726275585       -2350.8215060690809     
         284   5.7388802822686866       -2327.8782704918863     
         285   5.5986621036098541       -2353.2106836358603     
         286   5.2866420017060900       -2399.0555810131204     
         287   5.3354266971537712       -2392.5888757967555     
         288   6.0073835661940667       -2317.9408970648101     
         289   5.6264118098501505       -2364.0755099839471     
         290   5.3987967290111438       -2386.5890198035609     
         291   5.7739766686044369       -2347.2055471294225     
         292   5.9521969316462933       -2323.2904908887454     
         293   5.6180540147379574       -2361.8533383061595     
         294   5.0318228200710724       -2430.5420112606967     
         295   4.9032187852099067       -2435.8668905638956     
         296   4.7869385241822595       -2453.7584080995543     
         297   4.8262651855454521       -2449.4810280394058     
         298   4.7435299701786491       -2454.8077757488859     
         299   5.0557188376163200       -2426.2882776336778     
         300   5.3620506784752919       -2390.1454869304353     
         301   5.2551575032462576       -2403.4225156625293     
         302   4.8414613549348466       -2452.9240873421450     
         303   4.9844339045990456       -2439.8759844890615     
         304   5.4605525381493507       -2387.7220450493173     
         305   5.4913244747656496       -2389.7843689074330     
         306   5.7237680111759346       -2371.1542003104073     
         307   5.8849798163923293       -2344.6995895559107     
         308   5.6738871398907005       -2368.2337212815355     
         309   5.7214858074682358       -2370.5203681942658     
         310   5.6077938632187898       -2371.7010101162382     
         311   5.2283271875100503       -2412.4193397252529     
         312   5.2884340539113825       -2404.3549595628283     
         313   5.3751884763657714       -2395.8828936029945     
         314   5.4860145321290332       -2375.8902622956712     
         315   5.4775440733679552       -2388.7506398704081     
         316   5.0855355329542338       -2435.7334670899018     
         317   5.0781461685280220       -2433.5182908186143     
         318   5.1502327589952337       -2415.7013307636817     
         319   5.0730383770534555       -2427.5253990557444     
         320   4.7935772215096488       -2465.2763166085474     
         321   5.0529726988393140       -2429.2184932924652     
         322   5.2562461289470424       -2408.0750557605274     
         323   5.5173772505975638       -2384.4247781945123     
         324   5.5285060834348965       -2383.7391407524292     
         325   5.3215242911547360       -2397.9259851174961     
         326   5.4753118441415474       -2383.8313447399933     
         327   5.4605936826652570       -2384.9833476528538     
         328   5.2592837559733994       -2398.9771248781894     
         329   5.5780120152934884       -2361.2181682194037     
         330   5.6313903427027903       -2360.8021663540148     
         331   5.5921512596106719       -2361.2689434584495     
         332   5.3261477231236309       -2396.3690590547230     
         333   5.7766184167451513       -2346.5585704905338     
         334   5.4756701822308678       -2381.7404224439670     
         335   5.3602897173204909       -2394.9508506088587     
         336   5.1507795702206991       -2424.6893535776208     
         337   5.3935026110287154       -2390.7363202537454     
         338   5.3019413985115289       -2408.0315242264110     
         339   5.8133583525714432       -2345.3484915477970     
         340   5.5237916257446766       -2370.1623982071446     
         341   5.1240775307962281       -2413.2489588550616     
         342   5.1972910564093358       -2402.5118797122327     
         343   5.5385281096848260       -2356.7668053913421     
         344   5.3982299845052903       -2381.4249056298736     
         345   5.5503152440531505       -2357.5913703135916     
         346   5.4806904162807957       -2366.4903097021879     
         347   5.1417953559845682       -2405.8545798339392     
         348   5.1814057101099937       -2406.5365623133316     
         349   4.7381972744163008       -2464.0300264285697     
         350   5.0626934940041330       -2418.4875070663147     
         351   5.4026076603684636       -2379.7138696470452     
         352   5.3059113777394256       -2390.3627210313734     
         353   5.1652283564201156       -2412.2069073206590     
         354   5.0239718035071501       -2431.1139668654723     
         355   4.9092326456583137       -2450.7361922763321     
         356   4.6316867433770774       -2482.5218244259327     
         357   4.7506808270697629       -2476.9113113734606     
         358   5.0613843958869840       -2439.6771660706549     
         359   4.9173593361035692       -2458.1038052547146     
         360   5.3279899867856102       -2402.8289495937270     
         361   5.3867589595854444       -2396.7499518819764     
         362   4.8624992527374520       -2455.6805179218036     
         363   5.0168951375517175       -2443.1905804086055     
         364   5.4904919038550268       -2391.0265948752453     
         365   5.3032327528971237       -2412.5557389591045     
         366   5.1229938635450978       -2430.7733779512228     
         367   5.0758596070216093       -2441.2086638114756     
         368   4.7566852049753390       -2469.1324248922433     
         369   4.7645293635223123       -2476.6852022258599     
         370   5.4226043372736719       -2400.0647660324776     
         371   5.1330983447847469       -2436.3984736954571     
         372   5.1523525629324283       -2423.9609254085080     
         373   5.1747950520164334       -2414.3732227292244     
         374   4.9611836909413842       -2439.7805829603999     
         375   5.1401261093341670       -2415.4229931511322     
         376   5.5051255282084384       -2374.9341793090966     
         377   5.2675706628436672       -2407.2153971946987     
         378   5.3817295768554576       -2394.9541799993285     
         379   5.5184673536879298       -2375.6503836521970     
         380   5.7774134752023834       -2346.8971655406431     
         381   5.4550169359074623       -2384.4434189932981     
         382   5.1169014626848099       -2431.4668371667249     
         383   4.9188444344673794       -2445.8187630059238     
         384   5.3464814957049516       -2399.5757208555369     
         385   5.2151531483232958       -2415.4325841216914     
         386   5.1995418935524693       -2426.4802939979600     
         387   5.1295650887108390       -2433.6856010860756     
         388   4.7401842393679949       -2477.0803881594652     
         389   5.3732646564585007       -2400.7788152911744     
         390   5.3517393532980790       -2398.3237804993310     
         391   5.2205082819116395       -2406.8982548606482     
         392   5.2623358164443843       -2403.8197072457133     
         393   5.4390507098324399       -2387.5189125147117     
         394   5.7775439578118775       -2352.8628655198372     
         395   5.7849697756006382       -2358.0773247725406     
         396   5.3101019001222500       -2403.4421306893819     
         397   5.5242096664493321       -2376.9284271509014     
         398   5.3397720492202883       -2407.3086910845818     
         399   5.6407312387649284       -2374.9694974644485     
         400   5.6558804892554679       -2370.0924460704446     
         401   5.6535845202929789       -2367.7094007524288     
         402   4.9914768258718567       -2439.8810865500905     
         403   4.9789911665311966       -2439.9971770176976     
         404   5.2322428388555569       -2406.5551265350664     
         405   5.2302091331417397       -2417.1540852707494     
         406   5.4671212548465622       -2387.5170071823677     
         407   5.7143640600833265       -2354.9320001294263     
         408   5.5787139482371426       -2367.9855438201657     
         409   5.6422466990359066       -2353.2817852699131     
         410   5.6613392017777713       -2347.0821755163010     
         411   5.7741254858278204       -2339.2185316328146     
         412   5.1873182698733000       -2401.6670568471141     
         413   5.1293643379398368       -2421.2238403034939     
         414   5.0217101459109976       -2431.6061398705529     
         415   5.5552663385730234       -2362.4028199289173     
         416   5.6786196151333552       -2359.0115587348828     
         417   5.9388102872789794       -2324.9298534845993     
         418   5.9226529383942665       -2324.6280609021933     
         419   5.2489856105367902       -2410.7324675141526     
         420   5.5906673510708274       -2367.2410231314075     
         421   5.2542538794894966       -2412.0529964602160     
         422   5.6131940809804490       -2366.2396315996516     
         423   4.9805378178125768       -2432.7240419080695     
         424   5.3093126277332825       -2398.8145071206641     
         425   4.8668478416285019       -2444.7349306808269     
         426   4.9268484346230874       -2439.5256254983105     
         427   5.0813304862415443       -2412.9987694043966     
         428   5.1056032587605795       -2423.2937337870731     
         429   5.3581060945151293       -2395.0645889610528     
         430   5.4029033193303881       -2387.2963482158380     
         431   4.8791818638007296       -2446.3639113575396     
         432   4.9147588518733851       -2439.1926538943558     
         433   4.8883929220480731       -2444.5102359376515     
         434   5.0231690815488186       -2434.9048829111784     
         435   5.3462840925117945       -2389.2894288941479     
         436   5.3437066283910593       -2390.5668178284345     
         437   5.1747067136617968       -2408.6409721071891     
         438   4.8134352366107844       -2449.6150970503068     
         439   4.6705421050837312       -2472.1423204142288     
         440   5.0427393473961200       -2428.0031779283781     
         441   4.6999795289107009       -2456.8724379495820     
         442   4.7213014318968778       -2463.1213137331165     
         443   5.1097596572314465       -2410.5659504430519     
         444   5.6304021540349254       -2355.9385687394379     
         445   5.1173431503839826       -2415.0368849961678     
         446   5.7449253579893433       -2340.6977310704697     
         447   5.1379975584729607       -2416.2901564289814     
         448   5.2443948113120893       -2407.3838570750731     
         449   5.3660017291545792       -2393.7909864192884     
         450   5.0935384960727443       -2425.3968159548581     
         451   5.1638337318937388       -2412.0697429282823     
         452   5.4217650732340008       -2378.4728617727783     
         453   5.3759058926303158       -2395.6601107090332     
         454   5.3179129213372285       -2404.7764258695797     
         455   5.5148945627036383       -2379.3914159087235     
         456   5.8259239025561289       -2347.7468345910897     
         457   5.3009500325913592       -2409.5679829493092     
         458   5.8116600231053468       -2344.2961807393281     
         459   5.5927800988862835       -2369.7215971322789     
         460   5.4944245027754608       -2385.5323443550374     
         461   5.2767554259585872       -2406.7573972081532     
         462   5.7408972765431656       -2350.5783672955713     
         463   5.5348757364899654       -2380.8272135367160     
         464   5.2836009399002037       -2405.7465393455036     
         465   5.6581573654921975       -2360.1589706033365     
         466   5.4615086644007267       -2387.5661502737098     
         467   5.8926230644598263       -2345.9710567288371     
         468   5.5861505157162146       -2375.4017622018114     
         469   5.5107771255836493       -2389.0557424844624     
         470   5.6424170440102710       -2365.2430376433867     
         471   5.6134001987753468       -2388.5332076148343     
         472   5.9462673051557910       -2348.8738560617130     
         473   5.7507779317438743       -2367.9003540851527     
         474   5.5949418105830127       -2378.6109056117130     
         475   5.3466520128917772       -2398.9597707708099     
         476   5.0916624836630362       -2423.6718600593558     
         477   5.1241653130830649       -2430.0142325293032     
         478   5.3467129043775312       -2405.9278915116738     
         479   5.0067450762072863       -2439.4048234091229     
         480   5.2273899790192484       -2416.0345928286774     
         481   5.1366584953667278       -2416.6718369171936     
         482   4.8908616048495226       -2456.5756478125841     
         483   5.1115016093066163       -2441.2688319730842     
         484   5.1474838474531968       -2438.8412104660520     
         485   6.0169540549885294       -2334.7838890374574     
         486   5.9034564139317212       -2350.5330689067064     
         487   5.9095681693612967       -2337.2796768296184     
         488   5.8581546197397110       -2346.4011093823256     
         489   5.6586414428000626       -2368.5325884443378     
         490   5.5690355586967293       -2377.3334659212605     
         491   5.5535392486822754       -2382.1705075562895     
         492   5.2989531542737467       -2409.1617043753213     
         493   5.7496763277295972       -2360.8583947781735     
         494   5.5882531590538029       -2388.6977167236760     
         495   5.3527155826708732       -2410.6663955397180     
         496   5.2073631558329403       -2434.5302952525872     
         497   5.2300588403186570       -2413.5915765941691     
         498   5.4653094663000896       -2389.2625622758292     
         499   5.4001261684185344       -2399.8722345696146     
         500   5.5770676375507957       -2383.8843008461931     
         501   5.7660827429729800       -2373.3312850473071     
         502   5.8729728396871899       -2360.7486011989986     
         503   5.7401220577056584       -2371.8304847870477     
         504   5.8503365593270829       -2357.2268508985694     
         505   5.3282242560570197       -2420.4002007495142     
         506   5.5294343738998855       -2390.6774677099311     
         507   5.4665025223478896       -2403.5361777207540     
         508   5.4340281332249685       -2398.5428541165752     
         509   5.5522875205135200       -2387.4141776470005     
         510   5.3818744537177636       -2409.4234656181625     
         511   5.1151078180471377       -2436.0719128944388     
         512   5.6183916640386666       -2387.8124765722682     
         513   5.0875110888696415       -2452.5494613110254     
         514   5.4934721126346471       -2402.3219023110419     
         515   5.4824984702985180       -2400.8677140177610     
         516   5.5284933763666668       -2389.9602405018950     
         517   5.3530755944492157       -2417.6752000475176     
         518   5.1905861092301357       -2432.1006891957099     
         519   5.1786108244213391       -2439.7984416375289     
         520   5.4696720479306453       -2402.2819802208069     
         521   5.3877444596390944       -2412.6511923787407     
         522   5.5934001829604085       -2392.9003183035647     
         523   5.7908429938106813       -2364.7774116436212     
         524   5.5153879307573206       -2399.0834695691715     
         525   5.2997382388143173       -2418.8680750540079     
         526   5.5344344974868527       -2389.2258551155023     
         527   5.1953593693709763       -2425.0124805482574     
         528   5.7050209698081460       -2366.5435415500951     
         529   5.3156747771383959       -2418.5671101539801     
         530   5.3669081108547267       -2416.8955545402891     
         531   4.9583826991315476       -2465.0097907905761     
         532   5.3001133686732498       -2411.5070225544896     
         533   5.3426247375615112       -2402.2267064846474     
         534   5.1595306559706806       -2424.8371749165394     
         535   5.2558561415292768       -2411.3954854221838     
         536   5.4172450161402850       -2398.6153826416107     
         537   5.3386750485357588       -2402.7698753798236     
         538   5.1310758604882238       -2424.9809386576107     
         539   5.0046664527800111       -2429.1504355129705     
         540   4.7551758621643838       -2462.2050238123134     
         541   5.2416736618997852       -2409.6758681857054     
         542   5.0733445002906912       -2428.8802377288671     
         543   4.8518327414463105       -2450.8963841803557     
         544   4.9275829506951361       -2447.7130861425444     
         545   5.2393636860918367       -2408.4942945603939     
         546   5.0938010783527599       -2431.3522744892066     
         547   5.3170497523490692       -2409.5132045340210     
         548   5.2611503045581536       -2410.7095868857523     
         549   5.6902764432187780       -2350.9086211716976     
         550   5.3526476021765372       -2398.4496695466728     
         551   5.8187476035453773       -2341.3857774789731     
         552   5.4360015512852584       -2389.7454205471163     
         553   5.5664301600504125       -2380.3091596763538     
         554   5.2737338784907664       -2417.3422220310040     
         555   5.6005878065805863       -2377.1146317042885     
         556   5.6529073649994022       -2373.0874982069713     
         557   5.6490241602036786       -2371.7455832509895     
         558   5.6915021802346732       -2361.5217195152400     
         559   5.7816761676289872       -2360.9713247214600     
         560   5.5459309653701290       -2371.1733551893512     
         561   5.7874219414279597       -2349.8449942457673     
         562   6.0191681458189148       -2321.7108265760676     
         563   5.7214949491302534       -2366.5012265899886     
         564   5.6188482060346203       -2371.0210902003450     
         565   5.4181908029077341       -2389.0897997555644     
         566   5.2761972288912258       -2404.8950064585433     
         567   5.4972461439382467       -2375.9951152639228     
         568   5.8383632565981056       -2336.2343019296191     
         569   5.9600308607636663       -2333.4586117001832     
         570   5.5633351793264687       -2377.5956954523081     
         571   5.5160824594010194       -2378.9036372251758     
         572   5.4742342946996008       -2384.6577284935734     
         573   5.8521251073779155       -2345.3746321608751     
         574   5.7462971004244849       -2352.4916122440072     
         575   5.4132559480255225       -2393.6271023868630     
         576   5.3592586223417573       -2401.9107440131529     
         577   5.0819318878136812       -2428.7791940978618     
         578   5.1502615234734463       -2415.9693105438596     
         579   5.1736972724546924       -2414.3615579170646     
         580   5.4759513602616110       -2382.2495391376829     
         581   5.1566133356972337       -2418.0616303713100     
         582   5.2189818588205892       -2398.8615034990221     
         583   4.7625303553324763       -2449.9648234270576     
         584   4.8712491497819599       -2446.7556807783581     
         585   4.7206265890781616       -2460.1782279250092     
         586   5.2629552479692396       -2405.3558452469410     
         587   5.6387111116041204       -2361.6520111251180     
         588   5.5708348716929947       -2356.4156341101229     
         589   5.6593202505085412       -2351.8058987276249     
         590   5.9972728886810085       -2323.5352774571561     
         591   5.8039334553254260       -2340.7491715054093     
         592   5.9106748032515526       -2334.8000603547880     
         593   5.5885252226127893       -2365.2050676142644     
         594   5.6421815578728065       -2360.7573605357215     
         595   5.0820582104176051       -2424.2312495829501     
         596   5.2802042227836736       -2398.3441197528750     
         597   5.0266692658705132       -2433.1617125047319     
         598   5.8787705724098487       -2330.2530818374462     
         599   5.7355614374847654       -2352.7877632810059     
         600   5.8781548449857937       -2336.9170382841230     
         601   5.4624466218193604       -2383.8139172906422     
         602   5.0993879105389937       -2421.5622935559977     
         603   5.5266048661390652       -2372.6025503116939     
         604   5.4204321213181537       -2380.0261662032449     
         605   5.1156689631892380       -2413.1288013322983     
         606   5.1840186401603052       -2408.6836651447647     
         607   5.1429178369158546       -2415.5827122922256     
         608   4.6868287672161255       -2464.9728173951858     
         609   5.1310884763617732       -2413.2563636509503     
         610   5.4121822819914627       -2383.7937510221800     
         611   5.2946744871759019       -2401.1779986223164     
         612   5.1134946055729955       -2419.4239896053073     
         613   5.1384607023591222       -2418.0578639438731     
         614   5.2951555554239516       -2411.0876020252908     
         615   5.3307454808987007       -2409.9298938598818     
         616   5.2960668672111719       -2414.8415804379952     
         617   5.3499775676031671       -2407.4583780475559     
         618   5.8368477477206966       -2352.4543526652806     
         619   5.5334587300566298       -2393.0157365306613     
         620   5.5192017158592339       -2401.0958823594460     
         621   5.4965630004933388       -2401.4028194758494     
         622   5.6059181918921208       -2381.1313556270011     
         623   5.3919078990153526       -2395.8740028612951     
         624   5.8007673301893448       -2349.3924891612469     
         625   5.7741752953107586       -2344.6552830701203     
         626   5.6556124208722807       -2361.6187445314827     
         627   5.5976844468559630       -2373.4427395773992     
         628   5.6367591898096236       -2368.4610201242590     
         629   5.5757796974826732       -2378.9402524687275     
         630   5.4782921858193454       -2391.0722105856225     
         631   5.4556660731503470       -2398.2355750841821     
         632   5.6709364882424129       -2371.6989294818272     
         633   6.3607323412077363       -2281.9728158672224     
         634   5.3821681104213397       -2390.0852598775173     
         635   5.1069821594784486       -2416.2546934425118     
         636   5.1319613794654817       -2413.0779095306807     
         637   4.7831518023664437       -2458.1188269485883     
         638   4.8355951559726478       -2440.9442668651564     
         639   4.5041364009105287       -2487.8987587325305     
         640   4.9897570391854931       -2431.3563148058561     
         641   4.8385043088006743       -2452.5172992148564     
         642   5.1015723459556686       -2417.3413254567049     
         643   5.3677869710115029       -2386.7648315540314     
         644   5.3841940345491910       -2382.8600938510085     
         645   5.1767000937593970       -2406.5029115398065     
         646   4.9488320689477803       -2436.3330386791727     
         647   5.5828243028207183       -2371.4818972297712     
         648   5.4804855928448735       -2382.2688288581812     
         649   5.2461196781386032       -2407.2985442302397     
         650   5.3778640103586621       -2394.0490624952827     
         651   5.4496427903271591       -2385.2873204862858     
         652   5.6152374947581123       -2376.1599477859795     
         653   5.6883389816264458       -2364.8171137869708     
         654   5.4504527354168228       -2388.1553788833285     
         655   5.1777439967028034       -2423.7977977019718     
         656   5.7498947819956658       -2366.5725467113393     
         657   6.1007451600882501       -2320.5971036669343     
         658   5.3198225194246067       -2418.8531597800188     
         659   5.8017800948084144       -2366.6146680473207     
         660   5.7042625369685034       -2371.1222118057403     
         661   5.3902893072486382       -2397.7151999792018     
         662   5.5608671344164229       -2368.5364098140722     
         663   5.6351216840741998       -2363.7075276766545     
         664   6.0203515186926175       -2324.1591054364799     
         665   5.8245260344294998       -2341.9354201959577     
         666   5.3785667305602907       -2402.6944510759331     
         667   6.0626958672895217       -2320.9525856425334     
         668   5.7214328855192065       -2355.2628852883904     
         669   5.5424038852411446       -2374.3893550611838     
         670   5.3458333682874120       -2406.7649805791539     
         671   5.1742847049120630       -2416.7756087468410     
         672   5.3183868385249529       -2402.7715883118458     
         673   4.8192199391565431       -2462.6103207812398     
         674   4.8389877743213869       -2456.5939567664882     
         675   5.4808069101467591       -2382.2827175932657     
         676   5.0805811148534747       -2427.7781584222053     
         677   5.0498656000228159       -2418.9348425599123     
         678   5.0512283505816935       -2419.8251093742456     
         679   5.0470298485150700       -2425.7610850040073     
         680   5.3601148967328687       -2384.1106353651426     
         681   5.1828880653147849       -2409.2893837225051     
         682   5.2339716114345478       -2412.4797963720011     
         683   5.3158958352651666       -2395.7743492207078     
         684   5.9433130978910782       -2319.9264853469481     
         685   5.3970248727355479       -2391.0678896988147     
         686   5.7804148534805471       -2352.0296406199059     
         687   5.6417802565596737       -2360.4455068961120     
         688   5.4298960206713556       -2378.8455282384275     
         689   5.1722573985271083       -2406.0616250371868     
         690   5.0780535040876789       -2409.9734777412373     
         691   5.1471790111604587       -2409.4153285625089     
         692   5.1093306987734817       -2413.1321697441585     
         693   5.0292195975362510       -2428.6386822855279     
         694   5.3763319053138705       -2381.8301035559884     
         695   5.1642571207227306       -2418.2168738620280     
         696   4.9641920894717266       -2442.0209819806450     
         697   5.4409203261536767       -2386.2528098325420     
         698   5.4873260124269034       -2375.6400833611060     
         699   5.1948882464401844       -2415.5874067442205     
         700   5.4256274093414305       -2390.2343516442606     
         701   5.3128815095819384       -2404.8184776849057     
         702   4.8677891912747029       -2456.3492393192719     
         703   5.4307558872293047       -2396.5460859825248     
         704   5.9549092719325039       -2338.3605332712955     
         705   6.0579880783128086       -2322.7458163246934     
         706   5.4387501700691327       -2379.9705538825756     
         707   5.0209605710933847       -2428.4516154622106     
         708   4.8676619448758824       -2450.0851450628602     
         709   5.0427601103706294       -2422.5990973277771     
         710   5.0028001032622758       -2431.8573920848835     
         711   5.1070293172950549       -2423.5703683068896     
         712   4.9373633749947281       -2442.6924625545353     
         713   4.6370019531756999       -2485.4589666227639     
         714   4.8716940630902705       -2461.0753133034386     
         715   4.9694044234637520       -2446.9252583982534     
         716   4.6597382680243662       -2478.0095882855635     
         717   4.8238752410675048       -2455.1210929183476     
         718   4.6145584189638935       -2480.4552536817810     
         719   4.8542320361918989       -2447.3271798863420     
         720   4.9773764160815794       -2442.4297087852592     
         721   5.5804846110753719       -2365.6418543063955     
         722   5.6008798732778580       -2370.7841663350764     
         723   5.4148173547179237       -2396.7372790576906     
         724   5.2821106153113604       -2409.9611127813714     
         725   5.4572178777167490       -2386.5717735523444     
         726   5.6164717842760066       -2365.4176287426790     
         727   5.6424159349035339       -2371.5767936848843     
         728   5.2589620737565141       -2406.2201492999325     
         729   5.1367895552939817       -2420.0553404541365     
         730   4.9184248313750167       -2452.7904746889162     
         731   5.0505423658685267       -2436.3864896650271     
         732   5.2206257082017498       -2412.8788369233389     
         733   5.2610218442722498       -2411.1676678175663     
         734   5.2843455934610635       -2404.8222748133253     
         735   5.7909561727533223       -2348.1816550283879     
         736   5.6729139761740424       -2364.5652050686767     
         737   5.3657962220075781       -2397.3300933720798     
         738   5.4235832554769114       -2390.1829012406843     
         739   5.2904392071483279       -2405.1977727289691     
         740   5.1009002600090572       -2428.2230833702756     
         741   5.0827531276570319       -2429.0660709404819     
         742   5.1205457139155950       -2425.1283769958368     
         743   5.2904089300904573       -2404.5287727298141     
         744   5.9760198855498281       -2319.3786967447340     
         745   5.7237911527623506       -2342.7647562633692     
         746   5.8316276746693134       -2331.1080924699604     
         747   6.0486415226530639       -2305.7619289312070     
         748   5.7746373868732572       -2345.4972539319106     
         749   5.7636563470548019       -2347.4495020092968     
         750   5.5366975998529107       -2366.3265891078772     
         751   5.4224579491186748       -2385.1424851610841     
         752   5.8410959581629740       -2332.6434740068094     
         753   5.9150349616940492       -2323.6454606588081     
         754   6.1809381347869543       -2293.8115130311080     
         755   6.0103303126929593       -2320.7860620983465     
         756   5.5966423132490934       -2369.6396499317352     
         757   5.8567344764212113       -2327.9607010792342     
         758   5.8220584645099773       -2334.4681048878642     
         759   5.9962469609049016       -2312.6291075491308     
         760   6.1012467663866250       -2305.3951115483878     
         761   6.1685227453060669       -2300.0365303878598     
         762   5.7780285511303955       -2334.5773261299623     
         763   5.7049221687259219       -2355.6442967365415     
         764   5.6331390351539739       -2363.9047907545319     
         765   5.8034015644251564       -2349.0095549182124     
         766   5.7872213499289522       -2352.5444254418403     
         767   5.7437377250016599       -2355.4041136229052     
         768   5.3332874183722563       -2396.7324385202860     
         769   5.3935162077480570       -2380.0385411844404     
         770   5.5317675491798770       -2366.6517986532394     
         771   5.5725393240154997       -2369.2239085415813     
         772   4.9269189920187770       -2451.9326920744088     
         773   5.3468262730218399       -2397.5127276636217     
         774   4.9143081395022126       -2443.0223893458601     
         775   4.6971341315875677       -2469.5775014518335     
         776   4.7371892593140910       -2461.9559123962108     
         777   5.1978205385054217       -2415.0068256518380     
         778   5.4729679799425419       -2380.6047682329631     
         779   5.5027863881220807       -2373.8255113478349     
         780   5.5569236024740789       -2372.5457525674819     
         781   4.8638971589296478       -2451.6652194813378     
         782   4.8865735937078263       -2446.7861713962111     
         783   4.7998381233099128       -2457.0768103554742     
         784   4.6325188831423620       -2487.1814694531859     
         785   5.2543387778745849       -2408.2537099553883     
         786   5.4205514201715328       -2396.9175037746554     
         787   5.2459553670771371       -2415.0376316171937     
         788   4.9345495599634592       -2445.7031157548781     
         789   5.3907452647749192       -2382.5922962417590     
         790   4.8689042647133061       -2447.5354274134579     
         791   5.2968523353691257       -2408.4675394075512     
         792   5.3780214361893304       -2390.8822980082059     
         793   5.6510892713637695       -2355.8344717228488     
         794   5.7316458846458840       -2349.1860676757151     
         795   5.7288226613627256       -2346.2372120246891     
         796   5.6357385343564239       -2360.2173461112502     
         797   5.5160164772844169       -2375.0958155220296     
         798   5.1773016896930670       -2412.9901650003253     
         799   4.8866836505628832       -2447.0608499238629     
         800   4.9261124616328900       -2444.1216317096714     
         801   5.3191738329774285       -2396.5300211574695     
         802   5.9733725563492968       -2307.2078201125391     
         803   5.3518783291064036       -2387.3304374960599     
         804   5.4220027629356942       -2382.5724088877423     
         805   5.4348006867040155       -2375.4291839565053     
         806   5.0537261358126475       -2420.7085033826165     
         807   5.1337833243440585       -2421.5462435848858     
         808   5.6173424631800959       -2356.1430446395971     
         809   5.3509904326270199       -2394.4928044375361     
         810   5.1365539352549323       -2422.3306249440993     
         811   5.0116629199322258       -2425.9686339071604     
         812   5.3036568305449556       -2396.0967599192945     
         813   4.8857348938173022       -2443.9144459689642     
         814   5.0433978855049766       -2426.9515878681195     
         815   5.3452832179156520       -2384.1363224043030     
         816   5.0607124722802705       -2423.3428144169216     
         817   5.1933351653750162       -2411.6505851390184     
         818   5.7064964198153660       -2351.4907728138969     
         819   5.3233116454641820       -2393.6065106438555     
         820   4.8342941820848822       -2441.9589492167879     
         821   4.4971910169515166       -2485.5292149273996     
         822   4.7067128576920716       -2460.8473950832090     
         823   5.1403413023239946       -2414.4416966615850     
         824   5.1478724612654609       -2417.7367749827290     
         825   5.0160880921953677       -2434.1088945790602     
         826   5.1465445913451138       -2420.9517016216269     
         827   5.2997753430628194       -2398.3603509694126     
         828   5.3533969140545015       -2390.5154156537196     
         829   5.6979513561689377       -2351.2597952777214     
         830   5.9045497663223934       -2333.0059563446634     
         831   5.3235404054921691       -2398.3870504103152     
         832   5.7045340031392815       -2354.0685448123309     
         833   5.5934999802524956       -2369.9101565328483     
         834   5.3849936853261973       -2396.8738842777111     
         835   5.3361384462479222       -2403.6078351667393     
         836   5.9045763088186263       -2324.7285875498847     
         837   5.8728692788099810       -2334.5942757659691     
         838   5.9575766177382032       -2314.7753775495480     
         839   5.7236407979757811       -2355.3260729458643     
         840   5.2106292924342572       -2410.0206601469436     
         841   5.5314991470246717       -2368.6876784662982     
         842   5.3816823335410469       -2389.6950431065848     
         843   5.2767333858358594       -2404.4696376557581     
         844   5.2571391311412423       -2400.2193762174829     
         845   5.4673129259524362       -2378.9234215758679     
         846   5.6456304563007755       -2352.9755018324427     
         847   5.1371830356014971       -2423.2415274010714     
         848   5.5623775644535929       -2375.9120571163762     
         849   5.5841375727362230       -2375.0591605773625     
         850   5.0501064318741538       -2435.8053053731219     
         851   5.2462752711918625       -2409.2358034940835     
         852   5.1359433137020556       -2425.9927825743507     
         853   5.1212413784969915       -2421.4891292931375     
         854   5.6456648902861666       -2360.3077649048423     
         855   5.3331928293165127       -2397.1868182590351     
         856   5.0874647751274313       -2421.0789234304489     
         857   5.2738776125127487       -2394.3104729492125     
         858   5.5552190836082538       -2366.2985972779552     
         859   5.5171281939299988       -2370.9658415914632     
         860   5.3633658452631572       -2387.4602073480146     
         861   5.7595477094445826       -2348.1046957673971     
         862   5.1497548725088595       -2412.0947515991479     
         863   4.9485391183458880       -2438.4502917744971     
         864   4.9589921023008863       -2438.7395611749380     
         865   4.8687981297913119       -2456.2187131767055     
         866   4.7464721526217168       -2466.3409094168251     
         867   5.1235177472764661       -2434.5956629842658     
         868   4.8638977672168870       -2463.0669200633743     
         869   4.8340952594714039       -2464.6973843705709     
         870   5.0626112831347587       -2426.5381625501791     
         871   5.4638538896582833       -2377.6287147107569     
         872   5.1975863824836477       -2411.1812422008898     
         873   5.4923547379582907       -2376.5867203655625     
         874   4.9345051954706225       -2442.8905905515439     
         875   4.9198287434374670       -2450.2753267556586     
         876   5.3153980496374960       -2402.3818573283697     
         877   5.1950168450330256       -2411.9631386718193     
         878   5.1432461308672455       -2417.0936744070186     
         879   5.2975692902135663       -2387.4584905017309     
         880   5.5081828278371319       -2371.7952606808999     
         881   5.2318005531961997       -2407.9258459068114     
         882   5.0733688724784578       -2425.2031328851886     
         883   4.8143991158828108       -2458.0423657175188     
         884   5.2620509216218530       -2398.5732653918276     
         885   5.2950546755319419       -2399.7987514582551     
         886   5.4352511485549559       -2383.7932652185959     
         887   5.7591450031896976       -2340.7585773090500     
         888   5.7845678766743411       -2348.3467324797848     
         889   6.0647475851627402       -2313.4185702668697     
         890   5.5525580598408819       -2383.8957159288834     
         891   5.5342360226146283       -2376.0155818250778     
         892   5.2909652910055875       -2397.2999563722860     
         893   5.1595961604733844       -2411.4343762153085     
         894   5.1378449158460207       -2414.2677057869173     
         895   5.1170907626434996       -2415.8378403497140     
         896   4.9938022024252842       -2427.4507349048745     
         897   5.1655338399729427       -2407.6551202998007     
         898   5.0297174429956595       -2424.3599605464124     
         899   5.1866908681338462       -2401.1949959338526     
         900   4.6791393927039575       -2464.5052049525684     
         901   4.7122937954938617       -2451.7665346266144     
         902   4.8597130562964157       -2441.0455174113540     
         903   4.7275122723365612       -2452.4792433858943     
         904   4.8209245860210022       -2443.3559198959915     
         905   4.9821785560283622       -2430.0238342893081     
         906   5.1686763032144558       -2412.7776399748523     
         907   4.9020521868304527       -2439.9665670926333     
         908   5.3935604041287100       -2380.3304526304505     
         909   5.4768263506894748       -2373.3327741404255     
         910   5.8262526073865626       -2346.7074900318403     
         911   5.7444793640954472       -2353.2852797423698     
         912   5.7539943032383682       -2347.1291412115029     
         913   5.6977943765220260       -2357.1005434573235     
         914   5.7888208637577883       -2358.0205605719138     
         915   5.8656994912114566       -2340.2350799091996     
         916   5.4474265203742220       -2394.2428441959491     
         917   5.9033632402809388       -2335.0490987041330     
         918   5.6950848422391047       -2355.8347103967967     
         919   5.2834815481524782       -2394.4163045761775     
         920   4.9312263238604608       -2431.2872317696542     
         921   4.8992970668846247       -2439.4301459200387     
         922   5.0915128648629935       -2419.0641686945182     
         923   4.9533864683091036       -2438.8898826986419     
         924   5.1330927349245243       -2413.4266570647997     
         925   4.7680267316135563       -2465.1801856217971     
         926   4.7569098700748800       -2462.9443662957033     
         927   4.9712580107899349       -2437.0665952192321     
         928   5.0203102342098553       -2431.0034753038253     
         929   5.0877777824528874       -2428.2776725315980     
         930   5.6351358346605505       -2366.0140223042827     
         931   5.6674709834346064       -2362.9391683135473     
         932   5.8440703804934184       -2334.2849195614262     
         933   5.5995248480478086       -2355.3214630344196     
         934   5.5217458046402452       -2362.2133816060523     
         935   5.2140157131593305       -2416.7277163106846     
         936   5.2155826099022704       -2414.8095579502001     
         937   5.1221123773195387       -2427.9269776201991     
         938   4.8737564336265518       -2456.3037052831014     
         939   4.7232733192423080       -2472.3412370692067     
         940   4.8446445857499061       -2447.4428377120721     
         941   5.0101846385505482       -2432.9551729213340     
         942   5.0437929686663789       -2427.0397134137197     
         943   4.9059250466424249       -2445.3598677570908     
         944   4.7644064106739599       -2458.7779609781946     
         945   5.3260149332254016       -2398.6198964306532     
         946   5.5435702819106449       -2372.4570166734206     
         947   5.4334473422834488       -2381.6094260179470     
         948   5.4913790119215715       -2366.7789593436701     
         949   5.8431943318407313       -2333.2890629375233     
         950   5.4979021773555132       -2376.5233616214828     
         951   5.6863320241158863       -2346.2586411671105     
         952   5.3730159139697591       -2393.3591816020357     
         953   5.7402281392427668       -2343.3168982058023     
         954   6.0147138804494382       -2310.2613452293035     
         955   5.6292252232113551       -2359.6436616040082     
         956   5.6124858775724231       -2361.1413995372955     
         957   5.6515435305049309       -2350.5339738438197     
         958   5.3501559371070648       -2391.6020196560203     
         959   4.9665697023152422       -2432.2620384287566     
         960   5.1248065762881261       -2407.7918978922721     
         961   4.8061535704084175       -2447.2992213147995     
         962   4.9277806770066999       -2445.2523705939129     
         963   5.4421600496764579       -2383.8345470673021     
         964   5.1016544055992945       -2423.4290158018803     
         965   4.9086227525798218       -2450.2572445111468     
         966   4.9529693660446199       -2445.1991961459939     
         967   5.1040773978345442       -2420.2755002414033     
         968   4.8879508259160094       -2446.4241600484197     
         969   5.2710552057899296       -2402.5254220366651     
         970   4.7623891313918154       -2470.9010556954872     
         971   5.6196080118366805       -2365.9124893726944     
         972   5.9542591574436710       -2332.6311299578906     
         973   5.8461065233561058       -2346.2659953244133     
         974   5.6151734229748591       -2374.4884644454796     
         975   5.8488960876765823       -2337.1114467699799     
         976   5.4757824710236811       -2378.8594180638306     
         977   5.4047728530796419       -2383.9493431348569     
         978   5.0717879095843905       -2422.0669472855639     
         979   5.1973750888408912       -2405.6743607550225     
         980   5.4406500384652858       -2375.2133592369473     
         981   5.3667547799861328       -2381.4316770963369     
         982   5.3000138511221184       -2392.4375080350724     
         983   5.1748440757077354       -2408.5498021115350     
         984   4.9566740717040592       -2437.3841250734326     
         985   5.2877637194573612       -2391.6406918689540     
         986   4.8986351811860729       -2442.2067385077789     
         987   5.2958194189088275       -2386.7643456807546     
         988   5.2492091492163571       -2394.0797325907893     
         989   5.6541856507835089       -2343.6932703097509     
         990   5.0877091179896237       -2417.9313551150708     
         991   5.4993108620964524       -2365.4505889082247     
         992   5.5714115220479652       -2358.8078327773464     
         993   5.1799747390113762       -2406.6737824360816     
         994   5.1914441351664973       -2403.8966641287620     
         995   5.0132724057114313       -2421.6561835520010     
         996   5.0534253980329620       -2420.6518181116494     
         997   5.1463888751005182       -2416.6217283853280     
         998   5.6244380287605207       -2359.5547908017738     
         999   5.4532345579430981       -2377.6682457797124     
        1000   5.5064222229648809       -2369.7361700221736     
          48           0  0.80527437834870996     
